-1






4

4
0 7 5 3 9 0 

4
0 1 12 4 6 0 

6
0 10 13 11 8 15 14 0 

1
0 2 0 

7 0.842375 1.275708
5 1.605838 1.805838
3 2.897218 3.047218
9 4.309168 4.625834
1 0.874026 1.257359
12 2.284722 2.484722
4 4.484777 4.618111
6 5.780870 5.847537
10 0.486024 0.852691
13 0.936364 1.150000
11 1.594217 1.744217
8 2.541329 2.974663
15 4.932295 5.265628
14 5.486393 5.736393
2 0.000000 0.000000

0 7 0,0.842375,67.389999,99.600613,80.000000,0
7 5 0,0.330130,25.420000,32.704732,77.000000,0
5 3 1,1.091379,63.299999,60.370691,58.000000,0
3 9 1,0.552782,30.955814,24.220706,56.000000,0 2,0.709168,13.474186,15.153047,19.000000,0
9 0 2,0.774166,19.354138,13.445540,25.000000,0 3,0.873646,34.945861,23.284239,40.000000,0
0 1 0,0.374026,28.799999,61.225986,77.000000,0
1 12 0,0.542641,40.698055,73.768989,75.000000,0 1,0.484722,22.781945,26.214692,47.000000,0
12 4 1,1.115278,49.072226,40.031276,44.000000,0 2,0.884777,8.847772,15.100210,10.000000,0
4 6 2,0.781889,20.329123,16.897650,26.000000,0 3,0.380870,17.900877,15.926808,47.000000,0
6 0 3,1.352463,40.573903,31.961464,30.000000,0 4,0.127797,11.246097,29.320607,88.000000,0
0 10 0,0.486024,40.340000,69.248062,83.000000,0
10 13 0,0.083673,8.200000,15.649712,98.000000,0
13 11 0,0.444217,36.869999,57.507486,83.000000,0
11 8 0,0.055783,4.741572,5.773772,85.000000,0 1,0.741329,43.738428,51.651193,59.000000,0
8 15 1,0.625337,26.889511,18.268739,43.000000,0 2,1.332295,29.310490,32.158911,22.000000,0
15 14 2,0.134372,2.015575,1.827210,15.000000,0 3,0.086393,4.924425,4.477553,57.000000,0
14 0 3,1.463607,74.643934,54.847220,51.000000,0 4,0.154396,12.506068,14.294737,81.000000,0
-1

1 0.62 6.38
2 0.37 5.85
3 0.60 5.85
4 0.20 5.77
5 1.25 6.83
6 0.78 6.17
7 0.73 6.27
8 1.42 6.92
9 1.25 7.00
10 0.40 5.88
11 0.20 5.90
12 0.33 5.97
13 1.03 6.67
14 0.92 6.37
15 0.40 6.25
-1
