1






3

4
0 14 2 13 3 0 

6
0 12 4 8 11 9 1 0 

5
0 15 5 10 7 6 0 

14 1.053940 1.170607
2 1.304385 1.471052
13 3.514326 3.897659
3 5.324718 5.741385
12 0.944872 1.483333
4 1.780267 2.213600
8 3.212558 3.429225
11 4.478326 4.861659
9 5.545150 5.878484
1 6.220706 6.670706
15 0.974000 1.283333
5 1.750772 2.134106
10 2.384672 2.684672
7 3.263619 3.346952
6 6.518112 6.951445

0 14 0,1.053940,88.530998,137.089498,84.000000,0
14 2 0,0.133778,12.040000,19.616947,90.000000,0
2 13 0,0.328948,29.276410,37.963831,89.000000,0 1,1.714326,92.573589,101.820927,54.000000,0
13 3 2,1.427059,24.260000,23.595850,17.000000,0
3 0 3,1.458615,48.134311,31.586714,33.000000,0 4,0.590753,43.715687,44.727728,74.000000,0
0 12 0,0.444872,34.700001,86.506437,78.000000,0
12 4 0,0.296933,22.270000,50.928830,75.000000,0
4 8 1,0.998958,47.950001,59.174028,48.000000,0
8 11 1,0.170775,9.221852,9.207235,54.000000,0 2,0.878326,21.958149,28.023807,25.000000,0
11 9 2,0.538341,15.611888,12.432179,29.000000,0 3,0.145150,7.838113,12.621191,54.000000,0
9 1 3,0.342222,15.400000,14.578597,45.000000,0
1 0 3,0.529294,30.169770,32.556753,57.000000,0 4,0.610810,60.470230,208.784747,99.000000,0
0 15 0,0.974000,73.050003,108.779557,75.000000,0
15 5 0,0.467439,38.330002,59.225328,82.000000,0
5 10 1,0.250566,13.280000,13.469154,53.000000,0
10 7 1,0.578947,33.000000,31.583293,57.000000,0
7 6 1,0.253048,7.591427,5.032546,30.000000,0 2,1.800000,50.400000,33.875127,28.000000,0 3,1.118112,35.779577,36.477573,32.000000,0
6 0 3,0.248555,11.930635,8.480395,48.000000,0 4,0.448478,44.399367,67.181519,99.000000,0
-1

1 1.20 6.93
2 1.25 6.87
3 0.68 6.30
4 0.73 6.48
5 1.28 6.95
6 1.45 7.12
7 0.17 5.47
8 0.97 6.50
9 0.67 6.17
10 1.37 7.08
11 0.20 5.82
12 1.32 6.57
13 0.92 6.77
14 0.50 5.78
15 1.08 6.65
-1
