-1






4

5
0 6 4 12 1 13 0 

4
0 2 3 5 7 0 

5
0 9 14 15 8 0 2 

0
0 10 

6 0.676855 0.850000
4 1.252105 1.385439
12 2.274772 2.474772
1 3.693133 4.076466
13 6.321827 6.438494
2 1.752547 2.202547
3 4.400743 4.550743
5 6.207601 6.407601
7 7.100304 0.000000
9 0.000000 0.000000
14 0.000000 0.000000
15 0.000000 0.000000
8 0.000000 0.000000
2 0.000000 0.000000
10 0.000000 0.000000

-1

1 0.62 6.38
2 0.37 5.85
3 0.60 5.85
4 0.20 5.77
5 1.25 6.83
6 0.78 6.17
7 0.73 6.27
8 1.42 6.92
9 1.25 7.00
10 0.40 5.88
11 0.20 5.90
12 0.33 5.97
13 1.03 6.67
14 0.92 6.37
15 0.40 6.25
-1
