1






3

6
0 10 4 5 2 15 12 0 

2
0 8 3 0 

7
0 9 14 1 11 13 7 6 0 


10 0.175765 1.350000
4 1.640357 1.757024
5 2.616289 2.766289
2 2.935944 3.085944
15 4.801748 4.951748
12 5.495407 5.695407
8 0.890000 1.666667
3 3.478778 3.612111
9 1.050286 1.333619
14 1.492476 1.725809
1 2.030573 2.113906
11 2.715646 3.032312
13 3.504761 3.671428
7 4.143094 4.593094
6 5.574745 5.824746

0 10 0,0.175765,14.940000,22.783492,85.000000,0
10 4 0,0.290357,24.389999,35.215485,84.000000,0
4 5 0,0.042976,3.652976,4.448198,85.000000,0 1,0.816289,42.447022,41.152376,52.000000,0
5 2 1,0.169655,9.840000,9.504328,58.000000,0
2 15 1,0.514056,21.076289,14.124142,41.000000,0 2,1.201748,30.043710,26.623355,25.000000,0
15 12 2,0.448252,11.654542,7.993475,26.000000,0 3,0.095407,3.625457,3.402306,38.000000,0
12 0 3,1.237692,64.360001,47.855804,52.000000,0
0 8 0,0.390000,29.639999,58.444938,76.000000,0
8 3 0,0.133333,9.866667,17.371847,74.000000,0 1,1.678778,50.363333,41.691117,30.000000,0
3 0 2,1.543182,33.950001,30.568764,22.000000,0
0 9 0,1.050286,73.519997,113.090563,70.000000,0
9 14 0,0.158857,11.120000,16.086685,70.000000,0
14 1 0,0.074191,7.419055,11.397232,100.000000,0 1,0.230573,12.450946,17.640814,54.000000,0
1 11 1,0.601739,27.680000,29.876115,46.000000,0
11 13 1,0.472449,23.150000,23.169486,49.000000,0
13 7 2,0.471667,14.150000,12.620181,30.000000,0
7 6 2,0.806906,21.786453,14.779494,27.000000,0 3,0.174745,7.863547,7.854389,45.000000,0
6 0 3,1.261020,61.790001,44.389773,49.000000,0
-1

1 0.25 5.45
2 0.68 6.23
3 1.28 6.87
4 0.98 6.55
5 1.22 6.62
6 0.30 5.93
7 1.00 6.45
8 1.38 6.68
9 0.58 6.23
10 1.15 6.40
11 0.83 6.38
12 1.43 7.05
13 1.25 6.72
14 0.70 6.40
15 0.80 6.10

