param:	TIME:	Ts	Te:=
1	0   108
2	108   216
3	216   324
4	324   432
5	432   540
;
param:	NODE:	r	st	WS	WE:=
0	0	0	0	540
1	1872	21	68	406
2	1620	18	52	385
3	1977	22	28	370
4	1455	16	13	355
5	1377	15	40	364
6	369	4	13	350
7	2430	27	51	407
8	444	5	79	405
9	1221	14	55	390
10	1092	12	53	368
11	552	6	50	363
12	513	6	64	391
13	1134	13	25	370
14	1164	13	53	394
15	903	10	63	391
;
param: VEHICLE:	Ch	Lh	Ph	ch:=
1	10000	150	2.2384e-005	2.66374
2	15000	200	1.79961e-005	2.66374
3	10000	150	2.2384e-005	2.66374
;
param q_real:=3;
param	nth:=14;
param	nth1:=15;
param:	ARC:	D:=
1	9	12.230000
1	8	15.250000
1	5	25.450001
1	7	29.770000
1	12	34.020000
1	13	38.540001
1	11	42.810001
1	2	44.049999
1	14	48.650002
1	6	49.959999
1	15	52.250000
1	3	53.150002
1	10	56.759998
1	4	66.489998
2	13	6.230000
2	3	10.290000
2	14	24.190001
2	9	33.650002
2	8	41.410000
2	7	42.950001
2	1	44.000000
2	5	52.549999
2	12	54.750000
2	10	73.769997
2	11	80.971001
2	6	82.559998
2	4	83.589996
2	15	86.309998
3	2	10.270000
3	13	15.880000
3	14	19.280001
3	9	42.619999
3	7	47.860001
3	8	49.889999
3	1	52.970001
3	5	59.570000
3	12	60.709999
3	10	78.830002
3	6	88.519997
3	11	89.400002
3	4	89.550003
3	15	92.269997
4	10	10.200000
4	12	33.959999
4	7	42.630001
4	15	43.830002
4	6	45.750000
4	5	47.270000
4	11	53.220001
4	8	53.259998
4	1	66.570000
4	9	66.910004
4	14	70.879997
4	13	79.620003
4	2	83.919998
4	3	89.190002
5	8	12.970000
5	12	13.860000
5	7	14.550000
5	1	25.360001
5	9	29.620001
5	11	31.340000
5	6	32.599998
5	15	36.349998
5	10	37.389999
5	14	44.860001
5	13	47.090000
5	4	47.130001
5	2	52.599998
5	3	59.619999
6	15	5.280000
6	11	9.880000
6	12	31.020000
6	5	32.549999
6	10	39.939999
6	7	42.320000
6	8	43.540001
6	4	46.099998
6	1	49.139999
6	9	60.189999
6	14	72.910004
6	13	77.660004
6	2	82.550003
6	3	88.550003
7	12	13.800000
7	5	13.940000
7	8	15.870000
7	9	26.840000
7	1	28.910000
7	14	31.620001
7	10	32.820000
7	13	38.349998
7	6	42.040001
7	2	42.459999
7	4	42.549999
7	11	42.919998
7	15	45.790001
7	3	47.599998
8	5	13.330000
8	1	14.990000
8	7	16.559999
8	9	18.540001
8	12	20.830000
8	13	36.340000
8	14	41.040001
8	11	41.341000
8	2	41.849998
8	10	43.570000
8	6	43.599998
8	15	47.341000
8	3	50.119999
8	4	53.299999
9	1	12.070000
9	8	17.889999
9	7	26.860001
9	13	27.990000
9	5	29.030001
9	2	33.500000
9	12	36.320000
9	14	42.299999
9	3	42.599998
9	11	54.369999
9	10	55.950001
9	6	59.299999
9	15	63.049999
9	4	65.680000
10	4	10.170000
10	12	24.150000
10	7	33.020000
10	5	37.459999
10	6	39.869999
10	15	41.959999
10	8	43.610001
10	11	45.369999
10	1	56.919998
10	9	57.299999
10	14	61.270000
10	13	70.010002
10	2	74.120003
10	3	78.510002
11	6	9.820000
11	15	12.440000
11	5	31.299999
11	12	33.290001
11	8	41.151001
11	1	42.970001
11	7	43.500000
11	10	45.400002
11	4	53.259998
11	9	54.549999
11	14	73.809998
11	13	75.801003
11	2	81.310997
11	3	89.440002
12	7	13.680000
12	5	13.930000
12	8	20.520000
12	10	24.150000
12	6	30.969999
12	11	33.270000
12	1	33.830002
12	4	33.889999
12	15	34.720001
12	9	37.060001
12	14	44.950001
12	13	50.669998
12	2	54.779999
12	3	60.779999
13	2	6.160000
13	3	15.800000
13	14	25.809999
13	9	28.090000
13	8	35.849998
13	1	38.439999
13	7	38.619999
13	5	46.990002
13	12	50.419998
13	10	69.440002
13	11	75.411003
13	6	77.260002
13	4	79.260002
13	15	81.010002
14	3	19.530001
14	2	24.150000
14	13	25.719999
14	7	32.310001
14	8	41.509998
14	9	42.820000
14	5	45.230000
14	12	45.349998
14	1	49.250000
14	10	62.250000
14	4	71.980003
14	6	73.330002
14	11	74.209999
14	15	77.080002
15	6	5.290000
15	11	12.760000
15	12	34.779999
15	5	36.310001
15	10	42.040001
15	4	43.840000
15	7	46.080002
15	8	47.061001
15	1	51.700001
15	9	63.279999
15	14	76.669998
15	13	81.419998
15	2	86.309998
15	3	92.309998
0	11	15.290000
0	6	24.590000
0	15	27.190001
0	5	40.810001
0	1	46.259998
0	12	47.450001
0	8	48.171001
0	7	53.599998
0	9	57.840000
0	10	60.169998
0	4	68.010002
0	13	82.820999
0	14	83.910004
0	2	88.331001
0	3	96.600998
11	0	15.550000
6	0	24.920000
15	0	27.510000
5	0	40.950001
1	0	46.200001
12	0	47.750000
8	0	48.460999
7	0	53.110001
9	0	57.759998
10	0	60.410000
4	0	67.970001
13	0	82.530998
14	0	84.400002
2	0	88.091003
3	0	96.570999
;
param:	v:=
1	9	1	73
1	9	2	49
1	9	3	19
1	9	4	58
1	9	5	72
1	8	1	85
1	8	2	42
1	8	3	26
1	8	4	44
1	8	5	85
1	5	1	76
1	5	2	56
1	5	3	12
1	5	4	41
1	5	5	83
1	7	1	84
1	7	2	48
1	7	3	10
1	7	4	31
1	7	5	91
1	12	1	92
1	12	2	53
1	12	3	17
1	12	4	38
1	12	5	72
1	13	1	88
1	13	2	37
1	13	3	24
1	13	4	51
1	13	5	95
1	11	1	93
1	11	2	50
1	11	3	23
1	11	4	34
1	11	5	84
1	2	1	73
1	2	2	57
1	2	3	30
1	2	4	54
1	2	5	94
1	14	1	74
1	14	2	42
1	14	3	13
1	14	4	37
1	14	5	90
1	6	1	75
1	6	2	41
1	6	3	29
1	6	4	55
1	6	5	86
1	15	1	95
1	15	2	55
1	15	3	21
1	15	4	36
1	15	5	99
1	3	1	77
1	3	2	41
1	3	3	18
1	3	4	54
1	3	5	76
1	10	1	75
1	10	2	36
1	10	3	23
1	10	4	31
1	10	5	75
1	4	1	86
1	4	2	49
1	4	3	29
1	4	4	39
1	4	5	96
2	13	1	84
2	13	2	38
2	13	3	18
2	13	4	54
2	13	5	100
2	3	1	95
2	3	2	33
2	3	3	29
2	3	4	39
2	3	5	94
2	14	1	97
2	14	2	40
2	14	3	17
2	14	4	35
2	14	5	95
2	9	1	84
2	9	2	37
2	9	3	16
2	9	4	60
2	9	5	85
2	8	1	79
2	8	2	49
2	8	3	18
2	8	4	51
2	8	5	94
2	7	1	86
2	7	2	35
2	7	3	11
2	7	4	31
2	7	5	70
2	1	1	82
2	1	2	32
2	1	3	28
2	1	4	46
2	1	5	87
2	5	1	100
2	5	2	39
2	5	3	16
2	5	4	50
2	5	5	98
2	12	1	92
2	12	2	38
2	12	3	20
2	12	4	38
2	12	5	90
2	10	1	88
2	10	2	56
2	10	3	12
2	10	4	41
2	10	5	72
2	11	1	89
2	11	2	57
2	11	3	16
2	11	4	36
2	11	5	87
2	6	1	93
2	6	2	58
2	6	3	19
2	6	4	51
2	6	5	77
2	4	1	75
2	4	2	35
2	4	3	25
2	4	4	59
2	4	5	79
2	15	1	100
2	15	2	55
2	15	3	22
2	15	4	45
2	15	5	84
3	2	1	80
3	2	2	55
3	2	3	11
3	2	4	60
3	2	5	85
3	13	1	73
3	13	2	59
3	13	3	20
3	13	4	38
3	13	5	85
3	14	1	99
3	14	2	58
3	14	3	23
3	14	4	43
3	14	5	90
3	9	1	88
3	9	2	53
3	9	3	19
3	9	4	56
3	9	5	84
3	7	1	89
3	7	2	47
3	7	3	27
3	7	4	40
3	7	5	76
3	8	1	73
3	8	2	45
3	8	3	21
3	8	4	60
3	8	5	84
3	1	1	70
3	1	2	57
3	1	3	21
3	1	4	49
3	1	5	76
3	5	1	93
3	5	2	58
3	5	3	21
3	5	4	45
3	5	5	100
3	12	1	98
3	12	2	34
3	12	3	19
3	12	4	36
3	12	5	99
3	10	1	98
3	10	2	42
3	10	3	27
3	10	4	55
3	10	5	88
3	6	1	88
3	6	2	45
3	6	3	27
3	6	4	48
3	6	5	78
3	11	1	73
3	11	2	54
3	11	3	15
3	11	4	43
3	11	5	89
3	4	1	93
3	4	2	45
3	4	3	14
3	4	4	56
3	4	5	88
3	15	1	93
3	15	2	47
3	15	3	21
3	15	4	55
3	15	5	82
4	10	1	89
4	10	2	41
4	10	3	14
4	10	4	54
4	10	5	79
4	12	1	92
4	12	2	48
4	12	3	23
4	12	4	52
4	12	5	84
4	7	1	95
4	7	2	32
4	7	3	14
4	7	4	32
4	7	5	96
4	15	1	77
4	15	2	49
4	15	3	24
4	15	4	54
4	15	5	77
4	6	1	80
4	6	2	31
4	6	3	12
4	6	4	40
4	6	5	75
4	5	1	91
4	5	2	54
4	5	3	25
4	5	4	34
4	5	5	84
4	11	1	97
4	11	2	50
4	11	3	15
4	11	4	46
4	11	5	84
4	8	1	97
4	8	2	51
4	8	3	16
4	8	4	38
4	8	5	93
4	1	1	79
4	1	2	59
4	1	3	17
4	1	4	47
4	1	5	96
4	9	1	82
4	9	2	40
4	9	3	13
4	9	4	33
4	9	5	82
4	14	1	78
4	14	2	41
4	14	3	16
4	14	4	43
4	14	5	72
4	13	1	93
4	13	2	53
4	13	3	28
4	13	4	41
4	13	5	90
4	2	1	76
4	2	2	38
4	2	3	19
4	2	4	46
4	2	5	93
4	3	1	95
4	3	2	32
4	3	3	20
4	3	4	36
4	3	5	87
5	8	1	99
5	8	2	33
5	8	3	27
5	8	4	46
5	8	5	76
5	12	1	73
5	12	2	34
5	12	3	29
5	12	4	47
5	12	5	99
5	7	1	87
5	7	2	51
5	7	3	27
5	7	4	44
5	7	5	96
5	1	1	87
5	1	2	39
5	1	3	27
5	1	4	38
5	1	5	96
5	9	1	82
5	9	2	54
5	9	3	18
5	9	4	44
5	9	5	74
5	11	1	82
5	11	2	57
5	11	3	22
5	11	4	43
5	11	5	70
5	6	1	91
5	6	2	48
5	6	3	13
5	6	4	40
5	6	5	92
5	15	1	79
5	15	2	36
5	15	3	21
5	15	4	54
5	15	5	72
5	10	1	98
5	10	2	45
5	10	3	17
5	10	4	47
5	10	5	85
5	14	1	73
5	14	2	55
5	14	3	25
5	14	4	46
5	14	5	95
5	13	1	74
5	13	2	52
5	13	3	15
5	13	4	54
5	13	5	90
5	4	1	77
5	4	2	39
5	4	3	21
5	4	4	37
5	4	5	79
5	2	1	78
5	2	2	50
5	2	3	19
5	2	4	55
5	2	5	70
5	3	1	92
5	3	2	54
5	3	3	14
5	3	4	46
5	3	5	93
6	15	1	94
6	15	2	52
6	15	3	10
6	15	4	31
6	15	5	100
6	11	1	99
6	11	2	46
6	11	3	11
6	11	4	37
6	11	5	73
6	12	1	89
6	12	2	43
6	12	3	18
6	12	4	59
6	12	5	80
6	5	1	89
6	5	2	56
6	5	3	16
6	5	4	38
6	5	5	93
6	10	1	97
6	10	2	47
6	10	3	30
6	10	4	43
6	10	5	95
6	7	1	99
6	7	2	36
6	7	3	23
6	7	4	57
6	7	5	77
6	8	1	74
6	8	2	35
6	8	3	13
6	8	4	44
6	8	5	73
6	4	1	70
6	4	2	51
6	4	3	15
6	4	4	38
6	4	5	87
6	1	1	96
6	1	2	51
6	1	3	12
6	1	4	42
6	1	5	86
6	9	1	100
6	9	2	60
6	9	3	13
6	9	4	56
6	9	5	79
6	14	1	94
6	14	2	45
6	14	3	25
6	14	4	51
6	14	5	88
6	13	1	99
6	13	2	49
6	13	3	25
6	13	4	46
6	13	5	88
6	2	1	80
6	2	2	35
6	2	3	27
6	2	4	47
6	2	5	74
6	3	1	88
6	3	2	39
6	3	3	20
6	3	4	54
6	3	5	96
7	12	1	72
7	12	2	32
7	12	3	15
7	12	4	56
7	12	5	70
7	5	1	81
7	5	2	54
7	5	3	10
7	5	4	31
7	5	5	89
7	8	1	80
7	8	2	60
7	8	3	22
7	8	4	30
7	8	5	72
7	9	1	80
7	9	2	57
7	9	3	27
7	9	4	37
7	9	5	81
7	1	1	80
7	1	2	44
7	1	3	12
7	1	4	53
7	1	5	91
7	14	1	94
7	14	2	47
7	14	3	17
7	14	4	35
7	14	5	82
7	10	1	70
7	10	2	42
7	10	3	19
7	10	4	51
7	10	5	73
7	13	1	97
7	13	2	44
7	13	3	18
7	13	4	43
7	13	5	84
7	6	1	95
7	6	2	53
7	6	3	10
7	6	4	43
7	6	5	77
7	2	1	75
7	2	2	42
7	2	3	30
7	2	4	34
7	2	5	99
7	4	1	86
7	4	2	38
7	4	3	16
7	4	4	51
7	4	5	78
7	11	1	78
7	11	2	42
7	11	3	20
7	11	4	32
7	11	5	82
7	15	1	97
7	15	2	49
7	15	3	15
7	15	4	52
7	15	5	75
7	3	1	75
7	3	2	50
7	3	3	29
7	3	4	37
7	3	5	73
8	5	1	96
8	5	2	51
8	5	3	24
8	5	4	41
8	5	5	98
8	1	1	75
8	1	2	45
8	1	3	28
8	1	4	40
8	1	5	84
8	7	1	86
8	7	2	43
8	7	3	13
8	7	4	38
8	7	5	93
8	9	1	70
8	9	2	39
8	9	3	10
8	9	4	47
8	9	5	75
8	12	1	87
8	12	2	39
8	12	3	13
8	12	4	32
8	12	5	98
8	13	1	97
8	13	2	56
8	13	3	22
8	13	4	36
8	13	5	70
8	14	1	94
8	14	2	41
8	14	3	21
8	14	4	46
8	14	5	98
8	11	1	70
8	11	2	51
8	11	3	18
8	11	4	43
8	11	5	74
8	2	1	72
8	2	2	34
8	2	3	28
8	2	4	57
8	2	5	87
8	10	1	91
8	10	2	48
8	10	3	30
8	10	4	43
8	10	5	82
8	6	1	85
8	6	2	50
8	6	3	29
8	6	4	56
8	6	5	73
8	15	1	94
8	15	2	35
8	15	3	10
8	15	4	49
8	15	5	79
8	3	1	86
8	3	2	59
8	3	3	27
8	3	4	58
8	3	5	99
8	4	1	92
8	4	2	36
8	4	3	19
8	4	4	40
8	4	5	97
9	1	1	84
9	1	2	51
9	1	3	18
9	1	4	54
9	1	5	100
9	8	1	86
9	8	2	31
9	8	3	17
9	8	4	44
9	8	5	99
9	7	1	72
9	7	2	52
9	7	3	21
9	7	4	51
9	7	5	83
9	13	1	74
9	13	2	35
9	13	3	10
9	13	4	50
9	13	5	95
9	5	1	83
9	5	2	31
9	5	3	20
9	5	4	56
9	5	5	78
9	2	1	87
9	2	2	54
9	2	3	26
9	2	4	39
9	2	5	77
9	12	1	81
9	12	2	54
9	12	3	24
9	12	4	42
9	12	5	74
9	14	1	86
9	14	2	54
9	14	3	30
9	14	4	34
9	14	5	83
9	3	1	91
9	3	2	37
9	3	3	22
9	3	4	30
9	3	5	90
9	11	1	86
9	11	2	41
9	11	3	13
9	11	4	38
9	11	5	84
9	10	1	73
9	10	2	54
9	10	3	20
9	10	4	37
9	10	5	97
9	6	1	94
9	6	2	59
9	6	3	25
9	6	4	33
9	6	5	84
9	15	1	75
9	15	2	33
9	15	3	13
9	15	4	60
9	15	5	94
9	4	1	81
9	4	2	32
9	4	3	18
9	4	4	58
9	4	5	77
10	4	1	95
10	4	2	32
10	4	3	27
10	4	4	54
10	4	5	88
10	12	1	94
10	12	2	30
10	12	3	23
10	12	4	32
10	12	5	86
10	7	1	83
10	7	2	37
10	7	3	30
10	7	4	33
10	7	5	93
10	5	1	85
10	5	2	42
10	5	3	24
10	5	4	31
10	5	5	70
10	6	1	72
10	6	2	35
10	6	3	30
10	6	4	32
10	6	5	89
10	15	1	80
10	15	2	37
10	15	3	15
10	15	4	55
10	15	5	98
10	8	1	87
10	8	2	46
10	8	3	21
10	8	4	44
10	8	5	71
10	11	1	77
10	11	2	40
10	11	3	19
10	11	4	52
10	11	5	92
10	1	1	87
10	1	2	30
10	1	3	28
10	1	4	50
10	1	5	75
10	9	1	93
10	9	2	42
10	9	3	25
10	9	4	41
10	9	5	77
10	14	1	93
10	14	2	51
10	14	3	10
10	14	4	37
10	14	5	74
10	13	1	88
10	13	2	42
10	13	3	23
10	13	4	31
10	13	5	93
10	2	1	73
10	2	2	51
10	2	3	11
10	2	4	46
10	2	5	87
10	3	1	75
10	3	2	43
10	3	3	26
10	3	4	43
10	3	5	79
11	6	1	77
11	6	2	60
11	6	3	18
11	6	4	54
11	6	5	76
11	15	1	94
11	15	2	54
11	15	3	14
11	15	4	58
11	15	5	91
11	5	1	83
11	5	2	55
11	5	3	22
11	5	4	48
11	5	5	74
11	12	1	79
11	12	2	41
11	12	3	10
11	12	4	56
11	12	5	95
11	8	1	88
11	8	2	39
11	8	3	15
11	8	4	35
11	8	5	95
11	1	1	72
11	1	2	41
11	1	3	14
11	1	4	50
11	1	5	74
11	7	1	85
11	7	2	45
11	7	3	27
11	7	4	47
11	7	5	77
11	10	1	82
11	10	2	41
11	10	3	11
11	10	4	55
11	10	5	72
11	4	1	79
11	4	2	42
11	4	3	27
11	4	4	35
11	4	5	73
11	9	1	89
11	9	2	48
11	9	3	14
11	9	4	40
11	9	5	97
11	14	1	95
11	14	2	36
11	14	3	27
11	14	4	57
11	14	5	72
11	13	1	81
11	13	2	53
11	13	3	19
11	13	4	58
11	13	5	78
11	2	1	71
11	2	2	51
11	2	3	20
11	2	4	46
11	2	5	71
11	3	1	86
11	3	2	53
11	3	3	23
11	3	4	53
11	3	5	91
12	7	1	85
12	7	2	32
12	7	3	26
12	7	4	48
12	7	5	85
12	5	1	90
12	5	2	41
12	5	3	21
12	5	4	48
12	5	5	82
12	8	1	74
12	8	2	59
12	8	3	10
12	8	4	38
12	8	5	75
12	10	1	96
12	10	2	54
12	10	3	10
12	10	4	48
12	10	5	76
12	6	1	87
12	6	2	50
12	6	3	10
12	6	4	44
12	6	5	98
12	11	1	73
12	11	2	50
12	11	3	22
12	11	4	44
12	11	5	96
12	1	1	96
12	1	2	47
12	1	3	27
12	1	4	47
12	1	5	92
12	4	1	78
12	4	2	37
12	4	3	21
12	4	4	41
12	4	5	79
12	15	1	87
12	15	2	57
12	15	3	28
12	15	4	54
12	15	5	79
12	9	1	72
12	9	2	32
12	9	3	11
12	9	4	38
12	9	5	70
12	14	1	73
12	14	2	55
12	14	3	18
12	14	4	37
12	14	5	79
12	13	1	97
12	13	2	54
12	13	3	22
12	13	4	47
12	13	5	93
12	2	1	99
12	2	2	49
12	2	3	23
12	2	4	38
12	2	5	92
12	3	1	100
12	3	2	55
12	3	3	19
12	3	4	51
12	3	5	92
13	2	1	85
13	2	2	52
13	2	3	30
13	2	4	49
13	2	5	95
13	3	1	78
13	3	2	37
13	3	3	16
13	3	4	56
13	3	5	98
13	14	1	73
13	14	2	40
13	14	3	19
13	14	4	37
13	14	5	100
13	9	1	95
13	9	2	53
13	9	3	27
13	9	4	55
13	9	5	94
13	8	1	70
13	8	2	49
13	8	3	27
13	8	4	50
13	8	5	84
13	1	1	94
13	1	2	42
13	1	3	13
13	1	4	58
13	1	5	87
13	7	1	95
13	7	2	54
13	7	3	28
13	7	4	42
13	7	5	96
13	5	1	86
13	5	2	44
13	5	3	25
13	5	4	46
13	5	5	83
13	12	1	100
13	12	2	40
13	12	3	20
13	12	4	51
13	12	5	78
13	10	1	93
13	10	2	34
13	10	3	24
13	10	4	37
13	10	5	77
13	11	1	82
13	11	2	39
13	11	3	18
13	11	4	31
13	11	5	99
13	6	1	84
13	6	2	40
13	6	3	21
13	6	4	58
13	6	5	82
13	4	1	93
13	4	2	56
13	4	3	28
13	4	4	47
13	4	5	84
13	15	1	98
13	15	2	34
13	15	3	17
13	15	4	44
13	15	5	77
14	3	1	89
14	3	2	55
14	3	3	27
14	3	4	33
14	3	5	93
14	2	1	95
14	2	2	51
14	2	3	24
14	2	4	31
14	2	5	94
14	13	1	96
14	13	2	47
14	13	3	28
14	13	4	31
14	13	5	79
14	7	1	91
14	7	2	38
14	7	3	19
14	7	4	34
14	7	5	98
14	8	1	73
14	8	2	50
14	8	3	17
14	8	4	37
14	8	5	70
14	9	1	79
14	9	2	59
14	9	3	20
14	9	4	46
14	9	5	93
14	5	1	81
14	5	2	43
14	5	3	15
14	5	4	46
14	5	5	95
14	12	1	88
14	12	2	57
14	12	3	14
14	12	4	60
14	12	5	87
14	1	1	75
14	1	2	54
14	1	3	20
14	1	4	48
14	1	5	96
14	10	1	74
14	10	2	38
14	10	3	26
14	10	4	43
14	10	5	80
14	4	1	76
14	4	2	43
14	4	3	22
14	4	4	32
14	4	5	73
14	6	1	90
14	6	2	36
14	6	3	18
14	6	4	54
14	6	5	97
14	11	1	92
14	11	2	47
14	11	3	14
14	11	4	43
14	11	5	99
14	15	1	72
14	15	2	45
14	15	3	16
14	15	4	51
14	15	5	87
15	6	1	84
15	6	2	30
15	6	3	20
15	6	4	45
15	6	5	92
15	11	1	79
15	11	2	42
15	11	3	11
15	11	4	34
15	11	5	89
15	12	1	82
15	12	2	41
15	12	3	22
15	12	4	36
15	12	5	83
15	5	1	81
15	5	2	59
15	5	3	15
15	5	4	49
15	5	5	83
15	10	1	100
15	10	2	42
15	10	3	25
15	10	4	48
15	10	5	74
15	4	1	86
15	4	2	31
15	4	3	11
15	4	4	60
15	4	5	75
15	7	1	99
15	7	2	46
15	7	3	22
15	7	4	38
15	7	5	99
15	8	1	70
15	8	2	56
15	8	3	12
15	8	4	55
15	8	5	83
15	1	1	98
15	1	2	40
15	1	3	24
15	1	4	44
15	1	5	88
15	9	1	77
15	9	2	33
15	9	3	23
15	9	4	31
15	9	5	72
15	14	1	80
15	14	2	31
15	14	3	27
15	14	4	59
15	14	5	79
15	13	1	87
15	13	2	56
15	13	3	18
15	13	4	38
15	13	5	89
15	2	1	74
15	2	2	54
15	2	3	15
15	2	4	38
15	2	5	93
15	3	1	74
15	3	2	56
15	3	3	13
15	3	4	43
15	3	5	85
0	11	1	78
0	11	2	45
0	11	3	23
0	11	4	37
0	11	5	75
0	6	1	79
0	6	2	54
0	6	3	27
0	6	4	50
0	6	5	84
0	15	1	94
0	15	2	35
0	15	3	16
0	15	4	31
0	15	5	87
0	5	1	71
0	5	2	50
0	5	3	23
0	5	4	38
0	5	5	100
0	1	1	94
0	1	2	46
0	1	3	29
0	1	4	53
0	1	5	87
0	12	1	84
0	12	2	45
0	12	3	29
0	12	4	60
0	12	5	84
0	8	1	99
0	8	2	42
0	8	3	25
0	8	4	52
0	8	5	100
0	7	1	78
0	7	2	43
0	7	3	22
0	7	4	48
0	7	5	82
0	9	1	84
0	9	2	44
0	9	3	10
0	9	4	47
0	9	5	86
0	10	1	83
0	10	2	53
0	10	3	17
0	10	4	54
0	10	5	80
0	4	1	91
0	4	2	40
0	4	3	28
0	4	4	57
0	4	5	78
0	13	1	74
0	13	2	52
0	13	3	16
0	13	4	47
0	13	5	97
0	14	1	98
0	14	2	30
0	14	3	24
0	14	4	52
0	14	5	90
0	2	1	82
0	2	2	33
0	2	3	10
0	2	4	39
0	2	5	88
0	3	1	74
0	3	2	47
0	3	3	23
0	3	4	56
0	3	5	80
11	0	1	71
11	0	2	56
11	0	3	27
11	0	4	40
11	0	5	96
6	0	1	89
6	0	2	50
6	0	3	21
6	0	4	40
6	0	5	100
15	0	1	70
15	0	2	60
15	0	3	16
15	0	4	50
15	0	5	95
5	0	1	82
5	0	2	41
5	0	3	25
5	0	4	53
5	0	5	80
1	0	1	74
1	0	2	58
1	0	3	22
1	0	4	43
1	0	5	78
12	0	1	86
12	0	2	60
12	0	3	27
12	0	4	53
12	0	5	99
8	0	1	73
8	0	2	45
8	0	3	12
8	0	4	56
8	0	5	89
7	0	1	70
7	0	2	53
7	0	3	10
7	0	4	58
7	0	5	94
9	0	1	92
9	0	2	59
9	0	3	24
9	0	4	57
9	0	5	99
10	0	1	82
10	0	2	51
10	0	3	14
10	0	4	42
10	0	5	98
4	0	1	84
4	0	2	31
4	0	3	13
4	0	4	40
4	0	5	82
13	0	1	79
13	0	2	40
13	0	3	27
13	0	4	35
13	0	5	71
14	0	1	78
14	0	2	36
14	0	3	26
14	0	4	31
14	0	5	82
2	0	1	94
2	0	2	59
2	0	3	20
2	0	4	51
2	0	5	75
3	0	1	92
3	0	2	51
3	0	3	17
3	0	4	58
3	0	5	80
;
param:	g:=
1	9	1	1	0.378104
1	9	1	2	0.641971
1	9	2	1	0.269695
1	9	2	2	0.334278
1	9	3	1	0.295088
1	9	3	2	0.364835
1	9	4	1	0.301833
1	9	4	2	0.416205
1	9	5	1	0.372215
1	9	5	2	0.623462
1	8	1	1	0.457136
1	8	1	2	0.902539
1	8	2	1	0.253223
1	8	2	2	0.298561
1	8	3	1	0.257483
1	8	3	2	0.312044
1	8	4	1	0.257070
1	8	4	2	0.306247
1	8	5	1	0.457136
1	8	5	2	0.902539
1	5	1	1	0.396426
1	5	1	2	0.700458
1	5	2	1	0.293733
1	5	2	2	0.394518
1	5	3	1	0.397708
1	5	3	2	0.465383
1	5	4	1	0.251580
1	5	4	2	0.295478
1	5	5	1	0.442913
1	5	5	2	0.854183
1	7	1	1	0.449973
1	7	1	2	0.878115
1	7	2	1	0.266846
1	7	2	2	0.327669
1	7	3	1	0.456768
1	7	3	2	0.513825
1	7	4	1	0.247702
1	7	4	2	0.293050
1	7	5	1	0.502258
1	7	5	2	1.059427
1	12	1	1	0.510132
1	12	1	2	1.087298
1	12	2	1	0.282583
1	12	2	2	0.365713
1	12	3	1	0.314502
1	12	3	2	0.386980
1	12	4	1	0.247870
1	12	4	2	0.289292
1	12	5	1	0.372215
1	12	5	2	0.623462
1	13	1	1	0.479240
1	13	1	2	0.978767
1	13	2	1	0.247069
1	13	2	2	0.288257
1	13	3	1	0.264683
1	13	3	2	0.323750
1	13	4	1	0.275847
1	13	4	2	0.348998
1	13	5	1	0.534355
1	13	5	2	1.173866
1	11	1	1	0.518107
1	11	1	2	1.115662
1	11	2	1	0.272696
1	11	2	2	0.341388
1	11	3	1	0.269185
1	11	3	2	0.330552
1	11	4	1	0.246131
1	11	4	2	0.288274
1	11	5	1	0.449973
1	11	5	2	0.878115
1	2	1	1	0.378104
1	2	1	2	0.641971
1	2	2	1	0.297717
1	2	2	2	0.405114
1	2	3	1	0.248870
1	2	3	2	0.295725
1	2	4	1	0.286163
1	2	4	2	0.374817
1	2	5	1	0.526181
1	2	5	2	1.144518
1	14	1	1	0.384103
1	14	1	2	0.660973
1	14	2	1	0.253223
1	14	2	2	0.298561
1	14	3	1	0.375359
1	14	3	2	0.446007
1	14	4	1	0.247069
1	14	4	2	0.288257
1	14	5	1	0.494484
1	14	5	2	1.032048
1	6	1	1	0.390210
1	6	1	2	0.680469
1	6	2	1	0.251580
1	6	2	2	0.295478
1	6	3	1	0.250401
1	6	3	2	0.298951
1	6	4	1	0.289880
1	6	4	2	0.384419
1	6	5	1	0.464402
1	6	5	2	0.927456
1	15	1	1	0.534355
1	15	1	2	1.173866
1	15	2	1	0.289880
1	15	2	2	0.384419
1	15	3	1	0.280358
1	15	3	2	0.346196
1	15	4	1	0.246504
1	15	4	2	0.287741
1	15	5	1	0.568043
1	15	5	2	1.296180
1	3	1	1	0.402749
1	3	1	2	0.720940
1	3	2	1	0.251580
1	3	2	2	0.295478
1	3	3	1	0.304119
1	3	3	2	0.375426
1	3	4	1	0.286163
1	3	4	2	0.374817
1	3	5	1	0.396426
1	3	5	2	0.700458
1	10	1	1	0.390210
1	10	1	2	0.680469
1	10	2	1	0.246504
1	10	2	2	0.287741
1	10	3	1	0.269185
1	10	3	2	0.330552
1	10	4	1	0.247702
1	10	4	2	0.293050
1	10	5	1	0.390210
1	10	5	2	0.680469
1	4	1	1	0.464402
1	4	1	2	0.927456
1	4	2	1	0.269695
1	4	2	2	0.334278
1	4	3	1	0.250401
1	4	3	2	0.298951
1	4	4	1	0.248895
1	4	4	2	0.290842
1	4	5	1	0.542629
1	4	5	2	1.203706
2	13	1	1	0.449973
2	13	1	2	0.878115
2	13	2	1	0.247870
2	13	2	2	0.289292
2	13	3	1	0.304119
2	13	3	2	0.375426
2	13	4	1	0.286163
2	13	4	2	0.374817
2	13	5	1	0.576712
2	13	5	2	1.327989
2	3	1	1	0.534355
2	3	1	2	1.173866
2	3	2	1	0.246353
2	3	2	2	0.289331
2	3	3	1	0.250401
2	3	3	2	0.298951
2	3	4	1	0.248895
2	3	4	2	0.290842
2	3	5	1	0.526181
2	3	5	2	1.144518
2	14	1	1	0.551002
2	14	1	2	1.234039
2	14	2	1	0.250135
2	14	2	2	0.292905
2	14	3	1	0.314502
2	14	3	2	0.386980
2	14	4	1	0.246187
2	14	4	2	0.287745
2	14	5	1	0.534355
2	14	5	2	1.173866
2	9	1	1	0.449973
2	9	1	2	0.878115
2	9	2	1	0.247069
2	9	2	2	0.288257
2	9	3	1	0.326472
2	9	3	2	0.399619
2	9	4	1	0.310446
2	9	4	2	0.439877
2	9	5	1	0.457136
2	9	5	2	0.902539
2	8	1	1	0.415716
2	8	1	2	0.763383
2	8	2	1	0.269695
2	8	2	2	0.334278
2	8	3	1	0.304119
2	8	3	2	0.375426
2	8	4	1	0.275847
2	8	4	2	0.348998
2	8	5	1	0.526181
2	8	5	2	1.144518
2	7	1	1	0.464402
2	7	1	2	0.927456
2	7	2	1	0.246187
2	7	2	2	0.287745
2	7	3	1	0.424417
2	7	3	2	0.487653
2	7	4	1	0.247702
2	7	4	2	0.293050
2	7	5	1	0.360770
2	7	5	2	0.587924
2	1	1	1	0.435957
2	1	1	2	0.830744
2	1	2	1	0.246870
2	1	2	2	0.290921
2	1	3	1	0.252324
2	1	3	2	0.302739
2	1	4	1	0.261626
2	1	4	2	0.315953
2	1	5	1	0.471770
2	1	5	2	0.952865
2	5	1	1	0.576712
2	5	1	2	1.327989
2	5	2	1	0.248895
2	5	2	2	0.290842
2	5	3	1	0.326472
2	5	3	2	0.399619
2	5	4	1	0.272696
2	5	4	2	0.341388
2	5	5	1	0.559473
2	5	5	2	1.264864
2	12	1	1	0.510132
2	12	1	2	1.087298
2	12	2	1	0.247870
2	12	2	2	0.289292
2	12	3	1	0.287219
2	12	3	2	0.355115
2	12	4	1	0.247870
2	12	4	2	0.289292
2	12	5	1	0.494484
2	12	5	2	1.032048
2	10	1	1	0.479240
2	10	1	2	0.978767
2	10	2	1	0.293733
2	10	2	2	0.394518
2	10	3	1	0.397708
2	10	3	2	0.465383
2	10	4	1	0.251580
2	10	4	2	0.295478
2	10	5	1	0.372215
2	10	5	2	0.623462
2	11	1	1	0.486811
2	11	1	2	1.005161
2	11	2	1	0.297717
2	11	2	2	0.405114
2	11	3	1	0.326472
2	11	3	2	0.399619
2	11	4	1	0.246504
2	11	4	2	0.287741
2	11	5	1	0.471770
2	11	5	2	0.952865
2	6	1	1	0.518107
2	6	1	2	1.115662
2	6	2	1	0.301833
2	6	2	2	0.416205
2	6	3	1	0.295088
2	6	3	2	0.364835
2	6	4	1	0.275847
2	6	4	2	0.348998
2	6	5	1	0.402749
2	6	5	2	0.720940
2	4	1	1	0.390210
2	4	1	2	0.680469
2	4	2	1	0.246187
2	4	2	2	0.287745
2	4	3	1	0.260803
2	4	3	2	0.317588
2	4	4	1	0.306076
2	4	4	2	0.427793
2	4	5	1	0.415716
2	4	5	2	0.763383
2	15	1	1	0.576712
2	15	1	2	1.327989
2	15	2	1	0.289880
2	15	2	2	0.384419
2	15	3	1	0.274382
2	15	3	2	0.338023
2	15	4	1	0.259262
2	15	4	2	0.310848
2	15	5	1	0.449973
2	15	5	2	0.878115
3	2	1	1	0.422358
3	2	1	2	0.785344
3	2	2	1	0.289880
3	2	2	2	0.384419
3	2	3	1	0.424417
3	2	3	2	0.487653
3	2	4	1	0.310446
3	2	4	2	0.439877
3	2	5	1	0.457136
3	2	5	2	0.902539
3	13	1	1	0.378104
3	13	1	2	0.641971
3	13	2	1	0.306076
3	13	2	2	0.427793
3	13	3	1	0.287219
3	13	3	2	0.355115
3	13	4	1	0.247870
3	13	4	2	0.289292
3	13	5	1	0.457136
3	13	5	2	0.902539
3	14	1	1	0.568043
3	14	1	2	1.296180
3	14	2	1	0.301833
3	14	2	2	0.416205
3	14	3	1	0.269185
3	14	3	2	0.330552
3	14	4	1	0.255055
3	14	4	2	0.302151
3	14	5	1	0.494484
3	14	5	2	1.032048
3	9	1	1	0.479240
3	9	1	2	0.978767
3	9	2	1	0.282583
3	9	2	2	0.365713
3	9	3	1	0.295088
3	9	3	2	0.364835
3	9	4	1	0.293733
3	9	4	2	0.394518
3	9	5	1	0.449973
3	9	5	2	0.878115
3	7	1	1	0.486811
3	7	1	2	1.005161
3	7	2	1	0.264155
3	7	2	2	0.321560
3	7	3	1	0.254672
3	7	3	2	0.307099
3	7	4	1	0.250135
3	7	4	2	0.292905
3	7	5	1	0.396426
3	7	5	2	0.700458
3	8	1	1	0.378104
3	8	1	2	0.641971
3	8	2	1	0.259262
3	8	2	2	0.310848
3	8	3	1	0.280358
3	8	3	2	0.346196
3	8	4	1	0.310446
3	8	4	2	0.439877
3	8	5	1	0.449973
3	8	5	2	0.878115
3	1	1	1	0.360770
3	1	1	2	0.587924
3	1	2	1	0.297717
3	1	2	2	0.405114
3	1	3	1	0.280358
3	1	3	2	0.346196
3	1	4	1	0.269695
3	1	4	2	0.334278
3	1	5	1	0.396426
3	1	5	2	0.700458
3	5	1	1	0.518107
3	5	1	2	1.115662
3	5	2	1	0.301833
3	5	2	2	0.416205
3	5	3	1	0.280358
3	5	3	2	0.346196
3	5	4	1	0.259262
3	5	4	2	0.310848
3	5	5	1	0.576712
3	5	5	2	1.327989
3	12	1	1	0.559473
3	12	1	2	1.264864
3	12	2	1	0.246131
3	12	2	2	0.288274
3	12	3	1	0.295088
3	12	3	2	0.364835
3	12	4	1	0.246504
3	12	4	2	0.287741
3	12	5	1	0.568043
3	12	5	2	1.296180
3	10	1	1	0.559473
3	10	1	2	1.264864
3	10	2	1	0.253223
3	10	2	2	0.298561
3	10	3	1	0.254672
3	10	3	2	0.307099
3	10	4	1	0.289880
3	10	4	2	0.384419
3	10	5	1	0.479240
3	10	5	2	0.978767
3	6	1	1	0.479240
3	6	1	2	0.978767
3	6	2	1	0.259262
3	6	2	2	0.310848
3	6	3	1	0.254672
3	6	3	2	0.307099
3	6	4	1	0.266846
3	6	4	2	0.327669
3	6	5	1	0.409180
3	6	5	2	0.741915
3	11	1	1	0.378104
3	11	1	2	0.641971
3	11	2	1	0.286163
3	11	2	2	0.374817
3	11	3	1	0.340328
3	11	3	2	0.413505
3	11	4	1	0.255055
3	11	4	2	0.302151
3	11	5	1	0.486811
3	11	5	2	1.005161
3	4	1	1	0.518107
3	4	1	2	1.115662
3	4	2	1	0.259262
3	4	2	2	0.310848
3	4	3	1	0.356456
3	4	3	2	0.428864
3	4	4	1	0.293733
3	4	4	2	0.394518
3	4	5	1	0.479240
3	4	5	2	0.978767
3	15	1	1	0.518107
3	15	1	2	1.115662
3	15	2	1	0.264155
3	15	2	2	0.321560
3	15	3	1	0.280358
3	15	3	2	0.346196
3	15	4	1	0.289880
3	15	4	2	0.384419
3	15	5	1	0.435957
3	15	5	2	0.830744
4	10	1	1	0.486811
4	10	1	2	1.005161
4	10	2	1	0.251580
4	10	2	2	0.295478
4	10	3	1	0.356456
4	10	3	2	0.428864
4	10	4	1	0.286163
4	10	4	2	0.374817
4	10	5	1	0.415716
4	10	5	2	0.763383
4	12	1	1	0.510132
4	12	1	2	1.087298
4	12	2	1	0.266846
4	12	2	2	0.327669
4	12	3	1	0.269185
4	12	3	2	0.330552
4	12	4	1	0.279143
4	12	4	2	0.357106
4	12	5	1	0.449973
4	12	5	2	0.878115
4	7	1	1	0.534355
4	7	1	2	1.173866
4	7	2	1	0.246870
4	7	2	2	0.290921
4	7	3	1	0.356456
4	7	3	2	0.428864
4	7	4	1	0.246870
4	7	4	2	0.290921
4	7	5	1	0.542629
4	7	5	2	1.203706
4	15	1	1	0.402749
4	15	1	2	0.720940
4	15	2	1	0.269695
4	15	2	2	0.334278
4	15	3	1	0.264683
4	15	3	2	0.323750
4	15	4	1	0.286163
4	15	4	2	0.374817
4	15	5	1	0.402749
4	15	5	2	0.720940
4	6	1	1	0.422358
4	6	1	2	0.785344
4	6	2	1	0.247702
4	6	2	2	0.293050
4	6	3	1	0.397708
4	6	3	2	0.465383
4	6	4	1	0.250135
4	6	4	2	0.292905
4	6	5	1	0.390210
4	6	5	2	0.680469
4	5	1	1	0.502258
4	5	1	2	1.059427
4	5	2	1	0.286163
4	5	2	2	0.374817
4	5	3	1	0.260803
4	5	3	2	0.317588
4	5	4	1	0.246131
4	5	4	2	0.288274
4	5	5	1	0.449973
4	5	5	2	0.878115
4	11	1	1	0.551002
4	11	1	2	1.234039
4	11	2	1	0.272696
4	11	2	2	0.341388
4	11	3	1	0.340328
4	11	3	2	0.413505
4	11	4	1	0.261626
4	11	4	2	0.315953
4	11	5	1	0.449973
4	11	5	2	0.878115
4	8	1	1	0.551002
4	8	1	2	1.234039
4	8	2	1	0.275847
4	8	2	2	0.348998
4	8	3	1	0.326472
4	8	3	2	0.399619
4	8	4	1	0.247870
4	8	4	2	0.289292
4	8	5	1	0.518107
4	8	5	2	1.115662
4	1	1	1	0.415716
4	1	1	2	0.763383
4	1	2	1	0.306076
4	1	2	2	0.427793
4	1	3	1	0.314502
4	1	3	2	0.386980
4	1	4	1	0.264155
4	1	4	2	0.321560
4	1	5	1	0.542629
4	1	5	2	1.203706
4	9	1	1	0.435957
4	9	1	2	0.830744
4	9	2	1	0.250135
4	9	2	2	0.292905
4	9	3	1	0.375359
4	9	3	2	0.446007
4	9	4	1	0.246353
4	9	4	2	0.289331
4	9	5	1	0.435957
4	9	5	2	0.830744
4	14	1	1	0.409180
4	14	1	2	0.741915
4	14	2	1	0.251580
4	14	2	2	0.295478
4	14	3	1	0.326472
4	14	3	2	0.399619
4	14	4	1	0.255055
4	14	4	2	0.302151
4	14	5	1	0.372215
4	14	5	2	0.623462
4	13	1	1	0.518107
4	13	1	2	1.115662
4	13	2	1	0.282583
4	13	2	2	0.365713
4	13	3	1	0.252324
4	13	3	2	0.302739
4	13	4	1	0.251580
4	13	4	2	0.295478
4	13	5	1	0.494484
4	13	5	2	1.032048
4	2	1	1	0.396426
4	2	1	2	0.700458
4	2	2	1	0.247870
4	2	2	2	0.289292
4	2	3	1	0.295088
4	2	3	2	0.364835
4	2	4	1	0.261626
4	2	4	2	0.315953
4	2	5	1	0.518107
4	2	5	2	1.115662
4	3	1	1	0.534355
4	3	1	2	1.173866
4	3	2	1	0.246870
4	3	2	2	0.290921
4	3	3	1	0.287219
4	3	3	2	0.355115
4	3	4	1	0.246504
4	3	4	2	0.287741
4	3	5	1	0.471770
4	3	5	2	0.952865
5	8	1	1	0.568043
5	8	1	2	1.296180
5	8	2	1	0.246353
5	8	2	2	0.289331
5	8	3	1	0.254672
5	8	3	2	0.307099
5	8	4	1	0.261626
5	8	4	2	0.315953
5	8	5	1	0.396426
5	8	5	2	0.700458
5	12	1	1	0.378104
5	12	1	2	0.641971
5	12	2	1	0.246131
5	12	2	2	0.288274
5	12	3	1	0.250401
5	12	3	2	0.298951
5	12	4	1	0.264155
5	12	4	2	0.321560
5	12	5	1	0.568043
5	12	5	2	1.296180
5	7	1	1	0.471770
5	7	1	2	0.952865
5	7	2	1	0.275847
5	7	2	2	0.348998
5	7	3	1	0.254672
5	7	3	2	0.307099
5	7	4	1	0.257070
5	7	4	2	0.306247
5	7	5	1	0.542629
5	7	5	2	1.203706
5	1	1	1	0.471770
5	1	1	2	0.952865
5	1	2	1	0.248895
5	1	2	2	0.290842
5	1	3	1	0.254672
5	1	3	2	0.307099
5	1	4	1	0.247870
5	1	4	2	0.289292
5	1	5	1	0.542629
5	1	5	2	1.203706
5	9	1	1	0.435957
5	9	1	2	0.830744
5	9	2	1	0.286163
5	9	2	2	0.374817
5	9	3	1	0.304119
5	9	3	2	0.375426
5	9	4	1	0.257070
5	9	4	2	0.306247
5	9	5	1	0.384103
5	9	5	2	0.660973
5	11	1	1	0.435957
5	11	1	2	0.830744
5	11	2	1	0.297717
5	11	2	2	0.405114
5	11	3	1	0.274382
5	11	3	2	0.338023
5	11	4	1	0.255055
5	11	4	2	0.302151
5	11	5	1	0.360770
5	11	5	2	0.587924
5	6	1	1	0.502258
5	6	1	2	1.059427
5	6	2	1	0.266846
5	6	2	2	0.327669
5	6	3	1	0.375359
5	6	3	2	0.446007
5	6	4	1	0.250135
5	6	4	2	0.292905
5	6	5	1	0.510132
5	6	5	2	1.087298
5	15	1	1	0.415716
5	15	1	2	0.763383
5	15	2	1	0.246504
5	15	2	2	0.287741
5	15	3	1	0.280358
5	15	3	2	0.346196
5	15	4	1	0.286163
5	15	4	2	0.374817
5	15	5	1	0.372215
5	15	5	2	0.623462
5	10	1	1	0.559473
5	10	1	2	1.264864
5	10	2	1	0.259262
5	10	2	2	0.310848
5	10	3	1	0.314502
5	10	3	2	0.386980
5	10	4	1	0.264155
5	10	4	2	0.321560
5	10	5	1	0.457136
5	10	5	2	0.902539
5	14	1	1	0.378104
5	14	1	2	0.641971
5	14	2	1	0.289880
5	14	2	2	0.384419
5	14	3	1	0.260803
5	14	3	2	0.317588
5	14	4	1	0.261626
5	14	4	2	0.315953
5	14	5	1	0.534355
5	14	5	2	1.173866
5	13	1	1	0.384103
5	13	1	2	0.660973
5	13	2	1	0.279143
5	13	2	2	0.357106
5	13	3	1	0.340328
5	13	3	2	0.413505
5	13	4	1	0.286163
5	13	4	2	0.374817
5	13	5	1	0.494484
5	13	5	2	1.032048
5	4	1	1	0.402749
5	4	1	2	0.720940
5	4	2	1	0.248895
5	4	2	2	0.290842
5	4	3	1	0.280358
5	4	3	2	0.346196
5	4	4	1	0.247069
5	4	4	2	0.288257
5	4	5	1	0.415716
5	4	5	2	0.763383
5	2	1	1	0.409180
5	2	1	2	0.741915
5	2	2	1	0.272696
5	2	2	2	0.341388
5	2	3	1	0.295088
5	2	3	2	0.364835
5	2	4	1	0.289880
5	2	4	2	0.384419
5	2	5	1	0.360770
5	2	5	2	0.587924
5	3	1	1	0.510132
5	3	1	2	1.087298
5	3	2	1	0.286163
5	3	2	2	0.374817
5	3	3	1	0.356456
5	3	3	2	0.428864
5	3	4	1	0.261626
5	3	4	2	0.315953
5	3	5	1	0.518107
5	3	5	2	1.115662
6	15	1	1	0.526181
6	15	1	2	1.144518
6	15	2	1	0.279143
6	15	2	2	0.357106
6	15	3	1	0.456768
6	15	3	2	0.513825
6	15	4	1	0.247702
6	15	4	2	0.293050
6	15	5	1	0.576712
6	15	5	2	1.327989
6	11	1	1	0.568043
6	11	1	2	1.296180
6	11	2	1	0.261626
6	11	2	2	0.315953
6	11	3	1	0.424417
6	11	3	2	0.487653
6	11	4	1	0.247069
6	11	4	2	0.288257
6	11	5	1	0.378104
6	11	5	2	0.641971
6	12	1	1	0.486811
6	12	1	2	1.005161
6	12	2	1	0.255055
6	12	2	2	0.302151
6	12	3	1	0.304119
6	12	3	2	0.375426
6	12	4	1	0.306076
6	12	4	2	0.427793
6	12	5	1	0.422358
6	12	5	2	0.785344
6	5	1	1	0.486811
6	5	1	2	1.005161
6	5	2	1	0.293733
6	5	2	2	0.394518
6	5	3	1	0.326472
6	5	3	2	0.399619
6	5	4	1	0.247870
6	5	4	2	0.289292
6	5	5	1	0.518107
6	5	5	2	1.115662
6	10	1	1	0.551002
6	10	1	2	1.234039
6	10	2	1	0.264155
6	10	2	2	0.321560
6	10	3	1	0.248870
6	10	3	2	0.295725
6	10	4	1	0.255055
6	10	4	2	0.302151
6	10	5	1	0.534355
6	10	5	2	1.173866
6	7	1	1	0.568043
6	7	1	2	1.296180
6	7	2	1	0.246504
6	7	2	2	0.287741
6	7	3	1	0.269185
6	7	3	2	0.330552
6	7	4	1	0.297717
6	7	4	2	0.405114
6	7	5	1	0.402749
6	7	5	2	0.720940
6	8	1	1	0.384103
6	8	1	2	0.660973
6	8	2	1	0.246187
6	8	2	2	0.287745
6	8	3	1	0.375359
6	8	3	2	0.446007
6	8	4	1	0.257070
6	8	4	2	0.306247
6	8	5	1	0.378104
6	8	5	2	0.641971
6	4	1	1	0.360770
6	4	1	2	0.587924
6	4	2	1	0.275847
6	4	2	2	0.348998
6	4	3	1	0.340328
6	4	3	2	0.413505
6	4	4	1	0.247870
6	4	4	2	0.289292
6	4	5	1	0.471770
6	4	5	2	0.952865
6	1	1	1	0.542629
6	1	1	2	1.203706
6	1	2	1	0.275847
6	1	2	2	0.348998
6	1	3	1	0.397708
6	1	3	2	0.465383
6	1	4	1	0.253223
6	1	4	2	0.298561
6	1	5	1	0.464402
6	1	5	2	0.927456
6	9	1	1	0.576712
6	9	1	2	1.327989
6	9	2	1	0.310446
6	9	2	2	0.439877
6	9	3	1	0.375359
6	9	3	2	0.446007
6	9	4	1	0.293733
6	9	4	2	0.394518
6	9	5	1	0.415716
6	9	5	2	0.763383
6	14	1	1	0.526181
6	14	1	2	1.144518
6	14	2	1	0.259262
6	14	2	2	0.310848
6	14	3	1	0.260803
6	14	3	2	0.317588
6	14	4	1	0.275847
6	14	4	2	0.348998
6	14	5	1	0.479240
6	14	5	2	0.978767
6	13	1	1	0.568043
6	13	1	2	1.296180
6	13	2	1	0.269695
6	13	2	2	0.334278
6	13	3	1	0.260803
6	13	3	2	0.317588
6	13	4	1	0.261626
6	13	4	2	0.315953
6	13	5	1	0.479240
6	13	5	2	0.978767
6	2	1	1	0.422358
6	2	1	2	0.785344
6	2	2	1	0.246187
6	2	2	2	0.287745
6	2	3	1	0.254672
6	2	3	2	0.307099
6	2	4	1	0.264155
6	2	4	2	0.321560
6	2	5	1	0.384103
6	2	5	2	0.660973
6	3	1	1	0.479240
6	3	1	2	0.978767
6	3	2	1	0.248895
6	3	2	2	0.290842
6	3	3	1	0.287219
6	3	3	2	0.355115
6	3	4	1	0.286163
6	3	4	2	0.374817
6	3	5	1	0.542629
6	3	5	2	1.203706
7	12	1	1	0.372215
7	12	1	2	0.623462
7	12	2	1	0.246870
7	12	2	2	0.290921
7	12	3	1	0.340328
7	12	3	2	0.413505
7	12	4	1	0.293733
7	12	4	2	0.394518
7	12	5	1	0.360770
7	12	5	2	0.587924
7	5	1	1	0.429105
7	5	1	2	0.807797
7	5	2	1	0.286163
7	5	2	2	0.374817
7	5	3	1	0.456768
7	5	3	2	0.513825
7	5	4	1	0.247702
7	5	4	2	0.293050
7	5	5	1	0.486811
7	5	5	2	1.005161
7	8	1	1	0.422358
7	8	1	2	0.785344
7	8	2	1	0.310446
7	8	2	2	0.439877
7	8	3	1	0.274382
7	8	3	2	0.338023
7	8	4	1	0.248870
7	8	4	2	0.295725
7	8	5	1	0.372215
7	8	5	2	0.623462
7	9	1	1	0.422358
7	9	1	2	0.785344
7	9	2	1	0.297717
7	9	2	2	0.405114
7	9	3	1	0.254672
7	9	3	2	0.307099
7	9	4	1	0.247069
7	9	4	2	0.288257
7	9	5	1	0.429105
7	9	5	2	0.807797
7	1	1	1	0.422358
7	1	1	2	0.785344
7	1	2	1	0.257070
7	1	2	2	0.306247
7	1	3	1	0.397708
7	1	3	2	0.465383
7	1	4	1	0.282583
7	1	4	2	0.365713
7	1	5	1	0.502258
7	1	5	2	1.059427
7	14	1	1	0.526181
7	14	1	2	1.144518
7	14	2	1	0.264155
7	14	2	2	0.321560
7	14	3	1	0.314502
7	14	3	2	0.386980
7	14	4	1	0.246187
7	14	4	2	0.287745
7	14	5	1	0.435957
7	14	5	2	0.830744
7	10	1	1	0.360770
7	10	1	2	0.587924
7	10	2	1	0.253223
7	10	2	2	0.298561
7	10	3	1	0.295088
7	10	3	2	0.364835
7	10	4	1	0.275847
7	10	4	2	0.348998
7	10	5	1	0.378104
7	10	5	2	0.641971
7	13	1	1	0.551002
7	13	1	2	1.234039
7	13	2	1	0.257070
7	13	2	2	0.306247
7	13	3	1	0.304119
7	13	3	2	0.375426
7	13	4	1	0.255055
7	13	4	2	0.302151
7	13	5	1	0.449973
7	13	5	2	0.878115
7	6	1	1	0.534355
7	6	1	2	1.173866
7	6	2	1	0.282583
7	6	2	2	0.365713
7	6	3	1	0.456768
7	6	3	2	0.513825
7	6	4	1	0.255055
7	6	4	2	0.302151
7	6	5	1	0.402749
7	6	5	2	0.720940
7	2	1	1	0.390210
7	2	1	2	0.680469
7	2	2	1	0.253223
7	2	2	2	0.298561
7	2	3	1	0.248870
7	2	3	2	0.295725
7	2	4	1	0.246131
7	2	4	2	0.288274
7	2	5	1	0.568043
7	2	5	2	1.296180
7	4	1	1	0.464402
7	4	1	2	0.927456
7	4	2	1	0.247870
7	4	2	2	0.289292
7	4	3	1	0.326472
7	4	3	2	0.399619
7	4	4	1	0.275847
7	4	4	2	0.348998
7	4	5	1	0.409180
7	4	5	2	0.741915
7	11	1	1	0.409180
7	11	1	2	0.741915
7	11	2	1	0.253223
7	11	2	2	0.298561
7	11	3	1	0.287219
7	11	3	2	0.355115
7	11	4	1	0.246870
7	11	4	2	0.290921
7	11	5	1	0.435957
7	11	5	2	0.830744
7	15	1	1	0.551002
7	15	1	2	1.234039
7	15	2	1	0.269695
7	15	2	2	0.334278
7	15	3	1	0.340328
7	15	3	2	0.413505
7	15	4	1	0.279143
7	15	4	2	0.357106
7	15	5	1	0.390210
7	15	5	2	0.680469
7	3	1	1	0.390210
7	3	1	2	0.680469
7	3	2	1	0.272696
7	3	2	2	0.341388
7	3	3	1	0.250401
7	3	3	2	0.298951
7	3	4	1	0.247069
7	3	4	2	0.288257
7	3	5	1	0.378104
7	3	5	2	0.641971
8	5	1	1	0.542629
8	5	1	2	1.203706
8	5	2	1	0.275847
8	5	2	2	0.348998
8	5	3	1	0.264683
8	5	3	2	0.323750
8	5	4	1	0.251580
8	5	4	2	0.295478
8	5	5	1	0.559473
8	5	5	2	1.264864
8	1	1	1	0.390210
8	1	1	2	0.680469
8	1	2	1	0.259262
8	1	2	2	0.310848
8	1	3	1	0.252324
8	1	3	2	0.302739
8	1	4	1	0.250135
8	1	4	2	0.292905
8	1	5	1	0.449973
8	1	5	2	0.878115
8	7	1	1	0.464402
8	7	1	2	0.927456
8	7	2	1	0.255055
8	7	2	2	0.302151
8	7	3	1	0.375359
8	7	3	2	0.446007
8	7	4	1	0.247870
8	7	4	2	0.289292
8	7	5	1	0.518107
8	7	5	2	1.115662
8	9	1	1	0.360770
8	9	1	2	0.587924
8	9	2	1	0.248895
8	9	2	2	0.290842
8	9	3	1	0.456768
8	9	3	2	0.513825
8	9	4	1	0.264155
8	9	4	2	0.321560
8	9	5	1	0.390210
8	9	5	2	0.680469
8	12	1	1	0.471770
8	12	1	2	0.952865
8	12	2	1	0.248895
8	12	2	2	0.290842
8	12	3	1	0.375359
8	12	3	2	0.446007
8	12	4	1	0.246870
8	12	4	2	0.290921
8	12	5	1	0.559473
8	12	5	2	1.264864
8	13	1	1	0.551002
8	13	1	2	1.234039
8	13	2	1	0.293733
8	13	2	2	0.394518
8	13	3	1	0.274382
8	13	3	2	0.338023
8	13	4	1	0.246504
8	13	4	2	0.287741
8	13	5	1	0.360770
8	13	5	2	0.587924
8	14	1	1	0.526181
8	14	1	2	1.144518
8	14	2	1	0.251580
8	14	2	2	0.295478
8	14	3	1	0.280358
8	14	3	2	0.346196
8	14	4	1	0.261626
8	14	4	2	0.315953
8	14	5	1	0.559473
8	14	5	2	1.264864
8	11	1	1	0.360770
8	11	1	2	0.587924
8	11	2	1	0.275847
8	11	2	2	0.348998
8	11	3	1	0.304119
8	11	3	2	0.375426
8	11	4	1	0.255055
8	11	4	2	0.302151
8	11	5	1	0.384103
8	11	5	2	0.660973
8	2	1	1	0.372215
8	2	1	2	0.623462
8	2	2	1	0.246131
8	2	2	2	0.288274
8	2	3	1	0.252324
8	2	3	2	0.302739
8	2	4	1	0.297717
8	2	4	2	0.405114
8	2	5	1	0.471770
8	2	5	2	0.952865
8	10	1	1	0.502258
8	10	1	2	1.059427
8	10	2	1	0.266846
8	10	2	2	0.327669
8	10	3	1	0.248870
8	10	3	2	0.295725
8	10	4	1	0.255055
8	10	4	2	0.302151
8	10	5	1	0.435957
8	10	5	2	0.830744
8	6	1	1	0.457136
8	6	1	2	0.902539
8	6	2	1	0.272696
8	6	2	2	0.341388
8	6	3	1	0.250401
8	6	3	2	0.298951
8	6	4	1	0.293733
8	6	4	2	0.394518
8	6	5	1	0.378104
8	6	5	2	0.641971
8	15	1	1	0.526181
8	15	1	2	1.144518
8	15	2	1	0.246187
8	15	2	2	0.287745
8	15	3	1	0.456768
8	15	3	2	0.513825
8	15	4	1	0.269695
8	15	4	2	0.334278
8	15	5	1	0.415716
8	15	5	2	0.763383
8	3	1	1	0.464402
8	3	1	2	0.927456
8	3	2	1	0.306076
8	3	2	2	0.427793
8	3	3	1	0.254672
8	3	3	2	0.307099
8	3	4	1	0.301833
8	3	4	2	0.416205
8	3	5	1	0.568043
8	3	5	2	1.296180
8	4	1	1	0.510132
8	4	1	2	1.087298
8	4	2	1	0.246504
8	4	2	2	0.287741
8	4	3	1	0.295088
8	4	3	2	0.364835
8	4	4	1	0.250135
8	4	4	2	0.292905
8	4	5	1	0.551002
8	4	5	2	1.234039
9	1	1	1	0.449973
9	1	1	2	0.878115
9	1	2	1	0.275847
9	1	2	2	0.348998
9	1	3	1	0.304119
9	1	3	2	0.375426
9	1	4	1	0.286163
9	1	4	2	0.374817
9	1	5	1	0.576712
9	1	5	2	1.327989
9	8	1	1	0.464402
9	8	1	2	0.927456
9	8	2	1	0.247702
9	8	2	2	0.293050
9	8	3	1	0.314502
9	8	3	2	0.386980
9	8	4	1	0.257070
9	8	4	2	0.306247
9	8	5	1	0.568043
9	8	5	2	1.296180
9	7	1	1	0.372215
9	7	1	2	0.623462
9	7	2	1	0.279143
9	7	2	2	0.357106
9	7	3	1	0.280358
9	7	3	2	0.346196
9	7	4	1	0.275847
9	7	4	2	0.348998
9	7	5	1	0.442913
9	7	5	2	0.854183
9	13	1	1	0.384103
9	13	1	2	0.660973
9	13	2	1	0.246187
9	13	2	2	0.287745
9	13	3	1	0.456768
9	13	3	2	0.513825
9	13	4	1	0.272696
9	13	4	2	0.341388
9	13	5	1	0.534355
9	13	5	2	1.173866
9	5	1	1	0.442913
9	5	1	2	0.854183
9	5	2	1	0.247702
9	5	2	2	0.293050
9	5	3	1	0.287219
9	5	3	2	0.355115
9	5	4	1	0.293733
9	5	4	2	0.394518
9	5	5	1	0.409180
9	5	5	2	0.741915
9	2	1	1	0.471770
9	2	1	2	0.952865
9	2	2	1	0.286163
9	2	2	2	0.374817
9	2	3	1	0.257483
9	2	3	2	0.312044
9	2	4	1	0.248895
9	2	4	2	0.290842
9	2	5	1	0.402749
9	2	5	2	0.720940
9	12	1	1	0.429105
9	12	1	2	0.807797
9	12	2	1	0.286163
9	12	2	2	0.374817
9	12	3	1	0.264683
9	12	3	2	0.323750
9	12	4	1	0.253223
9	12	4	2	0.298561
9	12	5	1	0.384103
9	12	5	2	0.660973
9	14	1	1	0.464402
9	14	1	2	0.927456
9	14	2	1	0.286163
9	14	2	2	0.374817
9	14	3	1	0.248870
9	14	3	2	0.295725
9	14	4	1	0.246131
9	14	4	2	0.288274
9	14	5	1	0.442913
9	14	5	2	0.854183
9	3	1	1	0.502258
9	3	1	2	1.059427
9	3	2	1	0.247069
9	3	2	2	0.288257
9	3	3	1	0.274382
9	3	3	2	0.338023
9	3	4	1	0.248870
9	3	4	2	0.295725
9	3	5	1	0.494484
9	3	5	2	1.032048
9	11	1	1	0.464402
9	11	1	2	0.927456
9	11	2	1	0.251580
9	11	2	2	0.295478
9	11	3	1	0.375359
9	11	3	2	0.446007
9	11	4	1	0.247870
9	11	4	2	0.289292
9	11	5	1	0.449973
9	11	5	2	0.878115
9	10	1	1	0.378104
9	10	1	2	0.641971
9	10	2	1	0.286163
9	10	2	2	0.374817
9	10	3	1	0.287219
9	10	3	2	0.355115
9	10	4	1	0.247069
9	10	4	2	0.288257
9	10	5	1	0.551002
9	10	5	2	1.234039
9	6	1	1	0.526181
9	6	1	2	1.144518
9	6	2	1	0.306076
9	6	2	2	0.427793
9	6	3	1	0.260803
9	6	3	2	0.317588
9	6	4	1	0.246353
9	6	4	2	0.289331
9	6	5	1	0.449973
9	6	5	2	0.878115
9	15	1	1	0.390210
9	15	1	2	0.680469
9	15	2	1	0.246353
9	15	2	2	0.289331
9	15	3	1	0.375359
9	15	3	2	0.446007
9	15	4	1	0.310446
9	15	4	2	0.439877
9	15	5	1	0.526181
9	15	5	2	1.144518
9	4	1	1	0.429105
9	4	1	2	0.807797
9	4	2	1	0.246870
9	4	2	2	0.290921
9	4	3	1	0.304119
9	4	3	2	0.375426
9	4	4	1	0.301833
9	4	4	2	0.416205
9	4	5	1	0.402749
9	4	5	2	0.720940
10	4	1	1	0.534355
10	4	1	2	1.173866
10	4	2	1	0.246870
10	4	2	2	0.290921
10	4	3	1	0.254672
10	4	3	2	0.307099
10	4	4	1	0.286163
10	4	4	2	0.374817
10	4	5	1	0.479240
10	4	5	2	0.978767
10	12	1	1	0.526181
10	12	1	2	1.144518
10	12	2	1	0.248870
10	12	2	2	0.295725
10	12	3	1	0.269185
10	12	3	2	0.330552
10	12	4	1	0.246870
10	12	4	2	0.290921
10	12	5	1	0.464402
10	12	5	2	0.927456
10	7	1	1	0.442913
10	7	1	2	0.854183
10	7	2	1	0.247069
10	7	2	2	0.288257
10	7	3	1	0.248870
10	7	3	2	0.295725
10	7	4	1	0.246353
10	7	4	2	0.289331
10	7	5	1	0.518107
10	7	5	2	1.115662
10	5	1	1	0.457136
10	5	1	2	0.902539
10	5	2	1	0.253223
10	5	2	2	0.298561
10	5	3	1	0.264683
10	5	3	2	0.323750
10	5	4	1	0.247702
10	5	4	2	0.293050
10	5	5	1	0.360770
10	5	5	2	0.587924
10	6	1	1	0.372215
10	6	1	2	0.623462
10	6	2	1	0.246187
10	6	2	2	0.287745
10	6	3	1	0.248870
10	6	3	2	0.295725
10	6	4	1	0.246870
10	6	4	2	0.290921
10	6	5	1	0.486811
10	6	5	2	1.005161
10	15	1	1	0.422358
10	15	1	2	0.785344
10	15	2	1	0.247069
10	15	2	2	0.288257
10	15	3	1	0.340328
10	15	3	2	0.413505
10	15	4	1	0.289880
10	15	4	2	0.384419
10	15	5	1	0.559473
10	15	5	2	1.264864
10	8	1	1	0.471770
10	8	1	2	0.952865
10	8	2	1	0.261626
10	8	2	2	0.315953
10	8	3	1	0.280358
10	8	3	2	0.346196
10	8	4	1	0.257070
10	8	4	2	0.306247
10	8	5	1	0.366437
10	8	5	2	0.605446
10	11	1	1	0.402749
10	11	1	2	0.720940
10	11	2	1	0.250135
10	11	2	2	0.292905
10	11	3	1	0.295088
10	11	3	2	0.364835
10	11	4	1	0.279143
10	11	4	2	0.357106
10	11	5	1	0.510132
10	11	5	2	1.087298
10	1	1	1	0.471770
10	1	1	2	0.952865
10	1	2	1	0.248870
10	1	2	2	0.295725
10	1	3	1	0.252324
10	1	3	2	0.302739
10	1	4	1	0.272696
10	1	4	2	0.341388
10	1	5	1	0.390210
10	1	5	2	0.680469
10	9	1	1	0.518107
10	9	1	2	1.115662
10	9	2	1	0.253223
10	9	2	2	0.298561
10	9	3	1	0.260803
10	9	3	2	0.317588
10	9	4	1	0.251580
10	9	4	2	0.295478
10	9	5	1	0.402749
10	9	5	2	0.720940
10	14	1	1	0.518107
10	14	1	2	1.115662
10	14	2	1	0.275847
10	14	2	2	0.348998
10	14	3	1	0.456768
10	14	3	2	0.513825
10	14	4	1	0.247069
10	14	4	2	0.288257
10	14	5	1	0.384103
10	14	5	2	0.660973
10	13	1	1	0.479240
10	13	1	2	0.978767
10	13	2	1	0.253223
10	13	2	2	0.298561
10	13	3	1	0.269185
10	13	3	2	0.330552
10	13	4	1	0.247702
10	13	4	2	0.293050
10	13	5	1	0.518107
10	13	5	2	1.115662
10	2	1	1	0.378104
10	2	1	2	0.641971
10	2	2	1	0.275847
10	2	2	2	0.348998
10	2	3	1	0.424417
10	2	3	2	0.487653
10	2	4	1	0.261626
10	2	4	2	0.315953
10	2	5	1	0.471770
10	2	5	2	0.952865
10	3	1	1	0.390210
10	3	1	2	0.680469
10	3	2	1	0.255055
10	3	2	2	0.302151
10	3	3	1	0.257483
10	3	3	2	0.312044
10	3	4	1	0.255055
10	3	4	2	0.302151
10	3	5	1	0.415716
10	3	5	2	0.763383
11	6	1	1	0.402749
11	6	1	2	0.720940
11	6	2	1	0.310446
11	6	2	2	0.439877
11	6	3	1	0.304119
11	6	3	2	0.375426
11	6	4	1	0.286163
11	6	4	2	0.374817
11	6	5	1	0.396426
11	6	5	2	0.700458
11	15	1	1	0.526181
11	15	1	2	1.144518
11	15	2	1	0.286163
11	15	2	2	0.374817
11	15	3	1	0.356456
11	15	3	2	0.428864
11	15	4	1	0.301833
11	15	4	2	0.416205
11	15	5	1	0.502258
11	15	5	2	1.059427
11	5	1	1	0.442913
11	5	1	2	0.854183
11	5	2	1	0.289880
11	5	2	2	0.384419
11	5	3	1	0.274382
11	5	3	2	0.338023
11	5	4	1	0.266846
11	5	4	2	0.327669
11	5	5	1	0.384103
11	5	5	2	0.660973
11	12	1	1	0.415716
11	12	1	2	0.763383
11	12	2	1	0.251580
11	12	2	2	0.295478
11	12	3	1	0.456768
11	12	3	2	0.513825
11	12	4	1	0.293733
11	12	4	2	0.394518
11	12	5	1	0.534355
11	12	5	2	1.173866
11	8	1	1	0.479240
11	8	1	2	0.978767
11	8	2	1	0.248895
11	8	2	2	0.290842
11	8	3	1	0.340328
11	8	3	2	0.413505
11	8	4	1	0.246187
11	8	4	2	0.287745
11	8	5	1	0.534355
11	8	5	2	1.173866
11	1	1	1	0.372215
11	1	1	2	0.623462
11	1	2	1	0.251580
11	1	2	2	0.295478
11	1	3	1	0.356456
11	1	3	2	0.428864
11	1	4	1	0.272696
11	1	4	2	0.341388
11	1	5	1	0.384103
11	1	5	2	0.660973
11	7	1	1	0.457136
11	7	1	2	0.902539
11	7	2	1	0.259262
11	7	2	2	0.310848
11	7	3	1	0.254672
11	7	3	2	0.307099
11	7	4	1	0.264155
11	7	4	2	0.321560
11	7	5	1	0.402749
11	7	5	2	0.720940
11	10	1	1	0.435957
11	10	1	2	0.830744
11	10	2	1	0.251580
11	10	2	2	0.295478
11	10	3	1	0.424417
11	10	3	2	0.487653
11	10	4	1	0.289880
11	10	4	2	0.384419
11	10	5	1	0.372215
11	10	5	2	0.623462
11	4	1	1	0.415716
11	4	1	2	0.763383
11	4	2	1	0.253223
11	4	2	2	0.298561
11	4	3	1	0.254672
11	4	3	2	0.307099
11	4	4	1	0.246187
11	4	4	2	0.287745
11	4	5	1	0.378104
11	4	5	2	0.641971
11	9	1	1	0.486811
11	9	1	2	1.005161
11	9	2	1	0.266846
11	9	2	2	0.327669
11	9	3	1	0.356456
11	9	3	2	0.428864
11	9	4	1	0.250135
11	9	4	2	0.292905
11	9	5	1	0.551002
11	9	5	2	1.234039
11	14	1	1	0.534355
11	14	1	2	1.173866
11	14	2	1	0.246504
11	14	2	2	0.287741
11	14	3	1	0.254672
11	14	3	2	0.307099
11	14	4	1	0.297717
11	14	4	2	0.405114
11	14	5	1	0.372215
11	14	5	2	0.623462
11	13	1	1	0.429105
11	13	1	2	0.807797
11	13	2	1	0.282583
11	13	2	2	0.365713
11	13	3	1	0.295088
11	13	3	2	0.364835
11	13	4	1	0.301833
11	13	4	2	0.416205
11	13	5	1	0.409180
11	13	5	2	0.741915
11	2	1	1	0.366437
11	2	1	2	0.605446
11	2	2	1	0.275847
11	2	2	2	0.348998
11	2	3	1	0.287219
11	2	3	2	0.355115
11	2	4	1	0.261626
11	2	4	2	0.315953
11	2	5	1	0.366437
11	2	5	2	0.605446
11	3	1	1	0.464402
11	3	1	2	0.927456
11	3	2	1	0.282583
11	3	2	2	0.365713
11	3	3	1	0.269185
11	3	3	2	0.330552
11	3	4	1	0.282583
11	3	4	2	0.365713
11	3	5	1	0.502258
11	3	5	2	1.059427
12	7	1	1	0.457136
12	7	1	2	0.902539
12	7	2	1	0.246870
12	7	2	2	0.290921
12	7	3	1	0.257483
12	7	3	2	0.312044
12	7	4	1	0.266846
12	7	4	2	0.327669
12	7	5	1	0.457136
12	7	5	2	0.902539
12	5	1	1	0.494484
12	5	1	2	1.032048
12	5	2	1	0.251580
12	5	2	2	0.295478
12	5	3	1	0.280358
12	5	3	2	0.346196
12	5	4	1	0.266846
12	5	4	2	0.327669
12	5	5	1	0.435957
12	5	5	2	0.830744
12	8	1	1	0.384103
12	8	1	2	0.660973
12	8	2	1	0.306076
12	8	2	2	0.427793
12	8	3	1	0.456768
12	8	3	2	0.513825
12	8	4	1	0.247870
12	8	4	2	0.289292
12	8	5	1	0.390210
12	8	5	2	0.680469
12	10	1	1	0.542629
12	10	1	2	1.203706
12	10	2	1	0.286163
12	10	2	2	0.374817
12	10	3	1	0.456768
12	10	3	2	0.513825
12	10	4	1	0.266846
12	10	4	2	0.327669
12	10	5	1	0.396426
12	10	5	2	0.700458
12	6	1	1	0.471770
12	6	1	2	0.952865
12	6	2	1	0.272696
12	6	2	2	0.341388
12	6	3	1	0.456768
12	6	3	2	0.513825
12	6	4	1	0.257070
12	6	4	2	0.306247
12	6	5	1	0.559473
12	6	5	2	1.264864
12	11	1	1	0.378104
12	11	1	2	0.641971
12	11	2	1	0.272696
12	11	2	2	0.341388
12	11	3	1	0.274382
12	11	3	2	0.338023
12	11	4	1	0.257070
12	11	4	2	0.306247
12	11	5	1	0.542629
12	11	5	2	1.203706
12	1	1	1	0.542629
12	1	1	2	1.203706
12	1	2	1	0.264155
12	1	2	2	0.321560
12	1	3	1	0.254672
12	1	3	2	0.307099
12	1	4	1	0.264155
12	1	4	2	0.321560
12	1	5	1	0.510132
12	1	5	2	1.087298
12	4	1	1	0.409180
12	4	1	2	0.741915
12	4	2	1	0.247069
12	4	2	2	0.288257
12	4	3	1	0.280358
12	4	3	2	0.346196
12	4	4	1	0.251580
12	4	4	2	0.295478
12	4	5	1	0.415716
12	4	5	2	0.763383
12	15	1	1	0.471770
12	15	1	2	0.952865
12	15	2	1	0.297717
12	15	2	2	0.405114
12	15	3	1	0.252324
12	15	3	2	0.302739
12	15	4	1	0.286163
12	15	4	2	0.374817
12	15	5	1	0.415716
12	15	5	2	0.763383
12	9	1	1	0.372215
12	9	1	2	0.623462
12	9	2	1	0.246870
12	9	2	2	0.290921
12	9	3	1	0.424417
12	9	3	2	0.487653
12	9	4	1	0.247870
12	9	4	2	0.289292
12	9	5	1	0.360770
12	9	5	2	0.587924
12	14	1	1	0.378104
12	14	1	2	0.641971
12	14	2	1	0.289880
12	14	2	2	0.384419
12	14	3	1	0.304119
12	14	3	2	0.375426
12	14	4	1	0.247069
12	14	4	2	0.288257
12	14	5	1	0.415716
12	14	5	2	0.763383
12	13	1	1	0.551002
12	13	1	2	1.234039
12	13	2	1	0.286163
12	13	2	2	0.374817
12	13	3	1	0.274382
12	13	3	2	0.338023
12	13	4	1	0.264155
12	13	4	2	0.321560
12	13	5	1	0.518107
12	13	5	2	1.115662
12	2	1	1	0.568043
12	2	1	2	1.296180
12	2	2	1	0.269695
12	2	2	2	0.334278
12	2	3	1	0.269185
12	2	3	2	0.330552
12	2	4	1	0.247870
12	2	4	2	0.289292
12	2	5	1	0.510132
12	2	5	2	1.087298
12	3	1	1	0.576712
12	3	1	2	1.327989
12	3	2	1	0.289880
12	3	2	2	0.384419
12	3	3	1	0.295088
12	3	3	2	0.364835
12	3	4	1	0.275847
12	3	4	2	0.348998
12	3	5	1	0.510132
12	3	5	2	1.087298
13	2	1	1	0.457136
13	2	1	2	0.902539
13	2	2	1	0.279143
13	2	2	2	0.357106
13	2	3	1	0.248870
13	2	3	2	0.295725
13	2	4	1	0.269695
13	2	4	2	0.334278
13	2	5	1	0.534355
13	2	5	2	1.173866
13	3	1	1	0.409180
13	3	1	2	0.741915
13	3	2	1	0.247069
13	3	2	2	0.288257
13	3	3	1	0.326472
13	3	3	2	0.399619
13	3	4	1	0.293733
13	3	4	2	0.394518
13	3	5	1	0.559473
13	3	5	2	1.264864
13	14	1	1	0.378104
13	14	1	2	0.641971
13	14	2	1	0.250135
13	14	2	2	0.292905
13	14	3	1	0.295088
13	14	3	2	0.364835
13	14	4	1	0.247069
13	14	4	2	0.288257
13	14	5	1	0.576712
13	14	5	2	1.327989
13	9	1	1	0.534355
13	9	1	2	1.173866
13	9	2	1	0.282583
13	9	2	2	0.365713
13	9	3	1	0.254672
13	9	3	2	0.307099
13	9	4	1	0.289880
13	9	4	2	0.384419
13	9	5	1	0.526181
13	9	5	2	1.144518
13	8	1	1	0.360770
13	8	1	2	0.587924
13	8	2	1	0.269695
13	8	2	2	0.334278
13	8	3	1	0.254672
13	8	3	2	0.307099
13	8	4	1	0.272696
13	8	4	2	0.341388
13	8	5	1	0.449973
13	8	5	2	0.878115
13	1	1	1	0.526181
13	1	1	2	1.144518
13	1	2	1	0.253223
13	1	2	2	0.298561
13	1	3	1	0.375359
13	1	3	2	0.446007
13	1	4	1	0.301833
13	1	4	2	0.416205
13	1	5	1	0.471770
13	1	5	2	0.952865
13	7	1	1	0.534355
13	7	1	2	1.173866
13	7	2	1	0.286163
13	7	2	2	0.374817
13	7	3	1	0.252324
13	7	3	2	0.302739
13	7	4	1	0.253223
13	7	4	2	0.298561
13	7	5	1	0.542629
13	7	5	2	1.203706
13	5	1	1	0.464402
13	5	1	2	0.927456
13	5	2	1	0.257070
13	5	2	2	0.306247
13	5	3	1	0.260803
13	5	3	2	0.317588
13	5	4	1	0.261626
13	5	4	2	0.315953
13	5	5	1	0.442913
13	5	5	2	0.854183
13	12	1	1	0.576712
13	12	1	2	1.327989
13	12	2	1	0.250135
13	12	2	2	0.292905
13	12	3	1	0.287219
13	12	3	2	0.355115
13	12	4	1	0.275847
13	12	4	2	0.348998
13	12	5	1	0.409180
13	12	5	2	0.741915
13	10	1	1	0.518107
13	10	1	2	1.115662
13	10	2	1	0.246131
13	10	2	2	0.288274
13	10	3	1	0.264683
13	10	3	2	0.323750
13	10	4	1	0.247069
13	10	4	2	0.288257
13	10	5	1	0.402749
13	10	5	2	0.720940
13	11	1	1	0.435957
13	11	1	2	0.830744
13	11	2	1	0.248895
13	11	2	2	0.290842
13	11	3	1	0.304119
13	11	3	2	0.375426
13	11	4	1	0.247702
13	11	4	2	0.293050
13	11	5	1	0.568043
13	11	5	2	1.296180
13	6	1	1	0.449973
13	6	1	2	0.878115
13	6	2	1	0.250135
13	6	2	2	0.292905
13	6	3	1	0.280358
13	6	3	2	0.346196
13	6	4	1	0.301833
13	6	4	2	0.416205
13	6	5	1	0.435957
13	6	5	2	0.830744
13	4	1	1	0.518107
13	4	1	2	1.115662
13	4	2	1	0.293733
13	4	2	2	0.394518
13	4	3	1	0.252324
13	4	3	2	0.302739
13	4	4	1	0.264155
13	4	4	2	0.321560
13	4	5	1	0.449973
13	4	5	2	0.878115
13	15	1	1	0.559473
13	15	1	2	1.264864
13	15	2	1	0.246131
13	15	2	2	0.288274
13	15	3	1	0.314502
13	15	3	2	0.386980
13	15	4	1	0.257070
13	15	4	2	0.306247
13	15	5	1	0.402749
13	15	5	2	0.720940
14	3	1	1	0.486811
14	3	1	2	1.005161
14	3	2	1	0.289880
14	3	2	2	0.384419
14	3	3	1	0.254672
14	3	3	2	0.307099
14	3	4	1	0.246353
14	3	4	2	0.289331
14	3	5	1	0.518107
14	3	5	2	1.115662
14	2	1	1	0.534355
14	2	1	2	1.173866
14	2	2	1	0.275847
14	2	2	2	0.348998
14	2	3	1	0.264683
14	2	3	2	0.323750
14	2	4	1	0.247702
14	2	4	2	0.293050
14	2	5	1	0.526181
14	2	5	2	1.144518
14	13	1	1	0.542629
14	13	1	2	1.203706
14	13	2	1	0.264155
14	13	2	2	0.321560
14	13	3	1	0.252324
14	13	3	2	0.302739
14	13	4	1	0.247702
14	13	4	2	0.293050
14	13	5	1	0.415716
14	13	5	2	0.763383
14	7	1	1	0.502258
14	7	1	2	1.059427
14	7	2	1	0.247870
14	7	2	2	0.289292
14	7	3	1	0.295088
14	7	3	2	0.364835
14	7	4	1	0.246131
14	7	4	2	0.288274
14	7	5	1	0.559473
14	7	5	2	1.264864
14	8	1	1	0.378104
14	8	1	2	0.641971
14	8	2	1	0.272696
14	8	2	2	0.341388
14	8	3	1	0.314502
14	8	3	2	0.386980
14	8	4	1	0.247069
14	8	4	2	0.288257
14	8	5	1	0.360770
14	8	5	2	0.587924
14	9	1	1	0.415716
14	9	1	2	0.763383
14	9	2	1	0.306076
14	9	2	2	0.427793
14	9	3	1	0.287219
14	9	3	2	0.355115
14	9	4	1	0.261626
14	9	4	2	0.315953
14	9	5	1	0.518107
14	9	5	2	1.115662
14	5	1	1	0.429105
14	5	1	2	0.807797
14	5	2	1	0.255055
14	5	2	2	0.302151
14	5	3	1	0.340328
14	5	3	2	0.413505
14	5	4	1	0.261626
14	5	4	2	0.315953
14	5	5	1	0.534355
14	5	5	2	1.173866
14	12	1	1	0.479240
14	12	1	2	0.978767
14	12	2	1	0.297717
14	12	2	2	0.405114
14	12	3	1	0.356456
14	12	3	2	0.428864
14	12	4	1	0.310446
14	12	4	2	0.439877
14	12	5	1	0.471770
14	12	5	2	0.952865
14	1	1	1	0.390210
14	1	1	2	0.680469
14	1	2	1	0.286163
14	1	2	2	0.374817
14	1	3	1	0.287219
14	1	3	2	0.355115
14	1	4	1	0.266846
14	1	4	2	0.327669
14	1	5	1	0.542629
14	1	5	2	1.203706
14	10	1	1	0.384103
14	10	1	2	0.660973
14	10	2	1	0.247870
14	10	2	2	0.289292
14	10	3	1	0.257483
14	10	3	2	0.312044
14	10	4	1	0.255055
14	10	4	2	0.302151
14	10	5	1	0.422358
14	10	5	2	0.785344
14	4	1	1	0.396426
14	4	1	2	0.700458
14	4	2	1	0.255055
14	4	2	2	0.302151
14	4	3	1	0.274382
14	4	3	2	0.338023
14	4	4	1	0.246870
14	4	4	2	0.290921
14	4	5	1	0.378104
14	4	5	2	0.641971
14	6	1	1	0.494484
14	6	1	2	1.032048
14	6	2	1	0.246504
14	6	2	2	0.287741
14	6	3	1	0.304119
14	6	3	2	0.375426
14	6	4	1	0.286163
14	6	4	2	0.374817
14	6	5	1	0.551002
14	6	5	2	1.234039
14	11	1	1	0.510132
14	11	1	2	1.087298
14	11	2	1	0.264155
14	11	2	2	0.321560
14	11	3	1	0.356456
14	11	3	2	0.428864
14	11	4	1	0.255055
14	11	4	2	0.302151
14	11	5	1	0.568043
14	11	5	2	1.296180
14	15	1	1	0.372215
14	15	1	2	0.623462
14	15	2	1	0.259262
14	15	2	2	0.310848
14	15	3	1	0.326472
14	15	3	2	0.399619
14	15	4	1	0.275847
14	15	4	2	0.348998
14	15	5	1	0.471770
14	15	5	2	0.952865
15	6	1	1	0.449973
15	6	1	2	0.878115
15	6	2	1	0.248870
15	6	2	2	0.295725
15	6	3	1	0.287219
15	6	3	2	0.355115
15	6	4	1	0.259262
15	6	4	2	0.310848
15	6	5	1	0.510132
15	6	5	2	1.087298
15	11	1	1	0.415716
15	11	1	2	0.763383
15	11	2	1	0.253223
15	11	2	2	0.298561
15	11	3	1	0.424417
15	11	3	2	0.487653
15	11	4	1	0.246131
15	11	4	2	0.288274
15	11	5	1	0.486811
15	11	5	2	1.005161
15	12	1	1	0.435957
15	12	1	2	0.830744
15	12	2	1	0.251580
15	12	2	2	0.295478
15	12	3	1	0.274382
15	12	3	2	0.338023
15	12	4	1	0.246504
15	12	4	2	0.287741
15	12	5	1	0.442913
15	12	5	2	0.854183
15	5	1	1	0.429105
15	5	1	2	0.807797
15	5	2	1	0.306076
15	5	2	2	0.427793
15	5	3	1	0.340328
15	5	3	2	0.413505
15	5	4	1	0.269695
15	5	4	2	0.334278
15	5	5	1	0.442913
15	5	5	2	0.854183
15	10	1	1	0.576712
15	10	1	2	1.327989
15	10	2	1	0.253223
15	10	2	2	0.298561
15	10	3	1	0.260803
15	10	3	2	0.317588
15	10	4	1	0.266846
15	10	4	2	0.327669
15	10	5	1	0.384103
15	10	5	2	0.660973
15	4	1	1	0.464402
15	4	1	2	0.927456
15	4	2	1	0.247702
15	4	2	2	0.293050
15	4	3	1	0.424417
15	4	3	2	0.487653
15	4	4	1	0.310446
15	4	4	2	0.439877
15	4	5	1	0.390210
15	4	5	2	0.680469
15	7	1	1	0.568043
15	7	1	2	1.296180
15	7	2	1	0.261626
15	7	2	2	0.315953
15	7	3	1	0.274382
15	7	3	2	0.338023
15	7	4	1	0.247870
15	7	4	2	0.289292
15	7	5	1	0.568043
15	7	5	2	1.296180
15	8	1	1	0.360770
15	8	1	2	0.587924
15	8	2	1	0.293733
15	8	2	2	0.394518
15	8	3	1	0.397708
15	8	3	2	0.465383
15	8	4	1	0.289880
15	8	4	2	0.384419
15	8	5	1	0.442913
15	8	5	2	0.854183
15	1	1	1	0.559473
15	1	1	2	1.264864
15	1	2	1	0.250135
15	1	2	2	0.292905
15	1	3	1	0.264683
15	1	3	2	0.323750
15	1	4	1	0.257070
15	1	4	2	0.306247
15	1	5	1	0.479240
15	1	5	2	0.978767
15	9	1	1	0.402749
15	9	1	2	0.720940
15	9	2	1	0.246353
15	9	2	2	0.289331
15	9	3	1	0.269185
15	9	3	2	0.330552
15	9	4	1	0.247702
15	9	4	2	0.293050
15	9	5	1	0.372215
15	9	5	2	0.623462
15	14	1	1	0.422358
15	14	1	2	0.785344
15	14	2	1	0.247702
15	14	2	2	0.293050
15	14	3	1	0.254672
15	14	3	2	0.307099
15	14	4	1	0.306076
15	14	4	2	0.427793
15	14	5	1	0.415716
15	14	5	2	0.763383
15	13	1	1	0.471770
15	13	1	2	0.952865
15	13	2	1	0.293733
15	13	2	2	0.394518
15	13	3	1	0.304119
15	13	3	2	0.375426
15	13	4	1	0.247870
15	13	4	2	0.289292
15	13	5	1	0.486811
15	13	5	2	1.005161
15	2	1	1	0.384103
15	2	1	2	0.660973
15	2	2	1	0.286163
15	2	2	2	0.374817
15	2	3	1	0.340328
15	2	3	2	0.413505
15	2	4	1	0.247870
15	2	4	2	0.289292
15	2	5	1	0.518107
15	2	5	2	1.115662
15	3	1	1	0.384103
15	3	1	2	0.660973
15	3	2	1	0.293733
15	3	2	2	0.394518
15	3	3	1	0.375359
15	3	3	2	0.446007
15	3	4	1	0.255055
15	3	4	2	0.302151
15	3	5	1	0.457136
15	3	5	2	0.902539
0	11	1	1	0.409180
0	11	1	2	0.741915
0	11	2	1	0.259262
0	11	2	2	0.310848
0	11	3	1	0.269185
0	11	3	2	0.330552
0	11	4	1	0.247069
0	11	4	2	0.288257
0	11	5	1	0.390210
0	11	5	2	0.680469
0	6	1	1	0.415716
0	6	1	2	0.763383
0	6	2	1	0.286163
0	6	2	2	0.374817
0	6	3	1	0.254672
0	6	3	2	0.307099
0	6	4	1	0.272696
0	6	4	2	0.341388
0	6	5	1	0.449973
0	6	5	2	0.878115
0	15	1	1	0.526181
0	15	1	2	1.144518
0	15	2	1	0.246187
0	15	2	2	0.287745
0	15	3	1	0.326472
0	15	3	2	0.399619
0	15	4	1	0.247702
0	15	4	2	0.293050
0	15	5	1	0.471770
0	15	5	2	0.952865
0	5	1	1	0.366437
0	5	1	2	0.605446
0	5	2	1	0.272696
0	5	2	2	0.341388
0	5	3	1	0.269185
0	5	3	2	0.330552
0	5	4	1	0.247870
0	5	4	2	0.289292
0	5	5	1	0.576712
0	5	5	2	1.327989
0	1	1	1	0.526181
0	1	1	2	1.144518
0	1	2	1	0.261626
0	1	2	2	0.315953
0	1	3	1	0.250401
0	1	3	2	0.298951
0	1	4	1	0.282583
0	1	4	2	0.365713
0	1	5	1	0.471770
0	1	5	2	0.952865
0	12	1	1	0.449973
0	12	1	2	0.878115
0	12	2	1	0.259262
0	12	2	2	0.310848
0	12	3	1	0.250401
0	12	3	2	0.298951
0	12	4	1	0.310446
0	12	4	2	0.439877
0	12	5	1	0.449973
0	12	5	2	0.878115
0	8	1	1	0.568043
0	8	1	2	1.296180
0	8	2	1	0.253223
0	8	2	2	0.298561
0	8	3	1	0.260803
0	8	3	2	0.317588
0	8	4	1	0.279143
0	8	4	2	0.357106
0	8	5	1	0.576712
0	8	5	2	1.327989
0	7	1	1	0.409180
0	7	1	2	0.741915
0	7	2	1	0.255055
0	7	2	2	0.302151
0	7	3	1	0.274382
0	7	3	2	0.338023
0	7	4	1	0.266846
0	7	4	2	0.327669
0	7	5	1	0.435957
0	7	5	2	0.830744
0	9	1	1	0.449973
0	9	1	2	0.878115
0	9	2	1	0.257070
0	9	2	2	0.306247
0	9	3	1	0.456768
0	9	3	2	0.513825
0	9	4	1	0.264155
0	9	4	2	0.321560
0	9	5	1	0.464402
0	9	5	2	0.927456
0	10	1	1	0.442913
0	10	1	2	0.854183
0	10	2	1	0.282583
0	10	2	2	0.365713
0	10	3	1	0.314502
0	10	3	2	0.386980
0	10	4	1	0.286163
0	10	4	2	0.374817
0	10	5	1	0.422358
0	10	5	2	0.785344
0	4	1	1	0.502258
0	4	1	2	1.059427
0	4	2	1	0.250135
0	4	2	2	0.292905
0	4	3	1	0.252324
0	4	3	2	0.302739
0	4	4	1	0.297717
0	4	4	2	0.405114
0	4	5	1	0.409180
0	4	5	2	0.741915
0	13	1	1	0.384103
0	13	1	2	0.660973
0	13	2	1	0.279143
0	13	2	2	0.357106
0	13	3	1	0.326472
0	13	3	2	0.399619
0	13	4	1	0.264155
0	13	4	2	0.321560
0	13	5	1	0.551002
0	13	5	2	1.234039
0	14	1	1	0.559473
0	14	1	2	1.264864
0	14	2	1	0.248870
0	14	2	2	0.295725
0	14	3	1	0.264683
0	14	3	2	0.323750
0	14	4	1	0.279143
0	14	4	2	0.357106
0	14	5	1	0.494484
0	14	5	2	1.032048
0	2	1	1	0.435957
0	2	1	2	0.830744
0	2	2	1	0.246353
0	2	2	2	0.289331
0	2	3	1	0.456768
0	2	3	2	0.513825
0	2	4	1	0.248895
0	2	4	2	0.290842
0	2	5	1	0.479240
0	2	5	2	0.978767
0	3	1	1	0.384103
0	3	1	2	0.660973
0	3	2	1	0.264155
0	3	2	2	0.321560
0	3	3	1	0.269185
0	3	3	2	0.330552
0	3	4	1	0.293733
0	3	4	2	0.394518
0	3	5	1	0.422358
0	3	5	2	0.785344
11	0	1	1	0.366437
11	0	1	2	0.605446
11	0	2	1	0.293733
11	0	2	2	0.394518
11	0	3	1	0.254672
11	0	3	2	0.307099
11	0	4	1	0.250135
11	0	4	2	0.292905
11	0	5	1	0.542629
11	0	5	2	1.203706
6	0	1	1	0.486811
6	0	1	2	1.005161
6	0	2	1	0.272696
6	0	2	2	0.341388
6	0	3	1	0.280358
6	0	3	2	0.346196
6	0	4	1	0.250135
6	0	4	2	0.292905
6	0	5	1	0.576712
6	0	5	2	1.327989
15	0	1	1	0.360770
15	0	1	2	0.587924
15	0	2	1	0.310446
15	0	2	2	0.439877
15	0	3	1	0.326472
15	0	3	2	0.399619
15	0	4	1	0.272696
15	0	4	2	0.341388
15	0	5	1	0.534355
15	0	5	2	1.173866
5	0	1	1	0.435957
5	0	1	2	0.830744
5	0	2	1	0.251580
5	0	2	2	0.295478
5	0	3	1	0.260803
5	0	3	2	0.317588
5	0	4	1	0.282583
5	0	4	2	0.365713
5	0	5	1	0.422358
5	0	5	2	0.785344
1	0	1	1	0.384103
1	0	1	2	0.660973
1	0	2	1	0.301833
1	0	2	2	0.416205
1	0	3	1	0.274382
1	0	3	2	0.338023
1	0	4	1	0.255055
1	0	4	2	0.302151
1	0	5	1	0.409180
1	0	5	2	0.741915
12	0	1	1	0.464402
12	0	1	2	0.927456
12	0	2	1	0.310446
12	0	2	2	0.439877
12	0	3	1	0.254672
12	0	3	2	0.307099
12	0	4	1	0.282583
12	0	4	2	0.365713
12	0	5	1	0.568043
12	0	5	2	1.296180
8	0	1	1	0.378104
8	0	1	2	0.641971
8	0	2	1	0.259262
8	0	2	2	0.310848
8	0	3	1	0.397708
8	0	3	2	0.465383
8	0	4	1	0.293733
8	0	4	2	0.394518
8	0	5	1	0.486811
8	0	5	2	1.005161
7	0	1	1	0.360770
7	0	1	2	0.587924
7	0	2	1	0.282583
7	0	2	2	0.365713
7	0	3	1	0.456768
7	0	3	2	0.513825
7	0	4	1	0.301833
7	0	4	2	0.416205
7	0	5	1	0.526181
7	0	5	2	1.144518
9	0	1	1	0.510132
9	0	1	2	1.087298
9	0	2	1	0.306076
9	0	2	2	0.427793
9	0	3	1	0.264683
9	0	3	2	0.323750
9	0	4	1	0.297717
9	0	4	2	0.405114
9	0	5	1	0.568043
9	0	5	2	1.296180
10	0	1	1	0.435957
10	0	1	2	0.830744
10	0	2	1	0.275847
10	0	2	2	0.348998
10	0	3	1	0.356456
10	0	3	2	0.428864
10	0	4	1	0.253223
10	0	4	2	0.298561
10	0	5	1	0.559473
10	0	5	2	1.264864
4	0	1	1	0.449973
4	0	1	2	0.878115
4	0	2	1	0.247702
4	0	2	2	0.293050
4	0	3	1	0.375359
4	0	3	2	0.446007
4	0	4	1	0.250135
4	0	4	2	0.292905
4	0	5	1	0.435957
4	0	5	2	0.830744
13	0	1	1	0.415716
13	0	1	2	0.763383
13	0	2	1	0.250135
13	0	2	2	0.292905
13	0	3	1	0.254672
13	0	3	2	0.307099
13	0	4	1	0.246187
13	0	4	2	0.287745
13	0	5	1	0.366437
13	0	5	2	0.605446
14	0	1	1	0.409180
14	0	1	2	0.741915
14	0	2	1	0.246504
14	0	2	2	0.287741
14	0	3	1	0.257483
14	0	3	2	0.312044
14	0	4	1	0.247702
14	0	4	2	0.293050
14	0	5	1	0.435957
14	0	5	2	0.830744
2	0	1	1	0.526181
2	0	1	2	1.144518
2	0	2	1	0.306076
2	0	2	2	0.427793
2	0	3	1	0.287219
2	0	3	2	0.355115
2	0	4	1	0.275847
2	0	4	2	0.348998
2	0	5	1	0.390210
2	0	5	2	0.680469
3	0	1	1	0.510132
3	0	1	2	1.087298
3	0	2	1	0.275847
3	0	2	2	0.348998
3	0	3	1	0.314502
3	0	3	2	0.386980
3	0	4	1	0.301833
3	0	4	2	0.416205
3	0	5	1	0.422358
3	0	5	2	0.785344
;
