param:	TIME:	Ts	Te:=
1	0   108
2	108   216
3	216   324
4	324   432
5	432   540
;
param:	NODE:	r	st	WS	WE:=
0	0	0	0	540
1	1962	22	80	425
2	2292	25	37	387
3	1743	19	61	409
4	2469	27	30	380
5	2454	27	82	432
6	1434	16	48	368
7	1917	21	83	411
8	2385	26	59	413
9	2436	27	51	395
10	2478	28	67	423
11	531	6	49	366
12	342	4	30	352
13	720	8	30	366
14	1500	17	10	348
15	1785	20	82	409
;
param: VEHICLE:	Ch	Lh	Ph	ch:=
1	10000	150	2.2384e-005	2.66374
2	15000	200	1.79961e-005	2.66374
3	10000	150	2.2384e-005	2.66374
4	15000	200	1.79961e-005	2.66374
;
param q_real:=3;
param	nth:=14;
param	nth1:=15;
param:	ARC:	D:=
1	11	13.530000
1	6	23.379999
1	12	42.750000
1	8	43.400002
1	5	44.200001
1	15	79.190002
1	14	93.580002
1	2	94.873001
1	9	95.752998
1	4	98.510002
1	10	103.650002
1	13	122.089996
1	7	132.490005
1	3	133.500000
2	9	10.620000
2	14	28.270000
2	5	52.889999
2	12	55.000000
2	3	61.580002
2	4	68.860001
2	13	85.349998
2	11	88.169998
2	1	94.492996
2	7	94.720001
2	10	102.449997
2	8	103.650002
2	6	110.882004
2	15	144.261002
3	7	48.169998
3	13	48.900002
3	9	53.619999
3	4	53.889999
3	2	63.169998
3	10	84.919998
3	14	89.370003
3	12	91.629997
3	5	104.440002
3	8	121.620003
3	11	124.000000
3	1	134.100006
3	6	148.250000
3	15	159.149994
4	13	24.480000
4	7	34.660000
4	10	35.500000
4	3	53.860001
4	9	59.840000
4	12	62.770000
4	2	68.879997
4	8	70.400002
4	11	85.040001
4	5	87.089996
4	14	93.300003
4	1	98.489998
4	15	102.339996
4	6	105.849998
5	12	30.120001
5	1	44.660000
5	11	48.720001
5	14	50.000000
5	2	52.360001
5	9	60.040001
5	6	67.330002
5	8	69.260002
5	4	87.150002
5	10	102.839996
5	3	104.720001
5	13	110.309998
5	15	111.139999
5	7	119.680000
6	11	21.309999
6	1	23.400000
6	8	39.029999
6	12	55.139999
6	15	59.349998
6	5	66.930000
6	4	106.160004
6	10	107.230003
6	2	110.010002
6	9	110.910004
6	14	118.050003
6	13	128.190002
6	7	138.699997
6	3	146.470001
7	13	11.470000
7	4	34.849998
7	10	46.540001
7	3	48.299999
7	9	84.199997
7	2	94.300003
7	12	96.889999
7	8	101.400002
7	11	118.459999
7	5	119.599998
7	14	121.230003
7	15	126.680000
7	1	131.910004
7	6	137.990005
8	11	30.450001
8	6	39.020000
8	15	42.830002
8	1	43.419998
8	12	48.419998
8	10	68.199997
8	4	68.900002
8	5	68.910004
8	13	89.870003
8	9	96.310997
8	2	99.850998
8	7	100.269997
8	14	109.639999
8	3	120.309998
9	2	10.730000
9	14	38.430000
9	3	53.169998
9	12	55.709999
9	4	59.970001
9	5	60.290001
9	13	75.370003
9	7	84.739998
9	11	88.879997
9	10	93.559998
9	1	95.142998
9	8	96.779999
9	6	111.531998
9	15	135.479996
10	4	34.380001
10	13	36.490002
10	7	46.680000
10	8	69.349998
10	12	78.389999
10	3	85.040001
10	15	89.389999
10	11	90.059998
10	9	92.949997
10	2	101.989998
10	5	102.320999
10	1	103.510002
10	6	107.720001
10	14	121.059998
11	1	13.530000
11	6	21.290001
11	8	30.440001
11	12	34.009998
11	5	48.259998
11	15	70.639999
11	4	85.059998
11	2	88.790001
11	9	89.690002
11	10	90.199997
11	14	96.889999
11	13	108.639999
11	7	119.040001
11	3	124.139999
12	5	29.750000
12	11	33.799999
12	1	42.610001
12	8	50.150002
12	6	54.919998
12	2	55.349998
12	9	56.250000
12	4	62.790001
12	14	63.450001
12	10	78.720001
12	13	86.370003
12	15	89.389999
12	3	91.660004
12	7	96.550003
13	7	11.370000
13	4	24.780001
13	10	36.230000
13	3	49.340000
13	9	75.989998
13	2	86.089996
13	12	86.820000
13	8	91.150002
13	11	108.209999
13	5	110.480003
13	14	112.110001
13	15	116.370003
13	1	121.660004
13	6	127.150002
14	2	28.410000
14	9	38.590000
14	5	50.369999
14	12	63.230000
14	3	89.550003
14	4	93.419998
14	1	93.529999
14	11	96.400002
14	8	111.690002
14	13	111.889999
14	6	118.070000
14	7	121.260002
14	10	121.500000
14	15	153.199997
15	8	42.970001
15	6	59.369999
15	11	70.870003
15	1	79.139999
15	12	89.400002
15	10	89.629997
15	4	102.169998
15	5	110.559998
15	13	116.919998
15	7	127.110001
15	9	132.960999
15	2	142.001007
15	14	154.449997
15	3	155.440002
0	4	32.740002
0	10	36.189999
0	8	38.020000
0	12	43.349998
0	13	53.709999
0	11	55.139999
0	7	64.110001
0	5	66.691002
0	1	68.589996
0	15	69.959999
0	9	71.940002
0	6	74.080002
0	2	80.879997
0	3	83.059998
0	14	92.889999
4	0	32.779999
10	0	35.970001
8	0	36.750000
12	0	43.459999
13	0	53.529999
11	0	55.520000
7	0	63.779999
5	0	66.650002
1	0	68.970001
15	0	70.019997
9	0	71.680000
6	0	74.440002
2	0	80.570000
3	0	83.059998
14	0	92.589996
;
param:	v:=
1	11	1	88
1	11	2	49
1	11	3	15
1	11	4	43
1	11	5	97
1	6	1	86
1	6	2	33
1	6	3	17
1	6	4	46
1	6	5	83
1	12	1	90
1	12	2	49
1	12	3	23
1	12	4	37
1	12	5	71
1	8	1	88
1	8	2	54
1	8	3	10
1	8	4	31
1	8	5	90
1	5	1	97
1	5	2	42
1	5	3	25
1	5	4	50
1	5	5	77
1	15	1	79
1	15	2	49
1	15	3	11
1	15	4	37
1	15	5	100
1	14	1	85
1	14	2	44
1	14	3	20
1	14	4	33
1	14	5	100
1	2	1	75
1	2	2	34
1	2	3	20
1	2	4	36
1	2	5	70
1	9	1	97
1	9	2	57
1	9	3	22
1	9	4	60
1	9	5	77
1	4	1	73
1	4	2	45
1	4	3	25
1	4	4	40
1	4	5	91
1	10	1	97
1	10	2	52
1	10	3	21
1	10	4	47
1	10	5	100
1	13	1	95
1	13	2	54
1	13	3	11
1	13	4	43
1	13	5	98
1	7	1	76
1	7	2	33
1	7	3	19
1	7	4	41
1	7	5	96
1	3	1	93
1	3	2	49
1	3	3	17
1	3	4	59
1	3	5	97
2	9	1	85
2	9	2	54
2	9	3	27
2	9	4	54
2	9	5	99
2	14	1	97
2	14	2	41
2	14	3	18
2	14	4	31
2	14	5	88
2	5	1	89
2	5	2	43
2	5	3	20
2	5	4	48
2	5	5	84
2	12	1	82
2	12	2	40
2	12	3	21
2	12	4	59
2	12	5	87
2	3	1	72
2	3	2	31
2	3	3	14
2	3	4	41
2	3	5	81
2	4	1	85
2	4	2	34
2	4	3	23
2	4	4	48
2	4	5	83
2	13	1	85
2	13	2	48
2	13	3	20
2	13	4	56
2	13	5	73
2	11	1	81
2	11	2	60
2	11	3	10
2	11	4	37
2	11	5	93
2	1	1	83
2	1	2	39
2	1	3	25
2	1	4	55
2	1	5	71
2	7	1	97
2	7	2	51
2	7	3	17
2	7	4	59
2	7	5	87
2	10	1	72
2	10	2	30
2	10	3	17
2	10	4	45
2	10	5	86
2	8	1	80
2	8	2	36
2	8	3	17
2	8	4	31
2	8	5	95
2	6	1	83
2	6	2	41
2	6	3	13
2	6	4	33
2	6	5	98
2	15	1	87
2	15	2	33
2	15	3	30
2	15	4	47
2	15	5	93
3	7	1	100
3	7	2	34
3	7	3	14
3	7	4	33
3	7	5	78
3	13	1	96
3	13	2	56
3	13	3	15
3	13	4	54
3	13	5	99
3	9	1	70
3	9	2	60
3	9	3	13
3	9	4	30
3	9	5	98
3	4	1	99
3	4	2	37
3	4	3	26
3	4	4	40
3	4	5	94
3	2	1	92
3	2	2	46
3	2	3	15
3	2	4	31
3	2	5	95
3	10	1	92
3	10	2	34
3	10	3	28
3	10	4	53
3	10	5	90
3	14	1	99
3	14	2	38
3	14	3	24
3	14	4	37
3	14	5	84
3	12	1	75
3	12	2	50
3	12	3	17
3	12	4	47
3	12	5	92
3	5	1	93
3	5	2	43
3	5	3	21
3	5	4	36
3	5	5	95
3	8	1	90
3	8	2	32
3	8	3	18
3	8	4	49
3	8	5	70
3	11	1	81
3	11	2	37
3	11	3	13
3	11	4	46
3	11	5	79
3	1	1	75
3	1	2	50
3	1	3	11
3	1	4	33
3	1	5	88
3	6	1	84
3	6	2	46
3	6	3	11
3	6	4	35
3	6	5	97
3	15	1	88
3	15	2	30
3	15	3	25
3	15	4	44
3	15	5	71
4	13	1	74
4	13	2	40
4	13	3	13
4	13	4	49
4	13	5	70
4	7	1	70
4	7	2	51
4	7	3	16
4	7	4	56
4	7	5	78
4	10	1	70
4	10	2	52
4	10	3	19
4	10	4	44
4	10	5	98
4	3	1	71
4	3	2	46
4	3	3	16
4	3	4	54
4	3	5	70
4	9	1	79
4	9	2	38
4	9	3	11
4	9	4	42
4	9	5	89
4	12	1	97
4	12	2	51
4	12	3	10
4	12	4	44
4	12	5	98
4	2	1	97
4	2	2	33
4	2	3	24
4	2	4	56
4	2	5	80
4	8	1	74
4	8	2	58
4	8	3	13
4	8	4	31
4	8	5	81
4	11	1	90
4	11	2	45
4	11	3	10
4	11	4	30
4	11	5	94
4	5	1	97
4	5	2	42
4	5	3	21
4	5	4	35
4	5	5	93
4	14	1	99
4	14	2	34
4	14	3	16
4	14	4	36
4	14	5	72
4	1	1	80
4	1	2	42
4	1	3	29
4	1	4	39
4	1	5	98
4	15	1	76
4	15	2	60
4	15	3	20
4	15	4	53
4	15	5	97
4	6	1	88
4	6	2	58
4	6	3	16
4	6	4	36
4	6	5	100
5	12	1	95
5	12	2	59
5	12	3	16
5	12	4	44
5	12	5	97
5	1	1	80
5	1	2	42
5	1	3	23
5	1	4	45
5	1	5	76
5	11	1	83
5	11	2	33
5	11	3	14
5	11	4	48
5	11	5	88
5	14	1	89
5	14	2	49
5	14	3	25
5	14	4	57
5	14	5	99
5	2	1	71
5	2	2	33
5	2	3	14
5	2	4	34
5	2	5	91
5	9	1	77
5	9	2	55
5	9	3	21
5	9	4	50
5	9	5	70
5	6	1	94
5	6	2	51
5	6	3	13
5	6	4	34
5	6	5	71
5	8	1	70
5	8	2	56
5	8	3	30
5	8	4	52
5	8	5	72
5	4	1	79
5	4	2	36
5	4	3	20
5	4	4	30
5	4	5	81
5	10	1	92
5	10	2	60
5	10	3	15
5	10	4	45
5	10	5	86
5	3	1	98
5	3	2	36
5	3	3	26
5	3	4	33
5	3	5	77
5	13	1	78
5	13	2	60
5	13	3	19
5	13	4	30
5	13	5	98
5	15	1	75
5	15	2	43
5	15	3	21
5	15	4	51
5	15	5	80
5	7	1	73
5	7	2	35
5	7	3	10
5	7	4	36
5	7	5	94
6	11	1	99
6	11	2	47
6	11	3	20
6	11	4	55
6	11	5	75
6	1	1	88
6	1	2	36
6	1	3	14
6	1	4	41
6	1	5	99
6	8	1	86
6	8	2	40
6	8	3	27
6	8	4	58
6	8	5	72
6	12	1	75
6	12	2	56
6	12	3	18
6	12	4	38
6	12	5	93
6	15	1	80
6	15	2	46
6	15	3	21
6	15	4	33
6	15	5	88
6	5	1	96
6	5	2	57
6	5	3	15
6	5	4	40
6	5	5	95
6	4	1	90
6	4	2	44
6	4	3	30
6	4	4	58
6	4	5	86
6	10	1	80
6	10	2	47
6	10	3	13
6	10	4	52
6	10	5	73
6	2	1	94
6	2	2	51
6	2	3	22
6	2	4	31
6	2	5	93
6	9	1	76
6	9	2	31
6	9	3	16
6	9	4	42
6	9	5	85
6	14	1	92
6	14	2	32
6	14	3	10
6	14	4	55
6	14	5	73
6	13	1	88
6	13	2	57
6	13	3	19
6	13	4	31
6	13	5	87
6	7	1	70
6	7	2	31
6	7	3	12
6	7	4	55
6	7	5	80
6	3	1	89
6	3	2	60
6	3	3	26
6	3	4	40
6	3	5	71
7	13	1	96
7	13	2	44
7	13	3	26
7	13	4	51
7	13	5	81
7	4	1	85
7	4	2	38
7	4	3	30
7	4	4	45
7	4	5	90
7	10	1	95
7	10	2	50
7	10	3	26
7	10	4	57
7	10	5	72
7	3	1	85
7	3	2	56
7	3	3	13
7	3	4	34
7	3	5	99
7	9	1	76
7	9	2	57
7	9	3	30
7	9	4	49
7	9	5	97
7	2	1	88
7	2	2	45
7	2	3	26
7	2	4	30
7	2	5	73
7	12	1	91
7	12	2	38
7	12	3	25
7	12	4	30
7	12	5	88
7	8	1	98
7	8	2	37
7	8	3	19
7	8	4	38
7	8	5	100
7	11	1	86
7	11	2	30
7	11	3	17
7	11	4	50
7	11	5	87
7	5	1	91
7	5	2	56
7	5	3	18
7	5	4	53
7	5	5	97
7	14	1	97
7	14	2	40
7	14	3	16
7	14	4	51
7	14	5	77
7	15	1	75
7	15	2	51
7	15	3	10
7	15	4	30
7	15	5	91
7	1	1	70
7	1	2	53
7	1	3	22
7	1	4	57
7	1	5	100
7	6	1	95
7	6	2	59
7	6	3	27
7	6	4	47
7	6	5	87
8	11	1	79
8	11	2	44
8	11	3	23
8	11	4	60
8	11	5	80
8	6	1	81
8	6	2	59
8	6	3	16
8	6	4	56
8	6	5	74
8	15	1	91
8	15	2	30
8	15	3	29
8	15	4	46
8	15	5	91
8	1	1	86
8	1	2	51
8	1	3	22
8	1	4	44
8	1	5	80
8	12	1	99
8	12	2	56
8	12	3	30
8	12	4	34
8	12	5	87
8	10	1	71
8	10	2	36
8	10	3	29
8	10	4	58
8	10	5	83
8	4	1	97
8	4	2	31
8	4	3	27
8	4	4	31
8	4	5	95
8	5	1	78
8	5	2	38
8	5	3	11
8	5	4	37
8	5	5	72
8	13	1	100
8	13	2	41
8	13	3	12
8	13	4	48
8	13	5	78
8	9	1	87
8	9	2	60
8	9	3	16
8	9	4	35
8	9	5	86
8	2	1	93
8	2	2	48
8	2	3	25
8	2	4	58
8	2	5	97
8	7	1	100
8	7	2	43
8	7	3	24
8	7	4	41
8	7	5	76
8	14	1	98
8	14	2	51
8	14	3	14
8	14	4	56
8	14	5	90
8	3	1	70
8	3	2	51
8	3	3	21
8	3	4	33
8	3	5	93
9	2	1	86
9	2	2	47
9	2	3	27
9	2	4	38
9	2	5	81
9	14	1	97
9	14	2	37
9	14	3	16
9	14	4	32
9	14	5	91
9	3	1	100
9	3	2	38
9	3	3	16
9	3	4	37
9	3	5	88
9	12	1	100
9	12	2	53
9	12	3	20
9	12	4	36
9	12	5	80
9	4	1	96
9	4	2	60
9	4	3	26
9	4	4	58
9	4	5	76
9	5	1	88
9	5	2	57
9	5	3	18
9	5	4	30
9	5	5	90
9	13	1	95
9	13	2	35
9	13	3	21
9	13	4	51
9	13	5	87
9	7	1	83
9	7	2	33
9	7	3	24
9	7	4	33
9	7	5	92
9	11	1	78
9	11	2	37
9	11	3	22
9	11	4	34
9	11	5	84
9	10	1	80
9	10	2	30
9	10	3	24
9	10	4	58
9	10	5	81
9	1	1	97
9	1	2	58
9	1	3	15
9	1	4	49
9	1	5	98
9	8	1	72
9	8	2	47
9	8	3	17
9	8	4	57
9	8	5	71
9	6	1	73
9	6	2	58
9	6	3	20
9	6	4	57
9	6	5	88
9	15	1	98
9	15	2	37
9	15	3	23
9	15	4	40
9	15	5	80
10	4	1	79
10	4	2	57
10	4	3	20
10	4	4	51
10	4	5	77
10	13	1	86
10	13	2	46
10	13	3	30
10	13	4	32
10	13	5	84
10	7	1	91
10	7	2	41
10	7	3	27
10	7	4	36
10	7	5	87
10	8	1	93
10	8	2	47
10	8	3	27
10	8	4	41
10	8	5	84
10	12	1	93
10	12	2	32
10	12	3	17
10	12	4	37
10	12	5	73
10	3	1	90
10	3	2	48
10	3	3	22
10	3	4	42
10	3	5	85
10	15	1	98
10	15	2	43
10	15	3	16
10	15	4	33
10	15	5	98
10	11	1	87
10	11	2	40
10	11	3	27
10	11	4	52
10	11	5	79
10	9	1	99
10	9	2	46
10	9	3	22
10	9	4	40
10	9	5	98
10	2	1	98
10	2	2	54
10	2	3	24
10	2	4	52
10	2	5	78
10	5	1	77
10	5	2	54
10	5	3	12
10	5	4	58
10	5	5	75
10	1	1	75
10	1	2	40
10	1	3	16
10	1	4	51
10	1	5	76
10	6	1	99
10	6	2	53
10	6	3	23
10	6	4	42
10	6	5	86
10	14	1	96
10	14	2	35
10	14	3	21
10	14	4	41
10	14	5	88
11	1	1	99
11	1	2	31
11	1	3	17
11	1	4	40
11	1	5	96
11	6	1	95
11	6	2	43
11	6	3	20
11	6	4	43
11	6	5	97
11	8	1	82
11	8	2	52
11	8	3	10
11	8	4	54
11	8	5	81
11	12	1	72
11	12	2	40
11	12	3	10
11	12	4	54
11	12	5	77
11	5	1	76
11	5	2	39
11	5	3	17
11	5	4	49
11	5	5	86
11	15	1	72
11	15	2	50
11	15	3	16
11	15	4	42
11	15	5	75
11	4	1	71
11	4	2	34
11	4	3	15
11	4	4	48
11	4	5	79
11	2	1	79
11	2	2	49
11	2	3	21
11	2	4	56
11	2	5	86
11	9	1	92
11	9	2	46
11	9	3	14
11	9	4	44
11	9	5	71
11	10	1	85
11	10	2	33
11	10	3	25
11	10	4	53
11	10	5	88
11	14	1	95
11	14	2	45
11	14	3	17
11	14	4	32
11	14	5	98
11	13	1	76
11	13	2	48
11	13	3	13
11	13	4	37
11	13	5	76
11	7	1	91
11	7	2	53
11	7	3	29
11	7	4	51
11	7	5	98
11	3	1	91
11	3	2	36
11	3	3	21
11	3	4	50
11	3	5	97
12	5	1	73
12	5	2	53
12	5	3	30
12	5	4	47
12	5	5	90
12	11	1	99
12	11	2	33
12	11	3	23
12	11	4	43
12	11	5	93
12	1	1	91
12	1	2	54
12	1	3	11
12	1	4	59
12	1	5	86
12	8	1	88
12	8	2	59
12	8	3	28
12	8	4	51
12	8	5	81
12	6	1	85
12	6	2	35
12	6	3	17
12	6	4	32
12	6	5	79
12	2	1	86
12	2	2	42
12	2	3	16
12	2	4	52
12	2	5	90
12	9	1	85
12	9	2	46
12	9	3	21
12	9	4	58
12	9	5	93
12	4	1	84
12	4	2	39
12	4	3	24
12	4	4	35
12	4	5	72
12	14	1	71
12	14	2	33
12	14	3	26
12	14	4	58
12	14	5	80
12	10	1	75
12	10	2	41
12	10	3	24
12	10	4	41
12	10	5	95
12	13	1	98
12	13	2	51
12	13	3	16
12	13	4	42
12	13	5	97
12	15	1	79
12	15	2	40
12	15	3	14
12	15	4	59
12	15	5	81
12	3	1	97
12	3	2	37
12	3	3	17
12	3	4	60
12	3	5	74
12	7	1	89
12	7	2	52
12	7	3	20
12	7	4	35
12	7	5	79
13	7	1	70
13	7	2	35
13	7	3	10
13	7	4	51
13	7	5	76
13	4	1	80
13	4	2	45
13	4	3	16
13	4	4	38
13	4	5	70
13	10	1	75
13	10	2	45
13	10	3	18
13	10	4	30
13	10	5	91
13	3	1	72
13	3	2	36
13	3	3	18
13	3	4	47
13	3	5	94
13	9	1	74
13	9	2	44
13	9	3	30
13	9	4	52
13	9	5	75
13	2	1	91
13	2	2	47
13	2	3	29
13	2	4	44
13	2	5	89
13	12	1	99
13	12	2	36
13	12	3	24
13	12	4	51
13	12	5	71
13	8	1	80
13	8	2	47
13	8	3	15
13	8	4	60
13	8	5	73
13	11	1	94
13	11	2	50
13	11	3	21
13	11	4	42
13	11	5	78
13	5	1	85
13	5	2	39
13	5	3	28
13	5	4	35
13	5	5	93
13	14	1	98
13	14	2	55
13	14	3	28
13	14	4	33
13	14	5	74
13	15	1	94
13	15	2	59
13	15	3	28
13	15	4	42
13	15	5	100
13	1	1	92
13	1	2	34
13	1	3	30
13	1	4	57
13	1	5	99
13	6	1	92
13	6	2	50
13	6	3	23
13	6	4	47
13	6	5	90
14	2	1	76
14	2	2	34
14	2	3	25
14	2	4	50
14	2	5	89
14	9	1	84
14	9	2	49
14	9	3	24
14	9	4	41
14	9	5	98
14	5	1	84
14	5	2	37
14	5	3	13
14	5	4	40
14	5	5	75
14	12	1	93
14	12	2	42
14	12	3	28
14	12	4	35
14	12	5	93
14	3	1	81
14	3	2	46
14	3	3	27
14	3	4	41
14	3	5	89
14	4	1	84
14	4	2	44
14	4	3	23
14	4	4	57
14	4	5	79
14	1	1	77
14	1	2	52
14	1	3	12
14	1	4	50
14	1	5	74
14	11	1	91
14	11	2	32
14	11	3	16
14	11	4	43
14	11	5	92
14	8	1	77
14	8	2	32
14	8	3	24
14	8	4	32
14	8	5	80
14	13	1	90
14	13	2	42
14	13	3	15
14	13	4	44
14	13	5	84
14	6	1	89
14	6	2	45
14	6	3	18
14	6	4	55
14	6	5	97
14	7	1	77
14	7	2	44
14	7	3	13
14	7	4	31
14	7	5	99
14	10	1	70
14	10	2	46
14	10	3	12
14	10	4	48
14	10	5	95
14	15	1	83
14	15	2	54
14	15	3	26
14	15	4	54
14	15	5	100
15	8	1	93
15	8	2	53
15	8	3	18
15	8	4	36
15	8	5	90
15	6	1	96
15	6	2	48
15	6	3	29
15	6	4	47
15	6	5	98
15	11	1	95
15	11	2	53
15	11	3	19
15	11	4	54
15	11	5	95
15	1	1	73
15	1	2	44
15	1	3	26
15	1	4	52
15	1	5	72
15	12	1	85
15	12	2	36
15	12	3	29
15	12	4	56
15	12	5	99
15	10	1	80
15	10	2	58
15	10	3	22
15	10	4	35
15	10	5	80
15	4	1	76
15	4	2	47
15	4	3	18
15	4	4	36
15	4	5	76
15	5	1	82
15	5	2	50
15	5	3	23
15	5	4	52
15	5	5	84
15	13	1	85
15	13	2	33
15	13	3	14
15	13	4	56
15	13	5	71
15	7	1	100
15	7	2	44
15	7	3	26
15	7	4	51
15	7	5	76
15	9	1	97
15	9	2	55
15	9	3	29
15	9	4	53
15	9	5	95
15	2	1	90
15	2	2	30
15	2	3	26
15	2	4	48
15	2	5	92
15	14	1	96
15	14	2	54
15	14	3	21
15	14	4	56
15	14	5	76
15	3	1	90
15	3	2	52
15	3	3	24
15	3	4	41
15	3	5	74
0	4	1	78
0	4	2	41
0	4	3	25
0	4	4	35
0	4	5	99
0	10	1	98
0	10	2	48
0	10	3	17
0	10	4	44
0	10	5	77
0	8	1	100
0	8	2	53
0	8	3	27
0	8	4	36
0	8	5	99
0	12	1	96
0	12	2	59
0	12	3	27
0	12	4	58
0	12	5	98
0	13	1	100
0	13	2	38
0	13	3	28
0	13	4	55
0	13	5	95
0	11	1	74
0	11	2	58
0	11	3	25
0	11	4	56
0	11	5	77
0	7	1	81
0	7	2	49
0	7	3	29
0	7	4	33
0	7	5	90
0	5	1	100
0	5	2	52
0	5	3	15
0	5	4	31
0	5	5	95
0	1	1	81
0	1	2	41
0	1	3	27
0	1	4	58
0	1	5	71
0	15	1	77
0	15	2	53
0	15	3	18
0	15	4	60
0	15	5	71
0	9	1	99
0	9	2	41
0	9	3	13
0	9	4	47
0	9	5	93
0	6	1	81
0	6	2	40
0	6	3	23
0	6	4	34
0	6	5	100
0	2	1	76
0	2	2	55
0	2	3	13
0	2	4	54
0	2	5	70
0	3	1	74
0	3	2	52
0	3	3	12
0	3	4	53
0	3	5	90
0	14	1	95
0	14	2	42
0	14	3	21
0	14	4	52
0	14	5	99
4	0	1	78
4	0	2	40
4	0	3	23
4	0	4	58
4	0	5	92
10	0	1	91
10	0	2	43
10	0	3	25
10	0	4	33
10	0	5	93
8	0	1	92
8	0	2	40
8	0	3	26
8	0	4	51
8	0	5	82
12	0	1	100
12	0	2	58
12	0	3	11
12	0	4	49
12	0	5	78
13	0	1	72
13	0	2	55
13	0	3	16
13	0	4	52
13	0	5	90
11	0	1	86
11	0	2	44
11	0	3	17
11	0	4	56
11	0	5	90
7	0	1	91
7	0	2	30
7	0	3	30
7	0	4	46
7	0	5	96
5	0	1	76
5	0	2	37
5	0	3	21
5	0	4	43
5	0	5	76
1	0	1	93
1	0	2	49
1	0	3	28
1	0	4	34
1	0	5	73
15	0	1	70
15	0	2	33
15	0	3	11
15	0	4	55
15	0	5	91
9	0	1	83
9	0	2	30
9	0	3	15
9	0	4	58
9	0	5	78
6	0	1	75
6	0	2	37
6	0	3	30
6	0	4	48
6	0	5	89
2	0	1	99
2	0	2	55
2	0	3	12
2	0	4	38
2	0	5	87
3	0	1	84
3	0	2	59
3	0	3	19
3	0	4	53
3	0	5	87
14	0	1	95
14	0	2	51
14	0	3	10
14	0	4	51
14	0	5	87
;
param:	g:=
1	11	1	1	0.479240
1	11	1	2	0.978767
1	11	2	1	0.269695
1	11	2	2	0.334278
1	11	3	1	0.340328
1	11	3	2	0.413505
1	11	4	1	0.255055
1	11	4	2	0.302151
1	11	5	1	0.551002
1	11	5	2	1.234039
1	6	1	1	0.464402
1	6	1	2	0.927456
1	6	2	1	0.246353
1	6	2	2	0.289331
1	6	3	1	0.314502
1	6	3	2	0.386980
1	6	4	1	0.261626
1	6	4	2	0.315953
1	6	5	1	0.442913
1	6	5	2	0.854183
1	12	1	1	0.494484
1	12	1	2	1.032048
1	12	2	1	0.269695
1	12	2	2	0.334278
1	12	3	1	0.269185
1	12	3	2	0.330552
1	12	4	1	0.247069
1	12	4	2	0.288257
1	12	5	1	0.366437
1	12	5	2	0.605446
1	8	1	1	0.479240
1	8	1	2	0.978767
1	8	2	1	0.286163
1	8	2	2	0.374817
1	8	3	1	0.456768
1	8	3	2	0.513825
1	8	4	1	0.247702
1	8	4	2	0.293050
1	8	5	1	0.494484
1	8	5	2	1.032048
1	5	1	1	0.551002
1	5	1	2	1.234039
1	5	2	1	0.253223
1	5	2	2	0.298561
1	5	3	1	0.260803
1	5	3	2	0.317588
1	5	4	1	0.272696
1	5	4	2	0.341388
1	5	5	1	0.402749
1	5	5	2	0.720940
1	15	1	1	0.415716
1	15	1	2	0.763383
1	15	2	1	0.269695
1	15	2	2	0.334278
1	15	3	1	0.424417
1	15	3	2	0.487653
1	15	4	1	0.247069
1	15	4	2	0.288257
1	15	5	1	0.576712
1	15	5	2	1.327989
1	14	1	1	0.457136
1	14	1	2	0.902539
1	14	2	1	0.257070
1	14	2	2	0.306247
1	14	3	1	0.287219
1	14	3	2	0.355115
1	14	4	1	0.246353
1	14	4	2	0.289331
1	14	5	1	0.576712
1	14	5	2	1.327989
1	2	1	1	0.390210
1	2	1	2	0.680469
1	2	2	1	0.246131
1	2	2	2	0.288274
1	2	3	1	0.287219
1	2	3	2	0.355115
1	2	4	1	0.246504
1	2	4	2	0.287741
1	2	5	1	0.360770
1	2	5	2	0.587924
1	9	1	1	0.551002
1	9	1	2	1.234039
1	9	2	1	0.297717
1	9	2	2	0.405114
1	9	3	1	0.274382
1	9	3	2	0.338023
1	9	4	1	0.310446
1	9	4	2	0.439877
1	9	5	1	0.402749
1	9	5	2	0.720940
1	4	1	1	0.378104
1	4	1	2	0.641971
1	4	2	1	0.259262
1	4	2	2	0.310848
1	4	3	1	0.260803
1	4	3	2	0.317588
1	4	4	1	0.250135
1	4	4	2	0.292905
1	4	5	1	0.502258
1	4	5	2	1.059427
1	10	1	1	0.551002
1	10	1	2	1.234039
1	10	2	1	0.279143
1	10	2	2	0.357106
1	10	3	1	0.280358
1	10	3	2	0.346196
1	10	4	1	0.264155
1	10	4	2	0.321560
1	10	5	1	0.576712
1	10	5	2	1.327989
1	13	1	1	0.534355
1	13	1	2	1.173866
1	13	2	1	0.286163
1	13	2	2	0.374817
1	13	3	1	0.424417
1	13	3	2	0.487653
1	13	4	1	0.255055
1	13	4	2	0.302151
1	13	5	1	0.559473
1	13	5	2	1.264864
1	7	1	1	0.396426
1	7	1	2	0.700458
1	7	2	1	0.246353
1	7	2	2	0.289331
1	7	3	1	0.295088
1	7	3	2	0.364835
1	7	4	1	0.251580
1	7	4	2	0.295478
1	7	5	1	0.542629
1	7	5	2	1.203706
1	3	1	1	0.518107
1	3	1	2	1.115662
1	3	2	1	0.269695
1	3	2	2	0.334278
1	3	3	1	0.314502
1	3	3	2	0.386980
1	3	4	1	0.306076
1	3	4	2	0.427793
1	3	5	1	0.551002
1	3	5	2	1.234039
2	9	1	1	0.457136
2	9	1	2	0.902539
2	9	2	1	0.286163
2	9	2	2	0.374817
2	9	3	1	0.254672
2	9	3	2	0.307099
2	9	4	1	0.286163
2	9	4	2	0.374817
2	9	5	1	0.568043
2	9	5	2	1.296180
2	14	1	1	0.551002
2	14	1	2	1.234039
2	14	2	1	0.251580
2	14	2	2	0.295478
2	14	3	1	0.304119
2	14	3	2	0.375426
2	14	4	1	0.247702
2	14	4	2	0.293050
2	14	5	1	0.479240
2	14	5	2	0.978767
2	5	1	1	0.486811
2	5	1	2	1.005161
2	5	2	1	0.255055
2	5	2	2	0.302151
2	5	3	1	0.287219
2	5	3	2	0.355115
2	5	4	1	0.266846
2	5	4	2	0.327669
2	5	5	1	0.449973
2	5	5	2	0.878115
2	12	1	1	0.435957
2	12	1	2	0.830744
2	12	2	1	0.250135
2	12	2	2	0.292905
2	12	3	1	0.280358
2	12	3	2	0.346196
2	12	4	1	0.306076
2	12	4	2	0.427793
2	12	5	1	0.471770
2	12	5	2	0.952865
2	3	1	1	0.372215
2	3	1	2	0.623462
2	3	2	1	0.247702
2	3	2	2	0.293050
2	3	3	1	0.356456
2	3	3	2	0.428864
2	3	4	1	0.251580
2	3	4	2	0.295478
2	3	5	1	0.429105
2	3	5	2	0.807797
2	4	1	1	0.457136
2	4	1	2	0.902539
2	4	2	1	0.246131
2	4	2	2	0.288274
2	4	3	1	0.269185
2	4	3	2	0.330552
2	4	4	1	0.266846
2	4	4	2	0.327669
2	4	5	1	0.442913
2	4	5	2	0.854183
2	13	1	1	0.457136
2	13	1	2	0.902539
2	13	2	1	0.266846
2	13	2	2	0.327669
2	13	3	1	0.287219
2	13	3	2	0.355115
2	13	4	1	0.293733
2	13	4	2	0.394518
2	13	5	1	0.378104
2	13	5	2	0.641971
2	11	1	1	0.429105
2	11	1	2	0.807797
2	11	2	1	0.310446
2	11	2	2	0.439877
2	11	3	1	0.456768
2	11	3	2	0.513825
2	11	4	1	0.247069
2	11	4	2	0.288257
2	11	5	1	0.518107
2	11	5	2	1.115662
2	1	1	1	0.442913
2	1	1	2	0.854183
2	1	2	1	0.248895
2	1	2	2	0.290842
2	1	3	1	0.260803
2	1	3	2	0.317588
2	1	4	1	0.289880
2	1	4	2	0.384419
2	1	5	1	0.366437
2	1	5	2	0.605446
2	7	1	1	0.551002
2	7	1	2	1.234039
2	7	2	1	0.275847
2	7	2	2	0.348998
2	7	3	1	0.314502
2	7	3	2	0.386980
2	7	4	1	0.306076
2	7	4	2	0.427793
2	7	5	1	0.471770
2	7	5	2	0.952865
2	10	1	1	0.372215
2	10	1	2	0.623462
2	10	2	1	0.248870
2	10	2	2	0.295725
2	10	3	1	0.314502
2	10	3	2	0.386980
2	10	4	1	0.259262
2	10	4	2	0.310848
2	10	5	1	0.464402
2	10	5	2	0.927456
2	8	1	1	0.422358
2	8	1	2	0.785344
2	8	2	1	0.246504
2	8	2	2	0.287741
2	8	3	1	0.314502
2	8	3	2	0.386980
2	8	4	1	0.247702
2	8	4	2	0.293050
2	8	5	1	0.534355
2	8	5	2	1.173866
2	6	1	1	0.442913
2	6	1	2	0.854183
2	6	2	1	0.251580
2	6	2	2	0.295478
2	6	3	1	0.375359
2	6	3	2	0.446007
2	6	4	1	0.246353
2	6	4	2	0.289331
2	6	5	1	0.559473
2	6	5	2	1.264864
2	15	1	1	0.471770
2	15	1	2	0.952865
2	15	2	1	0.246353
2	15	2	2	0.289331
2	15	3	1	0.248870
2	15	3	2	0.295725
2	15	4	1	0.264155
2	15	4	2	0.321560
2	15	5	1	0.518107
2	15	5	2	1.115662
3	7	1	1	0.576712
3	7	1	2	1.327989
3	7	2	1	0.246131
3	7	2	2	0.288274
3	7	3	1	0.356456
3	7	3	2	0.428864
3	7	4	1	0.246353
3	7	4	2	0.289331
3	7	5	1	0.409180
3	7	5	2	0.741915
3	13	1	1	0.542629
3	13	1	2	1.203706
3	13	2	1	0.293733
3	13	2	2	0.394518
3	13	3	1	0.340328
3	13	3	2	0.413505
3	13	4	1	0.286163
3	13	4	2	0.374817
3	13	5	1	0.568043
3	13	5	2	1.296180
3	9	1	1	0.360770
3	9	1	2	0.587924
3	9	2	1	0.310446
3	9	2	2	0.439877
3	9	3	1	0.375359
3	9	3	2	0.446007
3	9	4	1	0.248870
3	9	4	2	0.295725
3	9	5	1	0.559473
3	9	5	2	1.264864
3	4	1	1	0.568043
3	4	1	2	1.296180
3	4	2	1	0.247069
3	4	2	2	0.288257
3	4	3	1	0.257483
3	4	3	2	0.312044
3	4	4	1	0.250135
3	4	4	2	0.292905
3	4	5	1	0.526181
3	4	5	2	1.144518
3	2	1	1	0.510132
3	2	1	2	1.087298
3	2	2	1	0.261626
3	2	2	2	0.315953
3	2	3	1	0.340328
3	2	3	2	0.413505
3	2	4	1	0.247702
3	2	4	2	0.293050
3	2	5	1	0.534355
3	2	5	2	1.173866
3	10	1	1	0.510132
3	10	1	2	1.087298
3	10	2	1	0.246131
3	10	2	2	0.288274
3	10	3	1	0.252324
3	10	3	2	0.302739
3	10	4	1	0.282583
3	10	4	2	0.365713
3	10	5	1	0.494484
3	10	5	2	1.032048
3	14	1	1	0.568043
3	14	1	2	1.296180
3	14	2	1	0.247870
3	14	2	2	0.289292
3	14	3	1	0.264683
3	14	3	2	0.323750
3	14	4	1	0.247069
3	14	4	2	0.288257
3	14	5	1	0.449973
3	14	5	2	0.878115
3	12	1	1	0.390210
3	12	1	2	0.680469
3	12	2	1	0.272696
3	12	2	2	0.341388
3	12	3	1	0.314502
3	12	3	2	0.386980
3	12	4	1	0.264155
3	12	4	2	0.321560
3	12	5	1	0.510132
3	12	5	2	1.087298
3	5	1	1	0.518107
3	5	1	2	1.115662
3	5	2	1	0.255055
3	5	2	2	0.302151
3	5	3	1	0.280358
3	5	3	2	0.346196
3	5	4	1	0.246504
3	5	4	2	0.287741
3	5	5	1	0.534355
3	5	5	2	1.173866
3	8	1	1	0.494484
3	8	1	2	1.032048
3	8	2	1	0.246870
3	8	2	2	0.290921
3	8	3	1	0.304119
3	8	3	2	0.375426
3	8	4	1	0.269695
3	8	4	2	0.334278
3	8	5	1	0.360770
3	8	5	2	0.587924
3	11	1	1	0.429105
3	11	1	2	0.807797
3	11	2	1	0.247069
3	11	2	2	0.288257
3	11	3	1	0.375359
3	11	3	2	0.446007
3	11	4	1	0.261626
3	11	4	2	0.315953
3	11	5	1	0.415716
3	11	5	2	0.763383
3	1	1	1	0.390210
3	1	1	2	0.680469
3	1	2	1	0.272696
3	1	2	2	0.341388
3	1	3	1	0.424417
3	1	3	2	0.487653
3	1	4	1	0.246353
3	1	4	2	0.289331
3	1	5	1	0.479240
3	1	5	2	0.978767
3	6	1	1	0.449973
3	6	1	2	0.878115
3	6	2	1	0.261626
3	6	2	2	0.315953
3	6	3	1	0.424417
3	6	3	2	0.487653
3	6	4	1	0.246187
3	6	4	2	0.287745
3	6	5	1	0.551002
3	6	5	2	1.234039
3	15	1	1	0.479240
3	15	1	2	0.978767
3	15	2	1	0.248870
3	15	2	2	0.295725
3	15	3	1	0.260803
3	15	3	2	0.317588
3	15	4	1	0.257070
3	15	4	2	0.306247
3	15	5	1	0.366437
3	15	5	2	0.605446
4	13	1	1	0.384103
4	13	1	2	0.660973
4	13	2	1	0.250135
4	13	2	2	0.292905
4	13	3	1	0.375359
4	13	3	2	0.446007
4	13	4	1	0.269695
4	13	4	2	0.334278
4	13	5	1	0.360770
4	13	5	2	0.587924
4	7	1	1	0.360770
4	7	1	2	0.587924
4	7	2	1	0.275847
4	7	2	2	0.348998
4	7	3	1	0.326472
4	7	3	2	0.399619
4	7	4	1	0.293733
4	7	4	2	0.394518
4	7	5	1	0.409180
4	7	5	2	0.741915
4	10	1	1	0.360770
4	10	1	2	0.587924
4	10	2	1	0.279143
4	10	2	2	0.357106
4	10	3	1	0.295088
4	10	3	2	0.364835
4	10	4	1	0.257070
4	10	4	2	0.306247
4	10	5	1	0.559473
4	10	5	2	1.264864
4	3	1	1	0.366437
4	3	1	2	0.605446
4	3	2	1	0.261626
4	3	2	2	0.315953
4	3	3	1	0.326472
4	3	3	2	0.399619
4	3	4	1	0.286163
4	3	4	2	0.374817
4	3	5	1	0.360770
4	3	5	2	0.587924
4	9	1	1	0.415716
4	9	1	2	0.763383
4	9	2	1	0.247870
4	9	2	2	0.289292
4	9	3	1	0.424417
4	9	3	2	0.487653
4	9	4	1	0.253223
4	9	4	2	0.298561
4	9	5	1	0.486811
4	9	5	2	1.005161
4	12	1	1	0.551002
4	12	1	2	1.234039
4	12	2	1	0.275847
4	12	2	2	0.348998
4	12	3	1	0.456768
4	12	3	2	0.513825
4	12	4	1	0.257070
4	12	4	2	0.306247
4	12	5	1	0.559473
4	12	5	2	1.264864
4	2	1	1	0.551002
4	2	1	2	1.234039
4	2	2	1	0.246353
4	2	2	2	0.289331
4	2	3	1	0.264683
4	2	3	2	0.323750
4	2	4	1	0.293733
4	2	4	2	0.394518
4	2	5	1	0.422358
4	2	5	2	0.785344
4	8	1	1	0.384103
4	8	1	2	0.660973
4	8	2	1	0.301833
4	8	2	2	0.416205
4	8	3	1	0.375359
4	8	3	2	0.446007
4	8	4	1	0.247702
4	8	4	2	0.293050
4	8	5	1	0.429105
4	8	5	2	0.807797
4	11	1	1	0.494484
4	11	1	2	1.032048
4	11	2	1	0.259262
4	11	2	2	0.310848
4	11	3	1	0.456768
4	11	3	2	0.513825
4	11	4	1	0.248870
4	11	4	2	0.295725
4	11	5	1	0.526181
4	11	5	2	1.144518
4	5	1	1	0.551002
4	5	1	2	1.234039
4	5	2	1	0.253223
4	5	2	2	0.298561
4	5	3	1	0.280358
4	5	3	2	0.346196
4	5	4	1	0.246187
4	5	4	2	0.287745
4	5	5	1	0.518107
4	5	5	2	1.115662
4	14	1	1	0.568043
4	14	1	2	1.296180
4	14	2	1	0.246131
4	14	2	2	0.288274
4	14	3	1	0.326472
4	14	3	2	0.399619
4	14	4	1	0.246504
4	14	4	2	0.287741
4	14	5	1	0.372215
4	14	5	2	0.623462
4	1	1	1	0.422358
4	1	1	2	0.785344
4	1	2	1	0.253223
4	1	2	2	0.298561
4	1	3	1	0.250401
4	1	3	2	0.298951
4	1	4	1	0.248895
4	1	4	2	0.290842
4	1	5	1	0.559473
4	1	5	2	1.264864
4	15	1	1	0.396426
4	15	1	2	0.700458
4	15	2	1	0.310446
4	15	2	2	0.439877
4	15	3	1	0.287219
4	15	3	2	0.355115
4	15	4	1	0.282583
4	15	4	2	0.365713
4	15	5	1	0.551002
4	15	5	2	1.234039
4	6	1	1	0.479240
4	6	1	2	0.978767
4	6	2	1	0.301833
4	6	2	2	0.416205
4	6	3	1	0.326472
4	6	3	2	0.399619
4	6	4	1	0.246504
4	6	4	2	0.287741
4	6	5	1	0.576712
4	6	5	2	1.327989
5	12	1	1	0.534355
5	12	1	2	1.173866
5	12	2	1	0.306076
5	12	2	2	0.427793
5	12	3	1	0.326472
5	12	3	2	0.399619
5	12	4	1	0.257070
5	12	4	2	0.306247
5	12	5	1	0.551002
5	12	5	2	1.234039
5	1	1	1	0.422358
5	1	1	2	0.785344
5	1	2	1	0.253223
5	1	2	2	0.298561
5	1	3	1	0.269185
5	1	3	2	0.330552
5	1	4	1	0.259262
5	1	4	2	0.310848
5	1	5	1	0.396426
5	1	5	2	0.700458
5	11	1	1	0.442913
5	11	1	2	0.854183
5	11	2	1	0.246353
5	11	2	2	0.289331
5	11	3	1	0.356456
5	11	3	2	0.428864
5	11	4	1	0.266846
5	11	4	2	0.327669
5	11	5	1	0.479240
5	11	5	2	0.978767
5	14	1	1	0.486811
5	14	1	2	1.005161
5	14	2	1	0.269695
5	14	2	2	0.334278
5	14	3	1	0.260803
5	14	3	2	0.317588
5	14	4	1	0.297717
5	14	4	2	0.405114
5	14	5	1	0.568043
5	14	5	2	1.296180
5	2	1	1	0.366437
5	2	1	2	0.605446
5	2	2	1	0.246353
5	2	2	2	0.289331
5	2	3	1	0.356456
5	2	3	2	0.428864
5	2	4	1	0.246131
5	2	4	2	0.288274
5	2	5	1	0.502258
5	2	5	2	1.059427
5	9	1	1	0.402749
5	9	1	2	0.720940
5	9	2	1	0.289880
5	9	2	2	0.384419
5	9	3	1	0.280358
5	9	3	2	0.346196
5	9	4	1	0.272696
5	9	4	2	0.341388
5	9	5	1	0.360770
5	9	5	2	0.587924
5	6	1	1	0.526181
5	6	1	2	1.144518
5	6	2	1	0.275847
5	6	2	2	0.348998
5	6	3	1	0.375359
5	6	3	2	0.446007
5	6	4	1	0.246131
5	6	4	2	0.288274
5	6	5	1	0.366437
5	6	5	2	0.605446
5	8	1	1	0.360770
5	8	1	2	0.587924
5	8	2	1	0.293733
5	8	2	2	0.394518
5	8	3	1	0.248870
5	8	3	2	0.295725
5	8	4	1	0.279143
5	8	4	2	0.357106
5	8	5	1	0.372215
5	8	5	2	0.623462
5	4	1	1	0.415716
5	4	1	2	0.763383
5	4	2	1	0.246504
5	4	2	2	0.287741
5	4	3	1	0.287219
5	4	3	2	0.355115
5	4	4	1	0.248870
5	4	4	2	0.295725
5	4	5	1	0.429105
5	4	5	2	0.807797
5	10	1	1	0.510132
5	10	1	2	1.087298
5	10	2	1	0.310446
5	10	2	2	0.439877
5	10	3	1	0.340328
5	10	3	2	0.413505
5	10	4	1	0.259262
5	10	4	2	0.310848
5	10	5	1	0.464402
5	10	5	2	0.927456
5	3	1	1	0.559473
5	3	1	2	1.264864
5	3	2	1	0.246504
5	3	2	2	0.287741
5	3	3	1	0.257483
5	3	3	2	0.312044
5	3	4	1	0.246353
5	3	4	2	0.289331
5	3	5	1	0.402749
5	3	5	2	0.720940
5	13	1	1	0.409180
5	13	1	2	0.741915
5	13	2	1	0.310446
5	13	2	2	0.439877
5	13	3	1	0.295088
5	13	3	2	0.364835
5	13	4	1	0.248870
5	13	4	2	0.295725
5	13	5	1	0.559473
5	13	5	2	1.264864
5	15	1	1	0.390210
5	15	1	2	0.680469
5	15	2	1	0.255055
5	15	2	2	0.302151
5	15	3	1	0.280358
5	15	3	2	0.346196
5	15	4	1	0.275847
5	15	4	2	0.348998
5	15	5	1	0.422358
5	15	5	2	0.785344
5	7	1	1	0.378104
5	7	1	2	0.641971
5	7	2	1	0.246187
5	7	2	2	0.287745
5	7	3	1	0.456768
5	7	3	2	0.513825
5	7	4	1	0.246504
5	7	4	2	0.287741
5	7	5	1	0.526181
5	7	5	2	1.144518
6	11	1	1	0.568043
6	11	1	2	1.296180
6	11	2	1	0.264155
6	11	2	2	0.321560
6	11	3	1	0.287219
6	11	3	2	0.355115
6	11	4	1	0.289880
6	11	4	2	0.384419
6	11	5	1	0.390210
6	11	5	2	0.680469
6	1	1	1	0.479240
6	1	1	2	0.978767
6	1	2	1	0.246504
6	1	2	2	0.287741
6	1	3	1	0.356456
6	1	3	2	0.428864
6	1	4	1	0.251580
6	1	4	2	0.295478
6	1	5	1	0.568043
6	1	5	2	1.296180
6	8	1	1	0.464402
6	8	1	2	0.927456
6	8	2	1	0.250135
6	8	2	2	0.292905
6	8	3	1	0.254672
6	8	3	2	0.307099
6	8	4	1	0.301833
6	8	4	2	0.416205
6	8	5	1	0.372215
6	8	5	2	0.623462
6	12	1	1	0.390210
6	12	1	2	0.680469
6	12	2	1	0.293733
6	12	2	2	0.394518
6	12	3	1	0.304119
6	12	3	2	0.375426
6	12	4	1	0.247870
6	12	4	2	0.289292
6	12	5	1	0.518107
6	12	5	2	1.115662
6	15	1	1	0.422358
6	15	1	2	0.785344
6	15	2	1	0.261626
6	15	2	2	0.315953
6	15	3	1	0.280358
6	15	3	2	0.346196
6	15	4	1	0.246353
6	15	4	2	0.289331
6	15	5	1	0.479240
6	15	5	2	0.978767
6	5	1	1	0.542629
6	5	1	2	1.203706
6	5	2	1	0.297717
6	5	2	2	0.405114
6	5	3	1	0.340328
6	5	3	2	0.413505
6	5	4	1	0.250135
6	5	4	2	0.292905
6	5	5	1	0.534355
6	5	5	2	1.173866
6	4	1	1	0.494484
6	4	1	2	1.032048
6	4	2	1	0.257070
6	4	2	2	0.306247
6	4	3	1	0.248870
6	4	3	2	0.295725
6	4	4	1	0.301833
6	4	4	2	0.416205
6	4	5	1	0.464402
6	4	5	2	0.927456
6	10	1	1	0.422358
6	10	1	2	0.785344
6	10	2	1	0.264155
6	10	2	2	0.321560
6	10	3	1	0.375359
6	10	3	2	0.446007
6	10	4	1	0.279143
6	10	4	2	0.357106
6	10	5	1	0.378104
6	10	5	2	0.641971
6	2	1	1	0.526181
6	2	1	2	1.144518
6	2	2	1	0.275847
6	2	2	2	0.348998
6	2	3	1	0.274382
6	2	3	2	0.338023
6	2	4	1	0.247702
6	2	4	2	0.293050
6	2	5	1	0.518107
6	2	5	2	1.115662
6	9	1	1	0.396426
6	9	1	2	0.700458
6	9	2	1	0.247702
6	9	2	2	0.293050
6	9	3	1	0.326472
6	9	3	2	0.399619
6	9	4	1	0.253223
6	9	4	2	0.298561
6	9	5	1	0.457136
6	9	5	2	0.902539
6	14	1	1	0.510132
6	14	1	2	1.087298
6	14	2	1	0.246870
6	14	2	2	0.290921
6	14	3	1	0.456768
6	14	3	2	0.513825
6	14	4	1	0.289880
6	14	4	2	0.384419
6	14	5	1	0.378104
6	14	5	2	0.641971
6	13	1	1	0.479240
6	13	1	2	0.978767
6	13	2	1	0.297717
6	13	2	2	0.405114
6	13	3	1	0.295088
6	13	3	2	0.364835
6	13	4	1	0.247702
6	13	4	2	0.293050
6	13	5	1	0.471770
6	13	5	2	0.952865
6	7	1	1	0.360770
6	7	1	2	0.587924
6	7	2	1	0.247702
6	7	2	2	0.293050
6	7	3	1	0.397708
6	7	3	2	0.465383
6	7	4	1	0.289880
6	7	4	2	0.384419
6	7	5	1	0.422358
6	7	5	2	0.785344
6	3	1	1	0.486811
6	3	1	2	1.005161
6	3	2	1	0.310446
6	3	2	2	0.439877
6	3	3	1	0.257483
6	3	3	2	0.312044
6	3	4	1	0.250135
6	3	4	2	0.292905
6	3	5	1	0.366437
6	3	5	2	0.605446
7	13	1	1	0.542629
7	13	1	2	1.203706
7	13	2	1	0.257070
7	13	2	2	0.306247
7	13	3	1	0.257483
7	13	3	2	0.312044
7	13	4	1	0.275847
7	13	4	2	0.348998
7	13	5	1	0.429105
7	13	5	2	0.807797
7	4	1	1	0.457136
7	4	1	2	0.902539
7	4	2	1	0.247870
7	4	2	2	0.289292
7	4	3	1	0.248870
7	4	3	2	0.295725
7	4	4	1	0.259262
7	4	4	2	0.310848
7	4	5	1	0.494484
7	4	5	2	1.032048
7	10	1	1	0.534355
7	10	1	2	1.173866
7	10	2	1	0.272696
7	10	2	2	0.341388
7	10	3	1	0.257483
7	10	3	2	0.312044
7	10	4	1	0.297717
7	10	4	2	0.405114
7	10	5	1	0.372215
7	10	5	2	0.623462
7	3	1	1	0.457136
7	3	1	2	0.902539
7	3	2	1	0.293733
7	3	2	2	0.394518
7	3	3	1	0.375359
7	3	3	2	0.446007
7	3	4	1	0.246131
7	3	4	2	0.288274
7	3	5	1	0.568043
7	3	5	2	1.296180
7	9	1	1	0.396426
7	9	1	2	0.700458
7	9	2	1	0.297717
7	9	2	2	0.405114
7	9	3	1	0.248870
7	9	3	2	0.295725
7	9	4	1	0.269695
7	9	4	2	0.334278
7	9	5	1	0.551002
7	9	5	2	1.234039
7	2	1	1	0.479240
7	2	1	2	0.978767
7	2	2	1	0.259262
7	2	2	2	0.310848
7	2	3	1	0.257483
7	2	3	2	0.312044
7	2	4	1	0.248870
7	2	4	2	0.295725
7	2	5	1	0.378104
7	2	5	2	0.641971
7	12	1	1	0.502258
7	12	1	2	1.059427
7	12	2	1	0.247870
7	12	2	2	0.289292
7	12	3	1	0.260803
7	12	3	2	0.317588
7	12	4	1	0.248870
7	12	4	2	0.295725
7	12	5	1	0.479240
7	12	5	2	0.978767
7	8	1	1	0.559473
7	8	1	2	1.264864
7	8	2	1	0.247069
7	8	2	2	0.288257
7	8	3	1	0.295088
7	8	3	2	0.364835
7	8	4	1	0.247870
7	8	4	2	0.289292
7	8	5	1	0.576712
7	8	5	2	1.327989
7	11	1	1	0.464402
7	11	1	2	0.927456
7	11	2	1	0.248870
7	11	2	2	0.295725
7	11	3	1	0.314502
7	11	3	2	0.386980
7	11	4	1	0.272696
7	11	4	2	0.341388
7	11	5	1	0.471770
7	11	5	2	0.952865
7	5	1	1	0.502258
7	5	1	2	1.059427
7	5	2	1	0.293733
7	5	2	2	0.394518
7	5	3	1	0.304119
7	5	3	2	0.375426
7	5	4	1	0.282583
7	5	4	2	0.365713
7	5	5	1	0.551002
7	5	5	2	1.234039
7	14	1	1	0.551002
7	14	1	2	1.234039
7	14	2	1	0.250135
7	14	2	2	0.292905
7	14	3	1	0.326472
7	14	3	2	0.399619
7	14	4	1	0.275847
7	14	4	2	0.348998
7	14	5	1	0.402749
7	14	5	2	0.720940
7	15	1	1	0.390210
7	15	1	2	0.680469
7	15	2	1	0.275847
7	15	2	2	0.348998
7	15	3	1	0.456768
7	15	3	2	0.513825
7	15	4	1	0.248870
7	15	4	2	0.295725
7	15	5	1	0.502258
7	15	5	2	1.059427
7	1	1	1	0.360770
7	1	1	2	0.587924
7	1	2	1	0.282583
7	1	2	2	0.365713
7	1	3	1	0.274382
7	1	3	2	0.338023
7	1	4	1	0.297717
7	1	4	2	0.405114
7	1	5	1	0.576712
7	1	5	2	1.327989
7	6	1	1	0.534355
7	6	1	2	1.173866
7	6	2	1	0.306076
7	6	2	2	0.427793
7	6	3	1	0.254672
7	6	3	2	0.307099
7	6	4	1	0.264155
7	6	4	2	0.321560
7	6	5	1	0.471770
7	6	5	2	0.952865
8	11	1	1	0.415716
8	11	1	2	0.763383
8	11	2	1	0.257070
8	11	2	2	0.306247
8	11	3	1	0.269185
8	11	3	2	0.330552
8	11	4	1	0.310446
8	11	4	2	0.439877
8	11	5	1	0.422358
8	11	5	2	0.785344
8	6	1	1	0.429105
8	6	1	2	0.807797
8	6	2	1	0.306076
8	6	2	2	0.427793
8	6	3	1	0.326472
8	6	3	2	0.399619
8	6	4	1	0.293733
8	6	4	2	0.394518
8	6	5	1	0.384103
8	6	5	2	0.660973
8	15	1	1	0.502258
8	15	1	2	1.059427
8	15	2	1	0.248870
8	15	2	2	0.295725
8	15	3	1	0.250401
8	15	3	2	0.298951
8	15	4	1	0.261626
8	15	4	2	0.315953
8	15	5	1	0.502258
8	15	5	2	1.059427
8	1	1	1	0.464402
8	1	1	2	0.927456
8	1	2	1	0.275847
8	1	2	2	0.348998
8	1	3	1	0.274382
8	1	3	2	0.338023
8	1	4	1	0.257070
8	1	4	2	0.306247
8	1	5	1	0.422358
8	1	5	2	0.785344
8	12	1	1	0.568043
8	12	1	2	1.296180
8	12	2	1	0.293733
8	12	2	2	0.394518
8	12	3	1	0.248870
8	12	3	2	0.295725
8	12	4	1	0.246131
8	12	4	2	0.288274
8	12	5	1	0.471770
8	12	5	2	0.952865
8	10	1	1	0.366437
8	10	1	2	0.605446
8	10	2	1	0.246504
8	10	2	2	0.287741
8	10	3	1	0.250401
8	10	3	2	0.298951
8	10	4	1	0.301833
8	10	4	2	0.416205
8	10	5	1	0.442913
8	10	5	2	0.854183
8	4	1	1	0.551002
8	4	1	2	1.234039
8	4	2	1	0.247702
8	4	2	2	0.293050
8	4	3	1	0.254672
8	4	3	2	0.307099
8	4	4	1	0.247702
8	4	4	2	0.293050
8	4	5	1	0.534355
8	4	5	2	1.173866
8	5	1	1	0.409180
8	5	1	2	0.741915
8	5	2	1	0.247870
8	5	2	2	0.289292
8	5	3	1	0.424417
8	5	3	2	0.487653
8	5	4	1	0.247069
8	5	4	2	0.288257
8	5	5	1	0.372215
8	5	5	2	0.623462
8	13	1	1	0.576712
8	13	1	2	1.327989
8	13	2	1	0.251580
8	13	2	2	0.295478
8	13	3	1	0.397708
8	13	3	2	0.465383
8	13	4	1	0.266846
8	13	4	2	0.327669
8	13	5	1	0.409180
8	13	5	2	0.741915
8	9	1	1	0.471770
8	9	1	2	0.952865
8	9	2	1	0.310446
8	9	2	2	0.439877
8	9	3	1	0.326472
8	9	3	2	0.399619
8	9	4	1	0.246187
8	9	4	2	0.287745
8	9	5	1	0.464402
8	9	5	2	0.927456
8	2	1	1	0.518107
8	2	1	2	1.115662
8	2	2	1	0.266846
8	2	2	2	0.327669
8	2	3	1	0.260803
8	2	3	2	0.317588
8	2	4	1	0.301833
8	2	4	2	0.416205
8	2	5	1	0.551002
8	2	5	2	1.234039
8	7	1	1	0.576712
8	7	1	2	1.327989
8	7	2	1	0.255055
8	7	2	2	0.302151
8	7	3	1	0.264683
8	7	3	2	0.323750
8	7	4	1	0.251580
8	7	4	2	0.295478
8	7	5	1	0.396426
8	7	5	2	0.700458
8	14	1	1	0.559473
8	14	1	2	1.264864
8	14	2	1	0.275847
8	14	2	2	0.348998
8	14	3	1	0.356456
8	14	3	2	0.428864
8	14	4	1	0.293733
8	14	4	2	0.394518
8	14	5	1	0.494484
8	14	5	2	1.032048
8	3	1	1	0.360770
8	3	1	2	0.587924
8	3	2	1	0.275847
8	3	2	2	0.348998
8	3	3	1	0.280358
8	3	3	2	0.346196
8	3	4	1	0.246353
8	3	4	2	0.289331
8	3	5	1	0.518107
8	3	5	2	1.115662
9	2	1	1	0.464402
9	2	1	2	0.927456
9	2	2	1	0.264155
9	2	2	2	0.321560
9	2	3	1	0.254672
9	2	3	2	0.307099
9	2	4	1	0.247870
9	2	4	2	0.289292
9	2	5	1	0.429105
9	2	5	2	0.807797
9	14	1	1	0.551002
9	14	1	2	1.234039
9	14	2	1	0.247069
9	14	2	2	0.288257
9	14	3	1	0.326472
9	14	3	2	0.399619
9	14	4	1	0.246870
9	14	4	2	0.290921
9	14	5	1	0.502258
9	14	5	2	1.059427
9	3	1	1	0.576712
9	3	1	2	1.327989
9	3	2	1	0.247870
9	3	2	2	0.289292
9	3	3	1	0.326472
9	3	3	2	0.399619
9	3	4	1	0.247069
9	3	4	2	0.288257
9	3	5	1	0.479240
9	3	5	2	0.978767
9	12	1	1	0.576712
9	12	1	2	1.327989
9	12	2	1	0.282583
9	12	2	2	0.365713
9	12	3	1	0.287219
9	12	3	2	0.355115
9	12	4	1	0.246504
9	12	4	2	0.287741
9	12	5	1	0.422358
9	12	5	2	0.785344
9	4	1	1	0.542629
9	4	1	2	1.203706
9	4	2	1	0.310446
9	4	2	2	0.439877
9	4	3	1	0.257483
9	4	3	2	0.312044
9	4	4	1	0.301833
9	4	4	2	0.416205
9	4	5	1	0.396426
9	4	5	2	0.700458
9	5	1	1	0.479240
9	5	1	2	0.978767
9	5	2	1	0.297717
9	5	2	2	0.405114
9	5	3	1	0.304119
9	5	3	2	0.375426
9	5	4	1	0.248870
9	5	4	2	0.295725
9	5	5	1	0.494484
9	5	5	2	1.032048
9	13	1	1	0.534355
9	13	1	2	1.173866
9	13	2	1	0.246187
9	13	2	2	0.287745
9	13	3	1	0.280358
9	13	3	2	0.346196
9	13	4	1	0.275847
9	13	4	2	0.348998
9	13	5	1	0.471770
9	13	5	2	0.952865
9	7	1	1	0.442913
9	7	1	2	0.854183
9	7	2	1	0.246353
9	7	2	2	0.289331
9	7	3	1	0.264683
9	7	3	2	0.323750
9	7	4	1	0.246353
9	7	4	2	0.289331
9	7	5	1	0.510132
9	7	5	2	1.087298
9	11	1	1	0.409180
9	11	1	2	0.741915
9	11	2	1	0.247069
9	11	2	2	0.288257
9	11	3	1	0.274382
9	11	3	2	0.338023
9	11	4	1	0.246131
9	11	4	2	0.288274
9	11	5	1	0.449973
9	11	5	2	0.878115
9	10	1	1	0.422358
9	10	1	2	0.785344
9	10	2	1	0.248870
9	10	2	2	0.295725
9	10	3	1	0.264683
9	10	3	2	0.323750
9	10	4	1	0.301833
9	10	4	2	0.416205
9	10	5	1	0.429105
9	10	5	2	0.807797
9	1	1	1	0.551002
9	1	1	2	1.234039
9	1	2	1	0.301833
9	1	2	2	0.416205
9	1	3	1	0.340328
9	1	3	2	0.413505
9	1	4	1	0.269695
9	1	4	2	0.334278
9	1	5	1	0.559473
9	1	5	2	1.264864
9	8	1	1	0.372215
9	8	1	2	0.623462
9	8	2	1	0.264155
9	8	2	2	0.321560
9	8	3	1	0.314502
9	8	3	2	0.386980
9	8	4	1	0.297717
9	8	4	2	0.405114
9	8	5	1	0.366437
9	8	5	2	0.605446
9	6	1	1	0.378104
9	6	1	2	0.641971
9	6	2	1	0.301833
9	6	2	2	0.416205
9	6	3	1	0.287219
9	6	3	2	0.355115
9	6	4	1	0.297717
9	6	4	2	0.405114
9	6	5	1	0.479240
9	6	5	2	0.978767
9	15	1	1	0.559473
9	15	1	2	1.264864
9	15	2	1	0.247069
9	15	2	2	0.288257
9	15	3	1	0.269185
9	15	3	2	0.330552
9	15	4	1	0.250135
9	15	4	2	0.292905
9	15	5	1	0.422358
9	15	5	2	0.785344
10	4	1	1	0.415716
10	4	1	2	0.763383
10	4	2	1	0.297717
10	4	2	2	0.405114
10	4	3	1	0.287219
10	4	3	2	0.355115
10	4	4	1	0.275847
10	4	4	2	0.348998
10	4	5	1	0.402749
10	4	5	2	0.720940
10	13	1	1	0.464402
10	13	1	2	0.927456
10	13	2	1	0.261626
10	13	2	2	0.315953
10	13	3	1	0.248870
10	13	3	2	0.295725
10	13	4	1	0.246870
10	13	4	2	0.290921
10	13	5	1	0.449973
10	13	5	2	0.878115
10	7	1	1	0.502258
10	7	1	2	1.059427
10	7	2	1	0.251580
10	7	2	2	0.295478
10	7	3	1	0.254672
10	7	3	2	0.307099
10	7	4	1	0.246504
10	7	4	2	0.287741
10	7	5	1	0.471770
10	7	5	2	0.952865
10	8	1	1	0.518107
10	8	1	2	1.115662
10	8	2	1	0.264155
10	8	2	2	0.321560
10	8	3	1	0.254672
10	8	3	2	0.307099
10	8	4	1	0.251580
10	8	4	2	0.295478
10	8	5	1	0.449973
10	8	5	2	0.878115
10	12	1	1	0.518107
10	12	1	2	1.115662
10	12	2	1	0.246870
10	12	2	2	0.290921
10	12	3	1	0.314502
10	12	3	2	0.386980
10	12	4	1	0.247069
10	12	4	2	0.288257
10	12	5	1	0.378104
10	12	5	2	0.641971
10	3	1	1	0.494484
10	3	1	2	1.032048
10	3	2	1	0.266846
10	3	2	2	0.327669
10	3	3	1	0.274382
10	3	3	2	0.338023
10	3	4	1	0.253223
10	3	4	2	0.298561
10	3	5	1	0.457136
10	3	5	2	0.902539
10	15	1	1	0.559473
10	15	1	2	1.264864
10	15	2	1	0.255055
10	15	2	2	0.302151
10	15	3	1	0.326472
10	15	3	2	0.399619
10	15	4	1	0.246353
10	15	4	2	0.289331
10	15	5	1	0.559473
10	15	5	2	1.264864
10	11	1	1	0.471770
10	11	1	2	0.952865
10	11	2	1	0.250135
10	11	2	2	0.292905
10	11	3	1	0.254672
10	11	3	2	0.307099
10	11	4	1	0.279143
10	11	4	2	0.357106
10	11	5	1	0.415716
10	11	5	2	0.763383
10	9	1	1	0.568043
10	9	1	2	1.296180
10	9	2	1	0.261626
10	9	2	2	0.315953
10	9	3	1	0.274382
10	9	3	2	0.338023
10	9	4	1	0.250135
10	9	4	2	0.292905
10	9	5	1	0.559473
10	9	5	2	1.264864
10	2	1	1	0.559473
10	2	1	2	1.264864
10	2	2	1	0.286163
10	2	2	2	0.374817
10	2	3	1	0.264683
10	2	3	2	0.323750
10	2	4	1	0.279143
10	2	4	2	0.357106
10	2	5	1	0.409180
10	2	5	2	0.741915
10	5	1	1	0.402749
10	5	1	2	0.720940
10	5	2	1	0.286163
10	5	2	2	0.374817
10	5	3	1	0.397708
10	5	3	2	0.465383
10	5	4	1	0.301833
10	5	4	2	0.416205
10	5	5	1	0.390210
10	5	5	2	0.680469
10	1	1	1	0.390210
10	1	1	2	0.680469
10	1	2	1	0.250135
10	1	2	2	0.292905
10	1	3	1	0.326472
10	1	3	2	0.399619
10	1	4	1	0.275847
10	1	4	2	0.348998
10	1	5	1	0.396426
10	1	5	2	0.700458
10	6	1	1	0.568043
10	6	1	2	1.296180
10	6	2	1	0.282583
10	6	2	2	0.365713
10	6	3	1	0.269185
10	6	3	2	0.330552
10	6	4	1	0.253223
10	6	4	2	0.298561
10	6	5	1	0.464402
10	6	5	2	0.927456
10	14	1	1	0.542629
10	14	1	2	1.203706
10	14	2	1	0.246187
10	14	2	2	0.287745
10	14	3	1	0.280358
10	14	3	2	0.346196
10	14	4	1	0.251580
10	14	4	2	0.295478
10	14	5	1	0.479240
10	14	5	2	0.978767
11	1	1	1	0.568043
11	1	1	2	1.296180
11	1	2	1	0.247702
11	1	2	2	0.293050
11	1	3	1	0.314502
11	1	3	2	0.386980
11	1	4	1	0.250135
11	1	4	2	0.292905
11	1	5	1	0.542629
11	1	5	2	1.203706
11	6	1	1	0.534355
11	6	1	2	1.173866
11	6	2	1	0.255055
11	6	2	2	0.302151
11	6	3	1	0.287219
11	6	3	2	0.355115
11	6	4	1	0.255055
11	6	4	2	0.302151
11	6	5	1	0.551002
11	6	5	2	1.234039
11	8	1	1	0.435957
11	8	1	2	0.830744
11	8	2	1	0.279143
11	8	2	2	0.357106
11	8	3	1	0.456768
11	8	3	2	0.513825
11	8	4	1	0.286163
11	8	4	2	0.374817
11	8	5	1	0.429105
11	8	5	2	0.807797
11	12	1	1	0.372215
11	12	1	2	0.623462
11	12	2	1	0.250135
11	12	2	2	0.292905
11	12	3	1	0.456768
11	12	3	2	0.513825
11	12	4	1	0.286163
11	12	4	2	0.374817
11	12	5	1	0.402749
11	12	5	2	0.720940
11	5	1	1	0.396426
11	5	1	2	0.700458
11	5	2	1	0.248895
11	5	2	2	0.290842
11	5	3	1	0.314502
11	5	3	2	0.386980
11	5	4	1	0.269695
11	5	4	2	0.334278
11	5	5	1	0.464402
11	5	5	2	0.927456
11	15	1	1	0.372215
11	15	1	2	0.623462
11	15	2	1	0.272696
11	15	2	2	0.341388
11	15	3	1	0.326472
11	15	3	2	0.399619
11	15	4	1	0.253223
11	15	4	2	0.298561
11	15	5	1	0.390210
11	15	5	2	0.680469
11	4	1	1	0.366437
11	4	1	2	0.605446
11	4	2	1	0.246131
11	4	2	2	0.288274
11	4	3	1	0.340328
11	4	3	2	0.413505
11	4	4	1	0.266846
11	4	4	2	0.327669
11	4	5	1	0.415716
11	4	5	2	0.763383
11	2	1	1	0.415716
11	2	1	2	0.763383
11	2	2	1	0.269695
11	2	2	2	0.334278
11	2	3	1	0.280358
11	2	3	2	0.346196
11	2	4	1	0.293733
11	2	4	2	0.394518
11	2	5	1	0.464402
11	2	5	2	0.927456
11	9	1	1	0.510132
11	9	1	2	1.087298
11	9	2	1	0.261626
11	9	2	2	0.315953
11	9	3	1	0.356456
11	9	3	2	0.428864
11	9	4	1	0.257070
11	9	4	2	0.306247
11	9	5	1	0.366437
11	9	5	2	0.605446
11	10	1	1	0.457136
11	10	1	2	0.902539
11	10	2	1	0.246353
11	10	2	2	0.289331
11	10	3	1	0.260803
11	10	3	2	0.317588
11	10	4	1	0.282583
11	10	4	2	0.365713
11	10	5	1	0.479240
11	10	5	2	0.978767
11	14	1	1	0.534355
11	14	1	2	1.173866
11	14	2	1	0.259262
11	14	2	2	0.310848
11	14	3	1	0.314502
11	14	3	2	0.386980
11	14	4	1	0.246870
11	14	4	2	0.290921
11	14	5	1	0.559473
11	14	5	2	1.264864
11	13	1	1	0.396426
11	13	1	2	0.700458
11	13	2	1	0.266846
11	13	2	2	0.327669
11	13	3	1	0.375359
11	13	3	2	0.446007
11	13	4	1	0.247069
11	13	4	2	0.288257
11	13	5	1	0.396426
11	13	5	2	0.700458
11	7	1	1	0.502258
11	7	1	2	1.059427
11	7	2	1	0.282583
11	7	2	2	0.365713
11	7	3	1	0.250401
11	7	3	2	0.298951
11	7	4	1	0.275847
11	7	4	2	0.348998
11	7	5	1	0.559473
11	7	5	2	1.264864
11	3	1	1	0.502258
11	3	1	2	1.059427
11	3	2	1	0.246504
11	3	2	2	0.287741
11	3	3	1	0.280358
11	3	3	2	0.346196
11	3	4	1	0.272696
11	3	4	2	0.341388
11	3	5	1	0.551002
11	3	5	2	1.234039
12	5	1	1	0.378104
12	5	1	2	0.641971
12	5	2	1	0.282583
12	5	2	2	0.365713
12	5	3	1	0.248870
12	5	3	2	0.295725
12	5	4	1	0.264155
12	5	4	2	0.321560
12	5	5	1	0.494484
12	5	5	2	1.032048
12	11	1	1	0.568043
12	11	1	2	1.296180
12	11	2	1	0.246353
12	11	2	2	0.289331
12	11	3	1	0.269185
12	11	3	2	0.330552
12	11	4	1	0.255055
12	11	4	2	0.302151
12	11	5	1	0.518107
12	11	5	2	1.115662
12	1	1	1	0.502258
12	1	1	2	1.059427
12	1	2	1	0.286163
12	1	2	2	0.374817
12	1	3	1	0.424417
12	1	3	2	0.487653
12	1	4	1	0.306076
12	1	4	2	0.427793
12	1	5	1	0.464402
12	1	5	2	0.927456
12	8	1	1	0.479240
12	8	1	2	0.978767
12	8	2	1	0.306076
12	8	2	2	0.427793
12	8	3	1	0.252324
12	8	3	2	0.302739
12	8	4	1	0.275847
12	8	4	2	0.348998
12	8	5	1	0.429105
12	8	5	2	0.807797
12	6	1	1	0.457136
12	6	1	2	0.902539
12	6	2	1	0.246187
12	6	2	2	0.287745
12	6	3	1	0.314502
12	6	3	2	0.386980
12	6	4	1	0.246870
12	6	4	2	0.290921
12	6	5	1	0.415716
12	6	5	2	0.763383
12	2	1	1	0.464402
12	2	1	2	0.927456
12	2	2	1	0.253223
12	2	2	2	0.298561
12	2	3	1	0.326472
12	2	3	2	0.399619
12	2	4	1	0.279143
12	2	4	2	0.357106
12	2	5	1	0.494484
12	2	5	2	1.032048
12	9	1	1	0.457136
12	9	1	2	0.902539
12	9	2	1	0.261626
12	9	2	2	0.315953
12	9	3	1	0.280358
12	9	3	2	0.346196
12	9	4	1	0.301833
12	9	4	2	0.416205
12	9	5	1	0.518107
12	9	5	2	1.115662
12	4	1	1	0.449973
12	4	1	2	0.878115
12	4	2	1	0.248895
12	4	2	2	0.290842
12	4	3	1	0.264683
12	4	3	2	0.323750
12	4	4	1	0.246187
12	4	4	2	0.287745
12	4	5	1	0.372215
12	4	5	2	0.623462
12	14	1	1	0.366437
12	14	1	2	0.605446
12	14	2	1	0.246353
12	14	2	2	0.289331
12	14	3	1	0.257483
12	14	3	2	0.312044
12	14	4	1	0.301833
12	14	4	2	0.416205
12	14	5	1	0.422358
12	14	5	2	0.785344
12	10	1	1	0.390210
12	10	1	2	0.680469
12	10	2	1	0.251580
12	10	2	2	0.295478
12	10	3	1	0.264683
12	10	3	2	0.323750
12	10	4	1	0.251580
12	10	4	2	0.295478
12	10	5	1	0.534355
12	10	5	2	1.173866
12	13	1	1	0.559473
12	13	1	2	1.264864
12	13	2	1	0.275847
12	13	2	2	0.348998
12	13	3	1	0.326472
12	13	3	2	0.399619
12	13	4	1	0.253223
12	13	4	2	0.298561
12	13	5	1	0.551002
12	13	5	2	1.234039
12	15	1	1	0.415716
12	15	1	2	0.763383
12	15	2	1	0.250135
12	15	2	2	0.292905
12	15	3	1	0.356456
12	15	3	2	0.428864
12	15	4	1	0.306076
12	15	4	2	0.427793
12	15	5	1	0.429105
12	15	5	2	0.807797
12	3	1	1	0.551002
12	3	1	2	1.234039
12	3	2	1	0.247069
12	3	2	2	0.288257
12	3	3	1	0.314502
12	3	3	2	0.386980
12	3	4	1	0.310446
12	3	4	2	0.439877
12	3	5	1	0.384103
12	3	5	2	0.660973
12	7	1	1	0.486811
12	7	1	2	1.005161
12	7	2	1	0.279143
12	7	2	2	0.357106
12	7	3	1	0.287219
12	7	3	2	0.355115
12	7	4	1	0.246187
12	7	4	2	0.287745
12	7	5	1	0.415716
12	7	5	2	0.763383
13	7	1	1	0.360770
13	7	1	2	0.587924
13	7	2	1	0.246187
13	7	2	2	0.287745
13	7	3	1	0.456768
13	7	3	2	0.513825
13	7	4	1	0.275847
13	7	4	2	0.348998
13	7	5	1	0.396426
13	7	5	2	0.700458
13	4	1	1	0.422358
13	4	1	2	0.785344
13	4	2	1	0.259262
13	4	2	2	0.310848
13	4	3	1	0.326472
13	4	3	2	0.399619
13	4	4	1	0.247870
13	4	4	2	0.289292
13	4	5	1	0.360770
13	4	5	2	0.587924
13	10	1	1	0.390210
13	10	1	2	0.680469
13	10	2	1	0.259262
13	10	2	2	0.310848
13	10	3	1	0.304119
13	10	3	2	0.375426
13	10	4	1	0.248870
13	10	4	2	0.295725
13	10	5	1	0.502258
13	10	5	2	1.059427
13	3	1	1	0.372215
13	3	1	2	0.623462
13	3	2	1	0.246504
13	3	2	2	0.287741
13	3	3	1	0.304119
13	3	3	2	0.375426
13	3	4	1	0.264155
13	3	4	2	0.321560
13	3	5	1	0.526181
13	3	5	2	1.144518
13	9	1	1	0.384103
13	9	1	2	0.660973
13	9	2	1	0.257070
13	9	2	2	0.306247
13	9	3	1	0.248870
13	9	3	2	0.295725
13	9	4	1	0.279143
13	9	4	2	0.357106
13	9	5	1	0.390210
13	9	5	2	0.680469
13	2	1	1	0.502258
13	2	1	2	1.059427
13	2	2	1	0.264155
13	2	2	2	0.321560
13	2	3	1	0.250401
13	2	3	2	0.298951
13	2	4	1	0.257070
13	2	4	2	0.306247
13	2	5	1	0.486811
13	2	5	2	1.005161
13	12	1	1	0.568043
13	12	1	2	1.296180
13	12	2	1	0.246504
13	12	2	2	0.287741
13	12	3	1	0.264683
13	12	3	2	0.323750
13	12	4	1	0.275847
13	12	4	2	0.348998
13	12	5	1	0.366437
13	12	5	2	0.605446
13	8	1	1	0.422358
13	8	1	2	0.785344
13	8	2	1	0.264155
13	8	2	2	0.321560
13	8	3	1	0.340328
13	8	3	2	0.413505
13	8	4	1	0.310446
13	8	4	2	0.439877
13	8	5	1	0.378104
13	8	5	2	0.641971
13	11	1	1	0.526181
13	11	1	2	1.144518
13	11	2	1	0.272696
13	11	2	2	0.341388
13	11	3	1	0.280358
13	11	3	2	0.346196
13	11	4	1	0.253223
13	11	4	2	0.298561
13	11	5	1	0.409180
13	11	5	2	0.741915
13	5	1	1	0.457136
13	5	1	2	0.902539
13	5	2	1	0.248895
13	5	2	2	0.290842
13	5	3	1	0.252324
13	5	3	2	0.302739
13	5	4	1	0.246187
13	5	4	2	0.287745
13	5	5	1	0.518107
13	5	5	2	1.115662
13	14	1	1	0.559473
13	14	1	2	1.264864
13	14	2	1	0.289880
13	14	2	2	0.384419
13	14	3	1	0.252324
13	14	3	2	0.302739
13	14	4	1	0.246353
13	14	4	2	0.289331
13	14	5	1	0.384103
13	14	5	2	0.660973
13	15	1	1	0.526181
13	15	1	2	1.144518
13	15	2	1	0.306076
13	15	2	2	0.427793
13	15	3	1	0.252324
13	15	3	2	0.302739
13	15	4	1	0.253223
13	15	4	2	0.298561
13	15	5	1	0.576712
13	15	5	2	1.327989
13	1	1	1	0.510132
13	1	1	2	1.087298
13	1	2	1	0.246131
13	1	2	2	0.288274
13	1	3	1	0.248870
13	1	3	2	0.295725
13	1	4	1	0.297717
13	1	4	2	0.405114
13	1	5	1	0.568043
13	1	5	2	1.296180
13	6	1	1	0.510132
13	6	1	2	1.087298
13	6	2	1	0.272696
13	6	2	2	0.341388
13	6	3	1	0.269185
13	6	3	2	0.330552
13	6	4	1	0.264155
13	6	4	2	0.321560
13	6	5	1	0.494484
13	6	5	2	1.032048
14	2	1	1	0.396426
14	2	1	2	0.700458
14	2	2	1	0.246131
14	2	2	2	0.288274
14	2	3	1	0.260803
14	2	3	2	0.317588
14	2	4	1	0.272696
14	2	4	2	0.341388
14	2	5	1	0.486811
14	2	5	2	1.005161
14	9	1	1	0.449973
14	9	1	2	0.878115
14	9	2	1	0.269695
14	9	2	2	0.334278
14	9	3	1	0.264683
14	9	3	2	0.323750
14	9	4	1	0.251580
14	9	4	2	0.295478
14	9	5	1	0.559473
14	9	5	2	1.264864
14	5	1	1	0.449973
14	5	1	2	0.878115
14	5	2	1	0.247069
14	5	2	2	0.288257
14	5	3	1	0.375359
14	5	3	2	0.446007
14	5	4	1	0.250135
14	5	4	2	0.292905
14	5	5	1	0.390210
14	5	5	2	0.680469
14	12	1	1	0.518107
14	12	1	2	1.115662
14	12	2	1	0.253223
14	12	2	2	0.298561
14	12	3	1	0.252324
14	12	3	2	0.302739
14	12	4	1	0.246187
14	12	4	2	0.287745
14	12	5	1	0.518107
14	12	5	2	1.115662
14	3	1	1	0.429105
14	3	1	2	0.807797
14	3	2	1	0.261626
14	3	2	2	0.315953
14	3	3	1	0.254672
14	3	3	2	0.307099
14	3	4	1	0.251580
14	3	4	2	0.295478
14	3	5	1	0.486811
14	3	5	2	1.005161
14	4	1	1	0.449973
14	4	1	2	0.878115
14	4	2	1	0.257070
14	4	2	2	0.306247
14	4	3	1	0.269185
14	4	3	2	0.330552
14	4	4	1	0.297717
14	4	4	2	0.405114
14	4	5	1	0.415716
14	4	5	2	0.763383
14	1	1	1	0.402749
14	1	1	2	0.720940
14	1	2	1	0.279143
14	1	2	2	0.357106
14	1	3	1	0.397708
14	1	3	2	0.465383
14	1	4	1	0.272696
14	1	4	2	0.341388
14	1	5	1	0.384103
14	1	5	2	0.660973
14	11	1	1	0.502258
14	11	1	2	1.059427
14	11	2	1	0.246870
14	11	2	2	0.290921
14	11	3	1	0.326472
14	11	3	2	0.399619
14	11	4	1	0.255055
14	11	4	2	0.302151
14	11	5	1	0.510132
14	11	5	2	1.087298
14	8	1	1	0.402749
14	8	1	2	0.720940
14	8	2	1	0.246870
14	8	2	2	0.290921
14	8	3	1	0.264683
14	8	3	2	0.323750
14	8	4	1	0.246870
14	8	4	2	0.290921
14	8	5	1	0.422358
14	8	5	2	0.785344
14	13	1	1	0.494484
14	13	1	2	1.032048
14	13	2	1	0.253223
14	13	2	2	0.298561
14	13	3	1	0.340328
14	13	3	2	0.413505
14	13	4	1	0.257070
14	13	4	2	0.306247
14	13	5	1	0.449973
14	13	5	2	0.878115
14	6	1	1	0.486811
14	6	1	2	1.005161
14	6	2	1	0.259262
14	6	2	2	0.310848
14	6	3	1	0.304119
14	6	3	2	0.375426
14	6	4	1	0.289880
14	6	4	2	0.384419
14	6	5	1	0.551002
14	6	5	2	1.234039
14	7	1	1	0.402749
14	7	1	2	0.720940
14	7	2	1	0.257070
14	7	2	2	0.306247
14	7	3	1	0.375359
14	7	3	2	0.446007
14	7	4	1	0.247702
14	7	4	2	0.293050
14	7	5	1	0.568043
14	7	5	2	1.296180
14	10	1	1	0.360770
14	10	1	2	0.587924
14	10	2	1	0.261626
14	10	2	2	0.315953
14	10	3	1	0.397708
14	10	3	2	0.465383
14	10	4	1	0.266846
14	10	4	2	0.327669
14	10	5	1	0.534355
14	10	5	2	1.173866
14	15	1	1	0.442913
14	15	1	2	0.854183
14	15	2	1	0.286163
14	15	2	2	0.374817
14	15	3	1	0.257483
14	15	3	2	0.312044
14	15	4	1	0.286163
14	15	4	2	0.374817
14	15	5	1	0.576712
14	15	5	2	1.327989
15	8	1	1	0.518107
15	8	1	2	1.115662
15	8	2	1	0.282583
15	8	2	2	0.365713
15	8	3	1	0.304119
15	8	3	2	0.375426
15	8	4	1	0.246504
15	8	4	2	0.287741
15	8	5	1	0.494484
15	8	5	2	1.032048
15	6	1	1	0.542629
15	6	1	2	1.203706
15	6	2	1	0.266846
15	6	2	2	0.327669
15	6	3	1	0.250401
15	6	3	2	0.298951
15	6	4	1	0.264155
15	6	4	2	0.321560
15	6	5	1	0.559473
15	6	5	2	1.264864
15	11	1	1	0.534355
15	11	1	2	1.173866
15	11	2	1	0.282583
15	11	2	2	0.365713
15	11	3	1	0.295088
15	11	3	2	0.364835
15	11	4	1	0.286163
15	11	4	2	0.374817
15	11	5	1	0.534355
15	11	5	2	1.173866
15	1	1	1	0.378104
15	1	1	2	0.641971
15	1	2	1	0.257070
15	1	2	2	0.306247
15	1	3	1	0.257483
15	1	3	2	0.312044
15	1	4	1	0.279143
15	1	4	2	0.357106
15	1	5	1	0.372215
15	1	5	2	0.623462
15	12	1	1	0.457136
15	12	1	2	0.902539
15	12	2	1	0.246504
15	12	2	2	0.287741
15	12	3	1	0.250401
15	12	3	2	0.298951
15	12	4	1	0.293733
15	12	4	2	0.394518
15	12	5	1	0.568043
15	12	5	2	1.296180
15	10	1	1	0.422358
15	10	1	2	0.785344
15	10	2	1	0.301833
15	10	2	2	0.416205
15	10	3	1	0.274382
15	10	3	2	0.338023
15	10	4	1	0.246187
15	10	4	2	0.287745
15	10	5	1	0.422358
15	10	5	2	0.785344
15	4	1	1	0.396426
15	4	1	2	0.700458
15	4	2	1	0.264155
15	4	2	2	0.321560
15	4	3	1	0.304119
15	4	3	2	0.375426
15	4	4	1	0.246504
15	4	4	2	0.287741
15	4	5	1	0.396426
15	4	5	2	0.700458
15	5	1	1	0.435957
15	5	1	2	0.830744
15	5	2	1	0.272696
15	5	2	2	0.341388
15	5	3	1	0.269185
15	5	3	2	0.330552
15	5	4	1	0.279143
15	5	4	2	0.357106
15	5	5	1	0.449973
15	5	5	2	0.878115
15	13	1	1	0.457136
15	13	1	2	0.902539
15	13	2	1	0.246353
15	13	2	2	0.289331
15	13	3	1	0.356456
15	13	3	2	0.428864
15	13	4	1	0.293733
15	13	4	2	0.394518
15	13	5	1	0.366437
15	13	5	2	0.605446
15	7	1	1	0.576712
15	7	1	2	1.327989
15	7	2	1	0.257070
15	7	2	2	0.306247
15	7	3	1	0.257483
15	7	3	2	0.312044
15	7	4	1	0.275847
15	7	4	2	0.348998
15	7	5	1	0.396426
15	7	5	2	0.700458
15	9	1	1	0.551002
15	9	1	2	1.234039
15	9	2	1	0.289880
15	9	2	2	0.384419
15	9	3	1	0.250401
15	9	3	2	0.298951
15	9	4	1	0.282583
15	9	4	2	0.365713
15	9	5	1	0.534355
15	9	5	2	1.173866
15	2	1	1	0.494484
15	2	1	2	1.032048
15	2	2	1	0.248870
15	2	2	2	0.295725
15	2	3	1	0.257483
15	2	3	2	0.312044
15	2	4	1	0.266846
15	2	4	2	0.327669
15	2	5	1	0.510132
15	2	5	2	1.087298
15	14	1	1	0.542629
15	14	1	2	1.203706
15	14	2	1	0.286163
15	14	2	2	0.374817
15	14	3	1	0.280358
15	14	3	2	0.346196
15	14	4	1	0.293733
15	14	4	2	0.394518
15	14	5	1	0.396426
15	14	5	2	0.700458
15	3	1	1	0.494484
15	3	1	2	1.032048
15	3	2	1	0.279143
15	3	2	2	0.357106
15	3	3	1	0.264683
15	3	3	2	0.323750
15	3	4	1	0.251580
15	3	4	2	0.295478
15	3	5	1	0.384103
15	3	5	2	0.660973
0	4	1	1	0.409180
0	4	1	2	0.741915
0	4	2	1	0.251580
0	4	2	2	0.295478
0	4	3	1	0.260803
0	4	3	2	0.317588
0	4	4	1	0.246187
0	4	4	2	0.287745
0	4	5	1	0.568043
0	4	5	2	1.296180
0	10	1	1	0.559473
0	10	1	2	1.264864
0	10	2	1	0.266846
0	10	2	2	0.327669
0	10	3	1	0.314502
0	10	3	2	0.386980
0	10	4	1	0.257070
0	10	4	2	0.306247
0	10	5	1	0.402749
0	10	5	2	0.720940
0	8	1	1	0.576712
0	8	1	2	1.327989
0	8	2	1	0.282583
0	8	2	2	0.365713
0	8	3	1	0.254672
0	8	3	2	0.307099
0	8	4	1	0.246504
0	8	4	2	0.287741
0	8	5	1	0.568043
0	8	5	2	1.296180
0	12	1	1	0.542629
0	12	1	2	1.203706
0	12	2	1	0.306076
0	12	2	2	0.427793
0	12	3	1	0.254672
0	12	3	2	0.307099
0	12	4	1	0.301833
0	12	4	2	0.416205
0	12	5	1	0.559473
0	12	5	2	1.264864
0	13	1	1	0.576712
0	13	1	2	1.327989
0	13	2	1	0.247870
0	13	2	2	0.289292
0	13	3	1	0.252324
0	13	3	2	0.302739
0	13	4	1	0.289880
0	13	4	2	0.384419
0	13	5	1	0.534355
0	13	5	2	1.173866
0	11	1	1	0.384103
0	11	1	2	0.660973
0	11	2	1	0.301833
0	11	2	2	0.416205
0	11	3	1	0.260803
0	11	3	2	0.317588
0	11	4	1	0.293733
0	11	4	2	0.394518
0	11	5	1	0.402749
0	11	5	2	0.720940
0	7	1	1	0.429105
0	7	1	2	0.807797
0	7	2	1	0.269695
0	7	2	2	0.334278
0	7	3	1	0.250401
0	7	3	2	0.298951
0	7	4	1	0.246353
0	7	4	2	0.289331
0	7	5	1	0.494484
0	7	5	2	1.032048
0	5	1	1	0.576712
0	5	1	2	1.327989
0	5	2	1	0.279143
0	5	2	2	0.357106
0	5	3	1	0.340328
0	5	3	2	0.413505
0	5	4	1	0.247702
0	5	4	2	0.293050
0	5	5	1	0.534355
0	5	5	2	1.173866
0	1	1	1	0.429105
0	1	1	2	0.807797
0	1	2	1	0.251580
0	1	2	2	0.295478
0	1	3	1	0.254672
0	1	3	2	0.307099
0	1	4	1	0.301833
0	1	4	2	0.416205
0	1	5	1	0.366437
0	1	5	2	0.605446
0	15	1	1	0.402749
0	15	1	2	0.720940
0	15	2	1	0.282583
0	15	2	2	0.365713
0	15	3	1	0.304119
0	15	3	2	0.375426
0	15	4	1	0.310446
0	15	4	2	0.439877
0	15	5	1	0.366437
0	15	5	2	0.605446
0	9	1	1	0.568043
0	9	1	2	1.296180
0	9	2	1	0.251580
0	9	2	2	0.295478
0	9	3	1	0.375359
0	9	3	2	0.446007
0	9	4	1	0.264155
0	9	4	2	0.321560
0	9	5	1	0.518107
0	9	5	2	1.115662
0	6	1	1	0.429105
0	6	1	2	0.807797
0	6	2	1	0.250135
0	6	2	2	0.292905
0	6	3	1	0.269185
0	6	3	2	0.330552
0	6	4	1	0.246131
0	6	4	2	0.288274
0	6	5	1	0.576712
0	6	5	2	1.327989
0	2	1	1	0.396426
0	2	1	2	0.700458
0	2	2	1	0.289880
0	2	2	2	0.384419
0	2	3	1	0.375359
0	2	3	2	0.446007
0	2	4	1	0.286163
0	2	4	2	0.374817
0	2	5	1	0.360770
0	2	5	2	0.587924
0	3	1	1	0.384103
0	3	1	2	0.660973
0	3	2	1	0.279143
0	3	2	2	0.357106
0	3	3	1	0.397708
0	3	3	2	0.465383
0	3	4	1	0.282583
0	3	4	2	0.365713
0	3	5	1	0.494484
0	3	5	2	1.032048
0	14	1	1	0.534355
0	14	1	2	1.173866
0	14	2	1	0.253223
0	14	2	2	0.298561
0	14	3	1	0.280358
0	14	3	2	0.346196
0	14	4	1	0.279143
0	14	4	2	0.357106
0	14	5	1	0.568043
0	14	5	2	1.296180
4	0	1	1	0.409180
4	0	1	2	0.741915
4	0	2	1	0.250135
4	0	2	2	0.292905
4	0	3	1	0.269185
4	0	3	2	0.330552
4	0	4	1	0.301833
4	0	4	2	0.416205
4	0	5	1	0.510132
4	0	5	2	1.087298
10	0	1	1	0.502258
10	0	1	2	1.059427
10	0	2	1	0.255055
10	0	2	2	0.302151
10	0	3	1	0.260803
10	0	3	2	0.317588
10	0	4	1	0.246353
10	0	4	2	0.289331
10	0	5	1	0.518107
10	0	5	2	1.115662
8	0	1	1	0.510132
8	0	1	2	1.087298
8	0	2	1	0.250135
8	0	2	2	0.292905
8	0	3	1	0.257483
8	0	3	2	0.312044
8	0	4	1	0.275847
8	0	4	2	0.348998
8	0	5	1	0.435957
8	0	5	2	0.830744
12	0	1	1	0.576712
12	0	1	2	1.327989
12	0	2	1	0.301833
12	0	2	2	0.416205
12	0	3	1	0.424417
12	0	3	2	0.487653
12	0	4	1	0.269695
12	0	4	2	0.334278
12	0	5	1	0.409180
12	0	5	2	0.741915
13	0	1	1	0.372215
13	0	1	2	0.623462
13	0	2	1	0.289880
13	0	2	2	0.384419
13	0	3	1	0.326472
13	0	3	2	0.399619
13	0	4	1	0.279143
13	0	4	2	0.357106
13	0	5	1	0.494484
13	0	5	2	1.032048
11	0	1	1	0.464402
11	0	1	2	0.927456
11	0	2	1	0.257070
11	0	2	2	0.306247
11	0	3	1	0.314502
11	0	3	2	0.386980
11	0	4	1	0.293733
11	0	4	2	0.394518
11	0	5	1	0.494484
11	0	5	2	1.032048
7	0	1	1	0.502258
7	0	1	2	1.059427
7	0	2	1	0.248870
7	0	2	2	0.295725
7	0	3	1	0.248870
7	0	3	2	0.295725
7	0	4	1	0.261626
7	0	4	2	0.315953
7	0	5	1	0.542629
7	0	5	2	1.203706
5	0	1	1	0.396426
5	0	1	2	0.700458
5	0	2	1	0.247069
5	0	2	2	0.288257
5	0	3	1	0.280358
5	0	3	2	0.346196
5	0	4	1	0.255055
5	0	4	2	0.302151
5	0	5	1	0.396426
5	0	5	2	0.700458
1	0	1	1	0.518107
1	0	1	2	1.115662
1	0	2	1	0.269695
1	0	2	2	0.334278
1	0	3	1	0.252324
1	0	3	2	0.302739
1	0	4	1	0.246131
1	0	4	2	0.288274
1	0	5	1	0.378104
1	0	5	2	0.641971
15	0	1	1	0.360770
15	0	1	2	0.587924
15	0	2	1	0.246353
15	0	2	2	0.289331
15	0	3	1	0.424417
15	0	3	2	0.487653
15	0	4	1	0.289880
15	0	4	2	0.384419
15	0	5	1	0.502258
15	0	5	2	1.059427
9	0	1	1	0.442913
9	0	1	2	0.854183
9	0	2	1	0.248870
9	0	2	2	0.295725
9	0	3	1	0.340328
9	0	3	2	0.413505
9	0	4	1	0.301833
9	0	4	2	0.416205
9	0	5	1	0.409180
9	0	5	2	0.741915
6	0	1	1	0.390210
6	0	1	2	0.680469
6	0	2	1	0.247069
6	0	2	2	0.288257
6	0	3	1	0.248870
6	0	3	2	0.295725
6	0	4	1	0.266846
6	0	4	2	0.327669
6	0	5	1	0.486811
6	0	5	2	1.005161
2	0	1	1	0.568043
2	0	1	2	1.296180
2	0	2	1	0.289880
2	0	2	2	0.384419
2	0	3	1	0.397708
2	0	3	2	0.465383
2	0	4	1	0.247870
2	0	4	2	0.289292
2	0	5	1	0.471770
2	0	5	2	0.952865
3	0	1	1	0.449973
3	0	1	2	0.878115
3	0	2	1	0.306076
3	0	2	2	0.427793
3	0	3	1	0.295088
3	0	3	2	0.364835
3	0	4	1	0.282583
3	0	4	2	0.365713
3	0	5	1	0.471770
3	0	5	2	0.952865
14	0	1	1	0.534355
14	0	1	2	1.173866
14	0	2	1	0.275847
14	0	2	2	0.348998
14	0	3	1	0.456768
14	0	3	2	0.513825
14	0	4	1	0.275847
14	0	4	2	0.348998
14	0	5	1	0.471770
14	0	5	2	0.952865
;
