param:	TIME:	Ts	Te:=
1	0   108
2	108   216
3	216   324
4	324   432
5	432   540
;
param:	NODE:	r	st	WS	WE:=
0	0	0	0	540
1	1155	13	13	326
2	1650	18	87	412
3	1125	12	33	353
4	372	4	12	347
5	1179	13	42	374
6	426	5	87	392
7	1233	14	26	370
8	504	6	86	422
9	1200	13	23	339
10	1224	14	26	369
11	1695	19	58	383
12	2400	27	55	397
13	1926	21	57	403
14	423	5	55	392
15	369	4	28	356
;
param: VEHICLE:	Ch	Lh	Ph	ch:=
1	10000	150	2.2384e-005	2.66374
2	15000	200	1.79961e-005	2.66374
3	10000	150	2.2384e-005	2.66374
;
param q_real:=3;
param	nth:=14;
param	nth1:=15;
param:	ARC:	D:=
1	3	18.260000
1	5	25.830000
1	13	32.020000
1	6	38.320000
1	7	40.439999
1	11	41.300999
1	8	43.619999
1	9	49.680000
1	15	49.939999
1	14	52.049999
1	10	53.030998
1	12	60.951000
1	4	75.490997
1	2	121.230003
2	4	49.599998
2	12	65.089996
2	10	71.220001
2	8	84.680000
2	9	86.370003
2	6	89.879997
2	13	103.800003
2	5	106.080002
2	1	121.669998
2	3	137.641006
2	15	152.059998
2	7	159.811005
2	11	160.671997
2	14	171.421005
3	1	17.889999
3	7	29.510000
3	15	37.130001
3	11	38.330002
3	14	41.119999
3	5	43.139999
3	13	45.270000
3	6	55.230000
3	8	57.880001
3	9	62.970001
3	10	66.320999
3	12	74.240997
3	4	88.780998
3	2	137.990997
4	12	16.459999
4	10	22.590000
4	8	36.000000
4	9	37.740002
4	6	47.709999
4	2	49.500000
4	13	55.169998
4	5	63.910000
4	1	75.210999
4	3	88.530998
4	7	110.700996
4	11	111.561996
4	15	112.792000
4	14	122.310997
5	6	20.059999
5	1	25.590000
5	8	36.110001
5	3	43.220001
5	13	43.240002
5	10	50.570000
5	9	55.290001
5	12	59.590000
5	15	62.840000
5	4	64.239998
5	7	65.400002
5	11	66.261002
5	14	77.010002
5	2	105.989998
6	5	20.170000
6	8	33.160000
6	1	38.250000
6	13	44.869999
6	10	47.619999
6	4	47.820000
6	9	52.340000
6	3	55.419998
6	12	56.639999
6	15	68.902000
6	7	77.589996
6	11	78.450996
6	14	89.199997
6	2	89.570000
7	14	11.740000
7	11	22.500000
7	3	29.480000
7	1	40.070000
7	15	51.299999
7	5	65.320000
7	13	67.449997
7	6	77.410004
7	8	80.059998
7	9	85.150002
7	10	88.500999
7	12	96.420998
7	4	110.960999
7	2	160.171005
8	10	15.260000
8	12	24.280001
8	9	25.570000
8	13	26.870001
8	6	33.099998
8	5	36.110001
8	4	36.340000
8	1	44.349998
8	3	58.191002
8	7	80.361000
8	11	81.222000
8	2	84.580002
8	15	87.639999
8	14	91.971001
9	10	19.490000
9	13	21.690001
9	12	22.740000
9	8	25.650000
9	4	38.330002
9	1	49.889999
9	6	52.470001
9	5	55.480000
9	3	63.209999
9	7	85.379997
9	11	86.240997
9	2	86.430000
9	15	96.720001
9	14	96.989998
10	12	9.600000
10	8	15.190000
10	9	19.600000
10	4	23.040001
10	13	34.340000
10	6	47.299999
10	5	50.310001
10	1	53.201000
10	3	66.521004
10	2	71.139999
10	7	88.691002
10	11	89.552002
10	15	100.030998
10	14	100.301003
11	7	22.540001
11	14	24.200001
11	3	36.759998
11	1	40.311001
11	15	58.580002
11	5	65.560997
11	13	67.691002
11	6	77.651001
11	8	80.301003
11	9	85.390999
11	10	88.741997
11	12	96.662003
11	4	111.202003
11	2	160.412003
12	10	9.370000
12	4	16.910000
12	9	22.750000
12	8	23.980000
12	13	40.220001
12	6	56.090000
12	5	59.099998
12	1	61.390999
12	2	65.010002
12	3	74.710999
12	7	96.880997
12	11	97.741997
12	15	108.221001
12	14	108.490997
13	9	21.730000
13	8	27.040001
13	1	32.220001
13	10	34.070000
13	12	39.860001
13	5	43.090000
13	6	44.560001
13	3	45.430000
13	4	55.290001
13	7	67.599998
13	11	68.460999
13	15	78.940002
13	14	79.209999
13	2	103.389999
14	7	11.620000
14	11	23.840000
14	3	40.970001
14	1	51.560001
14	15	62.790001
14	5	76.809998
14	13	78.940002
14	6	88.900002
14	8	91.550003
14	9	96.639999
14	10	99.990997
14	12	107.911003
14	4	122.450996
14	2	171.660995
15	3	37.060001
15	1	49.700001
15	7	51.110001
15	11	59.930000
15	14	62.720001
15	5	62.849998
15	6	67.750000
15	13	78.889999
15	8	87.660004
15	9	96.589996
15	10	99.941002
15	12	107.861000
15	4	112.169998
15	2	150.919998
0	5	12.150000
0	6	14.890000
0	8	24.709999
0	1	25.990000
0	13	31.360001
0	10	39.169998
0	3	41.830002
0	9	43.889999
0	12	48.189999
0	4	56.970001
0	7	64.000000
0	15	64.489998
0	11	64.861000
0	14	75.610001
0	2	98.720001
5	0	12.220000
6	0	14.890000
8	0	24.780001
1	0	25.530001
13	0	31.280001
10	0	38.980000
3	0	41.540001
9	0	44.150002
12	0	47.770000
4	0	57.090000
7	0	63.720001
11	0	63.960999
15	0	64.489998
14	0	75.209999
2	0	99.260002
;
param:	v:=
1	3	1	93
1	3	2	32
1	3	3	27
1	3	4	46
1	3	5	93
1	5	1	75
1	5	2	53
1	5	3	23
1	5	4	39
1	5	5	94
1	13	1	95
1	13	2	38
1	13	3	18
1	13	4	31
1	13	5	88
1	6	1	92
1	6	2	56
1	6	3	10
1	6	4	53
1	6	5	80
1	7	1	77
1	7	2	47
1	7	3	26
1	7	4	51
1	7	5	90
1	11	1	87
1	11	2	46
1	11	3	19
1	11	4	59
1	11	5	100
1	8	1	82
1	8	2	42
1	8	3	29
1	8	4	35
1	8	5	80
1	9	1	82
1	9	2	40
1	9	3	25
1	9	4	58
1	9	5	74
1	15	1	72
1	15	2	44
1	15	3	12
1	15	4	32
1	15	5	71
1	14	1	71
1	14	2	60
1	14	3	16
1	14	4	42
1	14	5	73
1	10	1	95
1	10	2	52
1	10	3	17
1	10	4	42
1	10	5	78
1	12	1	93
1	12	2	49
1	12	3	30
1	12	4	59
1	12	5	84
1	4	1	79
1	4	2	44
1	4	3	26
1	4	4	39
1	4	5	82
1	2	1	82
1	2	2	41
1	2	3	27
1	2	4	33
1	2	5	77
2	4	1	100
2	4	2	57
2	4	3	10
2	4	4	53
2	4	5	72
2	12	1	76
2	12	2	33
2	12	3	12
2	12	4	36
2	12	5	94
2	10	1	77
2	10	2	46
2	10	3	23
2	10	4	38
2	10	5	89
2	8	1	84
2	8	2	43
2	8	3	21
2	8	4	44
2	8	5	92
2	9	1	88
2	9	2	36
2	9	3	26
2	9	4	59
2	9	5	87
2	6	1	79
2	6	2	54
2	6	3	26
2	6	4	40
2	6	5	79
2	13	1	88
2	13	2	32
2	13	3	22
2	13	4	47
2	13	5	90
2	5	1	76
2	5	2	44
2	5	3	10
2	5	4	56
2	5	5	71
2	1	1	76
2	1	2	43
2	1	3	12
2	1	4	49
2	1	5	76
2	3	1	78
2	3	2	31
2	3	3	21
2	3	4	58
2	3	5	83
2	15	1	82
2	15	2	46
2	15	3	17
2	15	4	51
2	15	5	99
2	7	1	85
2	7	2	56
2	7	3	14
2	7	4	55
2	7	5	81
2	11	1	79
2	11	2	30
2	11	3	14
2	11	4	33
2	11	5	94
2	14	1	90
2	14	2	49
2	14	3	22
2	14	4	54
2	14	5	74
3	1	1	94
3	1	2	40
3	1	3	28
3	1	4	49
3	1	5	98
3	7	1	84
3	7	2	49
3	7	3	23
3	7	4	35
3	7	5	83
3	15	1	98
3	15	2	53
3	15	3	27
3	15	4	59
3	15	5	80
3	11	1	99
3	11	2	31
3	11	3	21
3	11	4	41
3	11	5	73
3	14	1	95
3	14	2	50
3	14	3	22
3	14	4	35
3	14	5	89
3	5	1	94
3	5	2	37
3	5	3	25
3	5	4	38
3	5	5	85
3	13	1	82
3	13	2	34
3	13	3	27
3	13	4	31
3	13	5	88
3	6	1	81
3	6	2	53
3	6	3	13
3	6	4	56
3	6	5	73
3	8	1	81
3	8	2	38
3	8	3	25
3	8	4	44
3	8	5	94
3	9	1	77
3	9	2	54
3	9	3	25
3	9	4	45
3	9	5	85
3	10	1	89
3	10	2	36
3	10	3	16
3	10	4	52
3	10	5	88
3	12	1	79
3	12	2	38
3	12	3	30
3	12	4	36
3	12	5	91
3	4	1	70
3	4	2	42
3	4	3	24
3	4	4	47
3	4	5	75
3	2	1	79
3	2	2	39
3	2	3	15
3	2	4	32
3	2	5	82
4	12	1	96
4	12	2	40
4	12	3	20
4	12	4	54
4	12	5	90
4	10	1	99
4	10	2	57
4	10	3	29
4	10	4	59
4	10	5	70
4	8	1	76
4	8	2	44
4	8	3	22
4	8	4	40
4	8	5	72
4	9	1	76
4	9	2	52
4	9	3	22
4	9	4	52
4	9	5	94
4	6	1	86
4	6	2	31
4	6	3	10
4	6	4	60
4	6	5	78
4	2	1	88
4	2	2	42
4	2	3	14
4	2	4	56
4	2	5	73
4	13	1	99
4	13	2	33
4	13	3	12
4	13	4	36
4	13	5	100
4	5	1	97
4	5	2	51
4	5	3	27
4	5	4	46
4	5	5	87
4	1	1	87
4	1	2	31
4	1	3	17
4	1	4	57
4	1	5	70
4	3	1	79
4	3	2	52
4	3	3	10
4	3	4	58
4	3	5	91
4	7	1	78
4	7	2	56
4	7	3	13
4	7	4	30
4	7	5	78
4	11	1	72
4	11	2	43
4	11	3	15
4	11	4	58
4	11	5	80
4	15	1	84
4	15	2	40
4	15	3	21
4	15	4	45
4	15	5	77
4	14	1	92
4	14	2	48
4	14	3	14
4	14	4	45
4	14	5	75
5	6	1	79
5	6	2	47
5	6	3	13
5	6	4	43
5	6	5	79
5	1	1	98
5	1	2	54
5	1	3	17
5	1	4	59
5	1	5	88
5	8	1	74
5	8	2	37
5	8	3	13
5	8	4	35
5	8	5	91
5	3	1	94
5	3	2	38
5	3	3	23
5	3	4	52
5	3	5	91
5	13	1	90
5	13	2	53
5	13	3	25
5	13	4	53
5	13	5	75
5	10	1	96
5	10	2	39
5	10	3	13
5	10	4	56
5	10	5	83
5	9	1	92
5	9	2	54
5	9	3	28
5	9	4	59
5	9	5	94
5	12	1	70
5	12	2	35
5	12	3	29
5	12	4	52
5	12	5	89
5	15	1	76
5	15	2	36
5	15	3	25
5	15	4	35
5	15	5	87
5	4	1	78
5	4	2	36
5	4	3	20
5	4	4	30
5	4	5	79
5	7	1	81
5	7	2	48
5	7	3	23
5	7	4	45
5	7	5	82
5	11	1	79
5	11	2	52
5	11	3	10
5	11	4	38
5	11	5	75
5	14	1	79
5	14	2	33
5	14	3	13
5	14	4	54
5	14	5	72
5	2	1	73
5	2	2	37
5	2	3	16
5	2	4	55
5	2	5	86
6	5	1	89
6	5	2	60
6	5	3	14
6	5	4	34
6	5	5	85
6	8	1	84
6	8	2	34
6	8	3	16
6	8	4	55
6	8	5	95
6	1	1	96
6	1	2	33
6	1	3	25
6	1	4	50
6	1	5	81
6	13	1	96
6	13	2	31
6	13	3	22
6	13	4	33
6	13	5	93
6	10	1	97
6	10	2	33
6	10	3	13
6	10	4	48
6	10	5	70
6	4	1	72
6	4	2	48
6	4	3	16
6	4	4	59
6	4	5	99
6	9	1	87
6	9	2	40
6	9	3	15
6	9	4	46
6	9	5	89
6	3	1	82
6	3	2	58
6	3	3	18
6	3	4	33
6	3	5	77
6	12	1	87
6	12	2	56
6	12	3	24
6	12	4	30
6	12	5	95
6	15	1	73
6	15	2	30
6	15	3	14
6	15	4	60
6	15	5	89
6	7	1	82
6	7	2	40
6	7	3	11
6	7	4	31
6	7	5	85
6	11	1	84
6	11	2	53
6	11	3	11
6	11	4	51
6	11	5	79
6	14	1	88
6	14	2	40
6	14	3	23
6	14	4	53
6	14	5	94
6	2	1	86
6	2	2	31
6	2	3	16
6	2	4	34
6	2	5	97
7	14	1	94
7	14	2	60
7	14	3	16
7	14	4	30
7	14	5	77
7	11	1	81
7	11	2	41
7	11	3	16
7	11	4	57
7	11	5	75
7	3	1	82
7	3	2	58
7	3	3	29
7	3	4	60
7	3	5	79
7	1	1	100
7	1	2	58
7	1	3	27
7	1	4	46
7	1	5	81
7	15	1	82
7	15	2	39
7	15	3	10
7	15	4	37
7	15	5	96
7	5	1	89
7	5	2	41
7	5	3	11
7	5	4	48
7	5	5	98
7	13	1	90
7	13	2	56
7	13	3	19
7	13	4	42
7	13	5	93
7	6	1	80
7	6	2	51
7	6	3	25
7	6	4	51
7	6	5	92
7	8	1	97
7	8	2	59
7	8	3	30
7	8	4	47
7	8	5	75
7	9	1	71
7	9	2	54
7	9	3	24
7	9	4	59
7	9	5	83
7	10	1	71
7	10	2	56
7	10	3	11
7	10	4	51
7	10	5	73
7	12	1	82
7	12	2	46
7	12	3	25
7	12	4	51
7	12	5	100
7	4	1	88
7	4	2	54
7	4	3	23
7	4	4	35
7	4	5	79
7	2	1	93
7	2	2	48
7	2	3	17
7	2	4	60
7	2	5	72
8	10	1	89
8	10	2	52
8	10	3	22
8	10	4	45
8	10	5	80
8	12	1	94
8	12	2	54
8	12	3	24
8	12	4	30
8	12	5	93
8	9	1	83
8	9	2	38
8	9	3	24
8	9	4	48
8	9	5	100
8	13	1	91
8	13	2	59
8	13	3	29
8	13	4	32
8	13	5	99
8	6	1	96
8	6	2	35
8	6	3	18
8	6	4	38
8	6	5	74
8	5	1	72
8	5	2	59
8	5	3	29
8	5	4	58
8	5	5	87
8	4	1	91
8	4	2	34
8	4	3	27
8	4	4	46
8	4	5	89
8	1	1	88
8	1	2	36
8	1	3	29
8	1	4	35
8	1	5	86
8	3	1	97
8	3	2	52
8	3	3	10
8	3	4	49
8	3	5	86
8	7	1	100
8	7	2	30
8	7	3	18
8	7	4	38
8	7	5	94
8	11	1	90
8	11	2	51
8	11	3	16
8	11	4	54
8	11	5	82
8	2	1	85
8	2	2	34
8	2	3	15
8	2	4	53
8	2	5	70
8	15	1	85
8	15	2	49
8	15	3	16
8	15	4	43
8	15	5	77
8	14	1	77
8	14	2	58
8	14	3	23
8	14	4	56
8	14	5	71
9	10	1	83
9	10	2	31
9	10	3	14
9	10	4	41
9	10	5	94
9	13	1	95
9	13	2	40
9	13	3	14
9	13	4	44
9	13	5	84
9	12	1	90
9	12	2	35
9	12	3	20
9	12	4	48
9	12	5	98
9	8	1	100
9	8	2	38
9	8	3	23
9	8	4	42
9	8	5	97
9	4	1	87
9	4	2	41
9	4	3	11
9	4	4	32
9	4	5	79
9	1	1	96
9	1	2	60
9	1	3	29
9	1	4	33
9	1	5	100
9	6	1	89
9	6	2	44
9	6	3	13
9	6	4	37
9	6	5	86
9	5	1	75
9	5	2	59
9	5	3	14
9	5	4	52
9	5	5	78
9	3	1	70
9	3	2	41
9	3	3	13
9	3	4	55
9	3	5	95
9	7	1	97
9	7	2	33
9	7	3	28
9	7	4	36
9	7	5	75
9	11	1	71
9	11	2	36
9	11	3	12
9	11	4	39
9	11	5	95
9	2	1	94
9	2	2	39
9	2	3	25
9	2	4	34
9	2	5	70
9	15	1	98
9	15	2	51
9	15	3	22
9	15	4	52
9	15	5	70
9	14	1	90
9	14	2	40
9	14	3	20
9	14	4	58
9	14	5	100
10	12	1	92
10	12	2	58
10	12	3	23
10	12	4	33
10	12	5	90
10	8	1	80
10	8	2	34
10	8	3	26
10	8	4	41
10	8	5	79
10	9	1	91
10	9	2	32
10	9	3	11
10	9	4	31
10	9	5	94
10	4	1	98
10	4	2	49
10	4	3	26
10	4	4	41
10	4	5	97
10	13	1	74
10	13	2	35
10	13	3	23
10	13	4	55
10	13	5	86
10	6	1	93
10	6	2	60
10	6	3	25
10	6	4	40
10	6	5	95
10	5	1	79
10	5	2	60
10	5	3	28
10	5	4	44
10	5	5	77
10	1	1	83
10	1	2	58
10	1	3	27
10	1	4	52
10	1	5	94
10	3	1	98
10	3	2	38
10	3	3	15
10	3	4	56
10	3	5	82
10	2	1	99
10	2	2	41
10	2	3	16
10	2	4	46
10	2	5	81
10	7	1	81
10	7	2	34
10	7	3	14
10	7	4	55
10	7	5	88
10	11	1	87
10	11	2	34
10	11	3	14
10	11	4	56
10	11	5	77
10	15	1	91
10	15	2	32
10	15	3	11
10	15	4	39
10	15	5	95
10	14	1	80
10	14	2	44
10	14	3	21
10	14	4	49
10	14	5	82
11	7	1	72
11	7	2	51
11	7	3	29
11	7	4	38
11	7	5	90
11	14	1	91
11	14	2	37
11	14	3	23
11	14	4	58
11	14	5	83
11	3	1	71
11	3	2	47
11	3	3	11
11	3	4	54
11	3	5	90
11	1	1	76
11	1	2	56
11	1	3	23
11	1	4	36
11	1	5	79
11	15	1	86
11	15	2	49
11	15	3	12
11	15	4	40
11	15	5	72
11	5	1	91
11	5	2	51
11	5	3	22
11	5	4	38
11	5	5	73
11	13	1	86
11	13	2	56
11	13	3	11
11	13	4	35
11	13	5	71
11	6	1	98
11	6	2	41
11	6	3	12
11	6	4	31
11	6	5	90
11	8	1	72
11	8	2	57
11	8	3	16
11	8	4	51
11	8	5	75
11	9	1	95
11	9	2	31
11	9	3	27
11	9	4	50
11	9	5	74
11	10	1	82
11	10	2	58
11	10	3	22
11	10	4	36
11	10	5	70
11	12	1	83
11	12	2	47
11	12	3	27
11	12	4	56
11	12	5	85
11	4	1	71
11	4	2	55
11	4	3	27
11	4	4	32
11	4	5	79
11	2	1	80
11	2	2	51
11	2	3	26
11	2	4	55
11	2	5	92
12	10	1	88
12	10	2	47
12	10	3	23
12	10	4	30
12	10	5	77
12	4	1	82
12	4	2	56
12	4	3	21
12	4	4	32
12	4	5	88
12	9	1	77
12	9	2	50
12	9	3	30
12	9	4	55
12	9	5	92
12	8	1	77
12	8	2	38
12	8	3	10
12	8	4	48
12	8	5	88
12	13	1	77
12	13	2	52
12	13	3	15
12	13	4	32
12	13	5	95
12	6	1	87
12	6	2	57
12	6	3	30
12	6	4	31
12	6	5	71
12	5	1	81
12	5	2	35
12	5	3	21
12	5	4	57
12	5	5	81
12	1	1	96
12	1	2	30
12	1	3	19
12	1	4	44
12	1	5	86
12	2	1	89
12	2	2	46
12	2	3	25
12	2	4	31
12	2	5	77
12	3	1	91
12	3	2	39
12	3	3	18
12	3	4	54
12	3	5	87
12	7	1	84
12	7	2	33
12	7	3	26
12	7	4	59
12	7	5	81
12	11	1	89
12	11	2	55
12	11	3	21
12	11	4	52
12	11	5	95
12	15	1	97
12	15	2	49
12	15	3	12
12	15	4	46
12	15	5	89
12	14	1	76
12	14	2	49
12	14	3	11
12	14	4	53
12	14	5	99
13	9	1	80
13	9	2	55
13	9	3	19
13	9	4	51
13	9	5	85
13	8	1	90
13	8	2	40
13	8	3	21
13	8	4	53
13	8	5	97
13	1	1	93
13	1	2	50
13	1	3	12
13	1	4	55
13	1	5	95
13	10	1	74
13	10	2	54
13	10	3	14
13	10	4	53
13	10	5	70
13	12	1	75
13	12	2	60
13	12	3	27
13	12	4	53
13	12	5	82
13	5	1	86
13	5	2	45
13	5	3	18
13	5	4	52
13	5	5	94
13	6	1	79
13	6	2	51
13	6	3	30
13	6	4	38
13	6	5	86
13	3	1	96
13	3	2	40
13	3	3	29
13	3	4	56
13	3	5	90
13	4	1	72
13	4	2	42
13	4	3	14
13	4	4	30
13	4	5	94
13	7	1	75
13	7	2	45
13	7	3	24
13	7	4	49
13	7	5	80
13	11	1	78
13	11	2	50
13	11	3	20
13	11	4	44
13	11	5	92
13	15	1	80
13	15	2	41
13	15	3	28
13	15	4	30
13	15	5	98
13	14	1	79
13	14	2	45
13	14	3	13
13	14	4	44
13	14	5	74
13	2	1	96
13	2	2	30
13	2	3	18
13	2	4	35
13	2	5	80
14	7	1	95
14	7	2	42
14	7	3	24
14	7	4	55
14	7	5	99
14	11	1	71
14	11	2	55
14	11	3	21
14	11	4	37
14	11	5	74
14	3	1	89
14	3	2	53
14	3	3	21
14	3	4	38
14	3	5	88
14	1	1	99
14	1	2	60
14	1	3	28
14	1	4	36
14	1	5	99
14	15	1	95
14	15	2	37
14	15	3	24
14	15	4	30
14	15	5	92
14	5	1	85
14	5	2	46
14	5	3	25
14	5	4	47
14	5	5	97
14	13	1	76
14	13	2	40
14	13	3	29
14	13	4	41
14	13	5	73
14	6	1	70
14	6	2	51
14	6	3	13
14	6	4	35
14	6	5	83
14	8	1	76
14	8	2	52
14	8	3	22
14	8	4	56
14	8	5	84
14	9	1	93
14	9	2	39
14	9	3	21
14	9	4	31
14	9	5	82
14	10	1	72
14	10	2	45
14	10	3	20
14	10	4	42
14	10	5	97
14	12	1	80
14	12	2	44
14	12	3	29
14	12	4	40
14	12	5	97
14	4	1	82
14	4	2	48
14	4	3	16
14	4	4	56
14	4	5	70
14	2	1	96
14	2	2	30
14	2	3	23
14	2	4	38
14	2	5	73
15	3	1	83
15	3	2	31
15	3	3	17
15	3	4	33
15	3	5	93
15	1	1	95
15	1	2	42
15	1	3	27
15	1	4	49
15	1	5	97
15	7	1	70
15	7	2	57
15	7	3	29
15	7	4	36
15	7	5	95
15	11	1	86
15	11	2	51
15	11	3	27
15	11	4	32
15	11	5	90
15	14	1	84
15	14	2	36
15	14	3	15
15	14	4	40
15	14	5	81
15	5	1	99
15	5	2	56
15	5	3	14
15	5	4	37
15	5	5	76
15	6	1	81
15	6	2	60
15	6	3	27
15	6	4	54
15	6	5	84
15	13	1	96
15	13	2	47
15	13	3	17
15	13	4	40
15	13	5	98
15	8	1	80
15	8	2	53
15	8	3	11
15	8	4	39
15	8	5	80
15	9	1	97
15	9	2	57
15	9	3	16
15	9	4	40
15	9	5	78
15	10	1	92
15	10	2	58
15	10	3	27
15	10	4	36
15	10	5	74
15	12	1	79
15	12	2	31
15	12	3	17
15	12	4	58
15	12	5	90
15	4	1	70
15	4	2	56
15	4	3	16
15	4	4	59
15	4	5	71
15	2	1	77
15	2	2	32
15	2	3	14
15	2	4	39
15	2	5	91
0	5	1	80
0	5	2	60
0	5	3	14
0	5	4	48
0	5	5	94
0	6	1	85
0	6	2	34
0	6	3	18
0	6	4	57
0	6	5	96
0	8	1	78
0	8	2	39
0	8	3	25
0	8	4	54
0	8	5	89
0	1	1	93
0	1	2	43
0	1	3	11
0	1	4	47
0	1	5	91
0	13	1	94
0	13	2	55
0	13	3	22
0	13	4	35
0	13	5	72
0	10	1	75
0	10	2	44
0	10	3	27
0	10	4	33
0	10	5	91
0	3	1	73
0	3	2	59
0	3	3	15
0	3	4	47
0	3	5	80
0	9	1	74
0	9	2	53
0	9	3	12
0	9	4	48
0	9	5	74
0	12	1	95
0	12	2	45
0	12	3	26
0	12	4	52
0	12	5	90
0	4	1	96
0	4	2	60
0	4	3	29
0	4	4	56
0	4	5	89
0	7	1	86
0	7	2	54
0	7	3	24
0	7	4	46
0	7	5	76
0	15	1	91
0	15	2	32
0	15	3	28
0	15	4	53
0	15	5	76
0	11	1	88
0	11	2	35
0	11	3	23
0	11	4	41
0	11	5	82
0	14	1	91
0	14	2	60
0	14	3	27
0	14	4	32
0	14	5	75
0	2	1	89
0	2	2	54
0	2	3	25
0	2	4	55
0	2	5	99
5	0	1	92
5	0	2	40
5	0	3	10
5	0	4	32
5	0	5	98
6	0	1	89
6	0	2	32
6	0	3	14
6	0	4	56
6	0	5	74
8	0	1	81
8	0	2	56
8	0	3	18
8	0	4	33
8	0	5	100
1	0	1	80
1	0	2	56
1	0	3	13
1	0	4	35
1	0	5	96
13	0	1	100
13	0	2	60
13	0	3	18
13	0	4	48
13	0	5	89
10	0	1	95
10	0	2	36
10	0	3	27
10	0	4	50
10	0	5	82
3	0	1	88
3	0	2	42
3	0	3	14
3	0	4	53
3	0	5	99
9	0	1	87
9	0	2	50
9	0	3	12
9	0	4	35
9	0	5	73
12	0	1	91
12	0	2	56
12	0	3	17
12	0	4	44
12	0	5	97
4	0	1	76
4	0	2	52
4	0	3	24
4	0	4	32
4	0	5	84
7	0	1	83
7	0	2	31
7	0	3	27
7	0	4	56
7	0	5	79
11	0	1	76
11	0	2	51
11	0	3	29
11	0	4	58
11	0	5	82
15	0	1	82
15	0	2	38
15	0	3	25
15	0	4	41
15	0	5	88
14	0	1	71
14	0	2	49
14	0	3	28
14	0	4	43
14	0	5	87
2	0	1	89
2	0	2	49
2	0	3	27
2	0	4	51
2	0	5	73
;
param:	g:=
1	3	1	1	0.518107
1	3	1	2	1.115662
1	3	2	1	0.246870
1	3	2	2	0.290921
1	3	3	1	0.254672
1	3	3	2	0.307099
1	3	4	1	0.261626
1	3	4	2	0.315953
1	3	5	1	0.518107
1	3	5	2	1.115662
1	5	1	1	0.390210
1	5	1	2	0.680469
1	5	2	1	0.282583
1	5	2	2	0.365713
1	5	3	1	0.269185
1	5	3	2	0.330552
1	5	4	1	0.248895
1	5	4	2	0.290842
1	5	5	1	0.526181
1	5	5	2	1.144518
1	13	1	1	0.534355
1	13	1	2	1.173866
1	13	2	1	0.247870
1	13	2	2	0.289292
1	13	3	1	0.304119
1	13	3	2	0.375426
1	13	4	1	0.247702
1	13	4	2	0.293050
1	13	5	1	0.479240
1	13	5	2	0.978767
1	6	1	1	0.510132
1	6	1	2	1.087298
1	6	2	1	0.293733
1	6	2	2	0.394518
1	6	3	1	0.456768
1	6	3	2	0.513825
1	6	4	1	0.282583
1	6	4	2	0.365713
1	6	5	1	0.422358
1	6	5	2	0.785344
1	7	1	1	0.402749
1	7	1	2	0.720940
1	7	2	1	0.264155
1	7	2	2	0.321560
1	7	3	1	0.257483
1	7	3	2	0.312044
1	7	4	1	0.275847
1	7	4	2	0.348998
1	7	5	1	0.494484
1	7	5	2	1.032048
1	11	1	1	0.471770
1	11	1	2	0.952865
1	11	2	1	0.261626
1	11	2	2	0.315953
1	11	3	1	0.295088
1	11	3	2	0.364835
1	11	4	1	0.306076
1	11	4	2	0.427793
1	11	5	1	0.576712
1	11	5	2	1.327989
1	8	1	1	0.435957
1	8	1	2	0.830744
1	8	2	1	0.253223
1	8	2	2	0.298561
1	8	3	1	0.250401
1	8	3	2	0.298951
1	8	4	1	0.246187
1	8	4	2	0.287745
1	8	5	1	0.422358
1	8	5	2	0.785344
1	9	1	1	0.435957
1	9	1	2	0.830744
1	9	2	1	0.250135
1	9	2	2	0.292905
1	9	3	1	0.260803
1	9	3	2	0.317588
1	9	4	1	0.301833
1	9	4	2	0.416205
1	9	5	1	0.384103
1	9	5	2	0.660973
1	15	1	1	0.372215
1	15	1	2	0.623462
1	15	2	1	0.257070
1	15	2	2	0.306247
1	15	3	1	0.397708
1	15	3	2	0.465383
1	15	4	1	0.246870
1	15	4	2	0.290921
1	15	5	1	0.366437
1	15	5	2	0.605446
1	14	1	1	0.366437
1	14	1	2	0.605446
1	14	2	1	0.310446
1	14	2	2	0.439877
1	14	3	1	0.326472
1	14	3	2	0.399619
1	14	4	1	0.253223
1	14	4	2	0.298561
1	14	5	1	0.378104
1	14	5	2	0.641971
1	10	1	1	0.534355
1	10	1	2	1.173866
1	10	2	1	0.279143
1	10	2	2	0.357106
1	10	3	1	0.314502
1	10	3	2	0.386980
1	10	4	1	0.253223
1	10	4	2	0.298561
1	10	5	1	0.409180
1	10	5	2	0.741915
1	12	1	1	0.518107
1	12	1	2	1.115662
1	12	2	1	0.269695
1	12	2	2	0.334278
1	12	3	1	0.248870
1	12	3	2	0.295725
1	12	4	1	0.306076
1	12	4	2	0.427793
1	12	5	1	0.449973
1	12	5	2	0.878115
1	4	1	1	0.415716
1	4	1	2	0.763383
1	4	2	1	0.257070
1	4	2	2	0.306247
1	4	3	1	0.257483
1	4	3	2	0.312044
1	4	4	1	0.248895
1	4	4	2	0.290842
1	4	5	1	0.435957
1	4	5	2	0.830744
1	2	1	1	0.435957
1	2	1	2	0.830744
1	2	2	1	0.251580
1	2	2	2	0.295478
1	2	3	1	0.254672
1	2	3	2	0.307099
1	2	4	1	0.246353
1	2	4	2	0.289331
1	2	5	1	0.402749
1	2	5	2	0.720940
2	4	1	1	0.576712
2	4	1	2	1.327989
2	4	2	1	0.297717
2	4	2	2	0.405114
2	4	3	1	0.456768
2	4	3	2	0.513825
2	4	4	1	0.282583
2	4	4	2	0.365713
2	4	5	1	0.372215
2	4	5	2	0.623462
2	12	1	1	0.396426
2	12	1	2	0.700458
2	12	2	1	0.246353
2	12	2	2	0.289331
2	12	3	1	0.397708
2	12	3	2	0.465383
2	12	4	1	0.246504
2	12	4	2	0.287741
2	12	5	1	0.526181
2	12	5	2	1.144518
2	10	1	1	0.402749
2	10	1	2	0.720940
2	10	2	1	0.261626
2	10	2	2	0.315953
2	10	3	1	0.269185
2	10	3	2	0.330552
2	10	4	1	0.247870
2	10	4	2	0.289292
2	10	5	1	0.486811
2	10	5	2	1.005161
2	8	1	1	0.449973
2	8	1	2	0.878115
2	8	2	1	0.255055
2	8	2	2	0.302151
2	8	3	1	0.280358
2	8	3	2	0.346196
2	8	4	1	0.257070
2	8	4	2	0.306247
2	8	5	1	0.510132
2	8	5	2	1.087298
2	9	1	1	0.479240
2	9	1	2	0.978767
2	9	2	1	0.246504
2	9	2	2	0.287741
2	9	3	1	0.257483
2	9	3	2	0.312044
2	9	4	1	0.306076
2	9	4	2	0.427793
2	9	5	1	0.471770
2	9	5	2	0.952865
2	6	1	1	0.415716
2	6	1	2	0.763383
2	6	2	1	0.286163
2	6	2	2	0.374817
2	6	3	1	0.257483
2	6	3	2	0.312044
2	6	4	1	0.250135
2	6	4	2	0.292905
2	6	5	1	0.415716
2	6	5	2	0.763383
2	13	1	1	0.479240
2	13	1	2	0.978767
2	13	2	1	0.246870
2	13	2	2	0.290921
2	13	3	1	0.274382
2	13	3	2	0.338023
2	13	4	1	0.264155
2	13	4	2	0.321560
2	13	5	1	0.494484
2	13	5	2	1.032048
2	5	1	1	0.396426
2	5	1	2	0.700458
2	5	2	1	0.257070
2	5	2	2	0.306247
2	5	3	1	0.456768
2	5	3	2	0.513825
2	5	4	1	0.293733
2	5	4	2	0.394518
2	5	5	1	0.366437
2	5	5	2	0.605446
2	1	1	1	0.396426
2	1	1	2	0.700458
2	1	2	1	0.255055
2	1	2	2	0.302151
2	1	3	1	0.397708
2	1	3	2	0.465383
2	1	4	1	0.269695
2	1	4	2	0.334278
2	1	5	1	0.396426
2	1	5	2	0.700458
2	3	1	1	0.409180
2	3	1	2	0.741915
2	3	2	1	0.247702
2	3	2	2	0.293050
2	3	3	1	0.280358
2	3	3	2	0.346196
2	3	4	1	0.301833
2	3	4	2	0.416205
2	3	5	1	0.442913
2	3	5	2	0.854183
2	15	1	1	0.435957
2	15	1	2	0.830744
2	15	2	1	0.261626
2	15	2	2	0.315953
2	15	3	1	0.314502
2	15	3	2	0.386980
2	15	4	1	0.275847
2	15	4	2	0.348998
2	15	5	1	0.568043
2	15	5	2	1.296180
2	7	1	1	0.457136
2	7	1	2	0.902539
2	7	2	1	0.293733
2	7	2	2	0.394518
2	7	3	1	0.356456
2	7	3	2	0.428864
2	7	4	1	0.289880
2	7	4	2	0.384419
2	7	5	1	0.429105
2	7	5	2	0.807797
2	11	1	1	0.415716
2	11	1	2	0.763383
2	11	2	1	0.248870
2	11	2	2	0.295725
2	11	3	1	0.356456
2	11	3	2	0.428864
2	11	4	1	0.246353
2	11	4	2	0.289331
2	11	5	1	0.526181
2	11	5	2	1.144518
2	14	1	1	0.494484
2	14	1	2	1.032048
2	14	2	1	0.269695
2	14	2	2	0.334278
2	14	3	1	0.274382
2	14	3	2	0.338023
2	14	4	1	0.286163
2	14	4	2	0.374817
2	14	5	1	0.384103
2	14	5	2	0.660973
3	1	1	1	0.526181
3	1	1	2	1.144518
3	1	2	1	0.250135
3	1	2	2	0.292905
3	1	3	1	0.252324
3	1	3	2	0.302739
3	1	4	1	0.269695
3	1	4	2	0.334278
3	1	5	1	0.559473
3	1	5	2	1.264864
3	7	1	1	0.449973
3	7	1	2	0.878115
3	7	2	1	0.269695
3	7	2	2	0.334278
3	7	3	1	0.269185
3	7	3	2	0.330552
3	7	4	1	0.246187
3	7	4	2	0.287745
3	7	5	1	0.442913
3	7	5	2	0.854183
3	15	1	1	0.559473
3	15	1	2	1.264864
3	15	2	1	0.282583
3	15	2	2	0.365713
3	15	3	1	0.254672
3	15	3	2	0.307099
3	15	4	1	0.306076
3	15	4	2	0.427793
3	15	5	1	0.422358
3	15	5	2	0.785344
3	11	1	1	0.568043
3	11	1	2	1.296180
3	11	2	1	0.247702
3	11	2	2	0.293050
3	11	3	1	0.280358
3	11	3	2	0.346196
3	11	4	1	0.251580
3	11	4	2	0.295478
3	11	5	1	0.378104
3	11	5	2	0.641971
3	14	1	1	0.534355
3	14	1	2	1.173866
3	14	2	1	0.272696
3	14	2	2	0.341388
3	14	3	1	0.274382
3	14	3	2	0.338023
3	14	4	1	0.246187
3	14	4	2	0.287745
3	14	5	1	0.486811
3	14	5	2	1.005161
3	5	1	1	0.526181
3	5	1	2	1.144518
3	5	2	1	0.247069
3	5	2	2	0.288257
3	5	3	1	0.260803
3	5	3	2	0.317588
3	5	4	1	0.247870
3	5	4	2	0.289292
3	5	5	1	0.457136
3	5	5	2	0.902539
3	13	1	1	0.435957
3	13	1	2	0.830744
3	13	2	1	0.246131
3	13	2	2	0.288274
3	13	3	1	0.254672
3	13	3	2	0.307099
3	13	4	1	0.247702
3	13	4	2	0.293050
3	13	5	1	0.479240
3	13	5	2	0.978767
3	6	1	1	0.429105
3	6	1	2	0.807797
3	6	2	1	0.282583
3	6	2	2	0.365713
3	6	3	1	0.375359
3	6	3	2	0.446007
3	6	4	1	0.293733
3	6	4	2	0.394518
3	6	5	1	0.378104
3	6	5	2	0.641971
3	8	1	1	0.429105
3	8	1	2	0.807797
3	8	2	1	0.247870
3	8	2	2	0.289292
3	8	3	1	0.260803
3	8	3	2	0.317588
3	8	4	1	0.257070
3	8	4	2	0.306247
3	8	5	1	0.526181
3	8	5	2	1.144518
3	9	1	1	0.402749
3	9	1	2	0.720940
3	9	2	1	0.286163
3	9	2	2	0.374817
3	9	3	1	0.260803
3	9	3	2	0.317588
3	9	4	1	0.259262
3	9	4	2	0.310848
3	9	5	1	0.457136
3	9	5	2	0.902539
3	10	1	1	0.486811
3	10	1	2	1.005161
3	10	2	1	0.246504
3	10	2	2	0.287741
3	10	3	1	0.326472
3	10	3	2	0.399619
3	10	4	1	0.279143
3	10	4	2	0.357106
3	10	5	1	0.479240
3	10	5	2	0.978767
3	12	1	1	0.415716
3	12	1	2	0.763383
3	12	2	1	0.247870
3	12	2	2	0.289292
3	12	3	1	0.248870
3	12	3	2	0.295725
3	12	4	1	0.246504
3	12	4	2	0.287741
3	12	5	1	0.502258
3	12	5	2	1.059427
3	4	1	1	0.360770
3	4	1	2	0.587924
3	4	2	1	0.253223
3	4	2	2	0.298561
3	4	3	1	0.264683
3	4	3	2	0.323750
3	4	4	1	0.264155
3	4	4	2	0.321560
3	4	5	1	0.390210
3	4	5	2	0.680469
3	2	1	1	0.415716
3	2	1	2	0.763383
3	2	2	1	0.248895
3	2	2	2	0.290842
3	2	3	1	0.340328
3	2	3	2	0.413505
3	2	4	1	0.246870
3	2	4	2	0.290921
3	2	5	1	0.435957
3	2	5	2	0.830744
4	12	1	1	0.542629
4	12	1	2	1.203706
4	12	2	1	0.250135
4	12	2	2	0.292905
4	12	3	1	0.287219
4	12	3	2	0.355115
4	12	4	1	0.286163
4	12	4	2	0.374817
4	12	5	1	0.494484
4	12	5	2	1.032048
4	10	1	1	0.568043
4	10	1	2	1.296180
4	10	2	1	0.297717
4	10	2	2	0.405114
4	10	3	1	0.250401
4	10	3	2	0.298951
4	10	4	1	0.306076
4	10	4	2	0.427793
4	10	5	1	0.360770
4	10	5	2	0.587924
4	8	1	1	0.396426
4	8	1	2	0.700458
4	8	2	1	0.257070
4	8	2	2	0.306247
4	8	3	1	0.274382
4	8	3	2	0.338023
4	8	4	1	0.250135
4	8	4	2	0.292905
4	8	5	1	0.372215
4	8	5	2	0.623462
4	9	1	1	0.396426
4	9	1	2	0.700458
4	9	2	1	0.279143
4	9	2	2	0.357106
4	9	3	1	0.274382
4	9	3	2	0.338023
4	9	4	1	0.279143
4	9	4	2	0.357106
4	9	5	1	0.526181
4	9	5	2	1.144518
4	6	1	1	0.464402
4	6	1	2	0.927456
4	6	2	1	0.247702
4	6	2	2	0.293050
4	6	3	1	0.456768
4	6	3	2	0.513825
4	6	4	1	0.310446
4	6	4	2	0.439877
4	6	5	1	0.409180
4	6	5	2	0.741915
4	2	1	1	0.479240
4	2	1	2	0.978767
4	2	2	1	0.253223
4	2	2	2	0.298561
4	2	3	1	0.356456
4	2	3	2	0.428864
4	2	4	1	0.293733
4	2	4	2	0.394518
4	2	5	1	0.378104
4	2	5	2	0.641971
4	13	1	1	0.568043
4	13	1	2	1.296180
4	13	2	1	0.246353
4	13	2	2	0.289331
4	13	3	1	0.397708
4	13	3	2	0.465383
4	13	4	1	0.246504
4	13	4	2	0.287741
4	13	5	1	0.576712
4	13	5	2	1.327989
4	5	1	1	0.551002
4	5	1	2	1.234039
4	5	2	1	0.275847
4	5	2	2	0.348998
4	5	3	1	0.254672
4	5	3	2	0.307099
4	5	4	1	0.261626
4	5	4	2	0.315953
4	5	5	1	0.471770
4	5	5	2	0.952865
4	1	1	1	0.471770
4	1	1	2	0.952865
4	1	2	1	0.247702
4	1	2	2	0.293050
4	1	3	1	0.314502
4	1	3	2	0.386980
4	1	4	1	0.297717
4	1	4	2	0.405114
4	1	5	1	0.360770
4	1	5	2	0.587924
4	3	1	1	0.415716
4	3	1	2	0.763383
4	3	2	1	0.279143
4	3	2	2	0.357106
4	3	3	1	0.456768
4	3	3	2	0.513825
4	3	4	1	0.301833
4	3	4	2	0.416205
4	3	5	1	0.502258
4	3	5	2	1.059427
4	7	1	1	0.409180
4	7	1	2	0.741915
4	7	2	1	0.293733
4	7	2	2	0.394518
4	7	3	1	0.375359
4	7	3	2	0.446007
4	7	4	1	0.248870
4	7	4	2	0.295725
4	7	5	1	0.409180
4	7	5	2	0.741915
4	11	1	1	0.372215
4	11	1	2	0.623462
4	11	2	1	0.255055
4	11	2	2	0.302151
4	11	3	1	0.340328
4	11	3	2	0.413505
4	11	4	1	0.301833
4	11	4	2	0.416205
4	11	5	1	0.422358
4	11	5	2	0.785344
4	15	1	1	0.449973
4	15	1	2	0.878115
4	15	2	1	0.250135
4	15	2	2	0.292905
4	15	3	1	0.280358
4	15	3	2	0.346196
4	15	4	1	0.259262
4	15	4	2	0.310848
4	15	5	1	0.402749
4	15	5	2	0.720940
4	14	1	1	0.510132
4	14	1	2	1.087298
4	14	2	1	0.266846
4	14	2	2	0.327669
4	14	3	1	0.356456
4	14	3	2	0.428864
4	14	4	1	0.259262
4	14	4	2	0.310848
4	14	5	1	0.390210
4	14	5	2	0.680469
5	6	1	1	0.415716
5	6	1	2	0.763383
5	6	2	1	0.264155
5	6	2	2	0.321560
5	6	3	1	0.375359
5	6	3	2	0.446007
5	6	4	1	0.255055
5	6	4	2	0.302151
5	6	5	1	0.415716
5	6	5	2	0.763383
5	1	1	1	0.559473
5	1	1	2	1.264864
5	1	2	1	0.286163
5	1	2	2	0.374817
5	1	3	1	0.314502
5	1	3	2	0.386980
5	1	4	1	0.306076
5	1	4	2	0.427793
5	1	5	1	0.479240
5	1	5	2	0.978767
5	8	1	1	0.384103
5	8	1	2	0.660973
5	8	2	1	0.247069
5	8	2	2	0.288257
5	8	3	1	0.375359
5	8	3	2	0.446007
5	8	4	1	0.246187
5	8	4	2	0.287745
5	8	5	1	0.502258
5	8	5	2	1.059427
5	3	1	1	0.526181
5	3	1	2	1.144518
5	3	2	1	0.247870
5	3	2	2	0.289292
5	3	3	1	0.269185
5	3	3	2	0.330552
5	3	4	1	0.279143
5	3	4	2	0.357106
5	3	5	1	0.502258
5	3	5	2	1.059427
5	13	1	1	0.494484
5	13	1	2	1.032048
5	13	2	1	0.282583
5	13	2	2	0.365713
5	13	3	1	0.260803
5	13	3	2	0.317588
5	13	4	1	0.282583
5	13	4	2	0.365713
5	13	5	1	0.390210
5	13	5	2	0.680469
5	10	1	1	0.542629
5	10	1	2	1.203706
5	10	2	1	0.248895
5	10	2	2	0.290842
5	10	3	1	0.375359
5	10	3	2	0.446007
5	10	4	1	0.293733
5	10	4	2	0.394518
5	10	5	1	0.442913
5	10	5	2	0.854183
5	9	1	1	0.510132
5	9	1	2	1.087298
5	9	2	1	0.286163
5	9	2	2	0.374817
5	9	3	1	0.252324
5	9	3	2	0.302739
5	9	4	1	0.306076
5	9	4	2	0.427793
5	9	5	1	0.526181
5	9	5	2	1.144518
5	12	1	1	0.360770
5	12	1	2	0.587924
5	12	2	1	0.246187
5	12	2	2	0.287745
5	12	3	1	0.250401
5	12	3	2	0.298951
5	12	4	1	0.279143
5	12	4	2	0.357106
5	12	5	1	0.486811
5	12	5	2	1.005161
5	15	1	1	0.396426
5	15	1	2	0.700458
5	15	2	1	0.246504
5	15	2	2	0.287741
5	15	3	1	0.260803
5	15	3	2	0.317588
5	15	4	1	0.246187
5	15	4	2	0.287745
5	15	5	1	0.471770
5	15	5	2	0.952865
5	4	1	1	0.409180
5	4	1	2	0.741915
5	4	2	1	0.246504
5	4	2	2	0.287741
5	4	3	1	0.287219
5	4	3	2	0.355115
5	4	4	1	0.248870
5	4	4	2	0.295725
5	4	5	1	0.415716
5	4	5	2	0.763383
5	7	1	1	0.429105
5	7	1	2	0.807797
5	7	2	1	0.266846
5	7	2	2	0.327669
5	7	3	1	0.269185
5	7	3	2	0.330552
5	7	4	1	0.259262
5	7	4	2	0.310848
5	7	5	1	0.435957
5	7	5	2	0.830744
5	11	1	1	0.415716
5	11	1	2	0.763383
5	11	2	1	0.279143
5	11	2	2	0.357106
5	11	3	1	0.456768
5	11	3	2	0.513825
5	11	4	1	0.247870
5	11	4	2	0.289292
5	11	5	1	0.390210
5	11	5	2	0.680469
5	14	1	1	0.415716
5	14	1	2	0.763383
5	14	2	1	0.246353
5	14	2	2	0.289331
5	14	3	1	0.375359
5	14	3	2	0.446007
5	14	4	1	0.286163
5	14	4	2	0.374817
5	14	5	1	0.372215
5	14	5	2	0.623462
5	2	1	1	0.378104
5	2	1	2	0.641971
5	2	2	1	0.247069
5	2	2	2	0.288257
5	2	3	1	0.326472
5	2	3	2	0.399619
5	2	4	1	0.289880
5	2	4	2	0.384419
5	2	5	1	0.464402
5	2	5	2	0.927456
6	5	1	1	0.486811
6	5	1	2	1.005161
6	5	2	1	0.310446
6	5	2	2	0.439877
6	5	3	1	0.356456
6	5	3	2	0.428864
6	5	4	1	0.246131
6	5	4	2	0.288274
6	5	5	1	0.457136
6	5	5	2	0.902539
6	8	1	1	0.449973
6	8	1	2	0.878115
6	8	2	1	0.246131
6	8	2	2	0.288274
6	8	3	1	0.326472
6	8	3	2	0.399619
6	8	4	1	0.289880
6	8	4	2	0.384419
6	8	5	1	0.534355
6	8	5	2	1.173866
6	1	1	1	0.542629
6	1	1	2	1.203706
6	1	2	1	0.246353
6	1	2	2	0.289331
6	1	3	1	0.260803
6	1	3	2	0.317588
6	1	4	1	0.272696
6	1	4	2	0.341388
6	1	5	1	0.429105
6	1	5	2	0.807797
6	13	1	1	0.542629
6	13	1	2	1.203706
6	13	2	1	0.247702
6	13	2	2	0.293050
6	13	3	1	0.274382
6	13	3	2	0.338023
6	13	4	1	0.246353
6	13	4	2	0.289331
6	13	5	1	0.518107
6	13	5	2	1.115662
6	10	1	1	0.551002
6	10	1	2	1.234039
6	10	2	1	0.246353
6	10	2	2	0.289331
6	10	3	1	0.375359
6	10	3	2	0.446007
6	10	4	1	0.266846
6	10	4	2	0.327669
6	10	5	1	0.360770
6	10	5	2	0.587924
6	4	1	1	0.372215
6	4	1	2	0.623462
6	4	2	1	0.266846
6	4	2	2	0.327669
6	4	3	1	0.326472
6	4	3	2	0.399619
6	4	4	1	0.306076
6	4	4	2	0.427793
6	4	5	1	0.568043
6	4	5	2	1.296180
6	9	1	1	0.471770
6	9	1	2	0.952865
6	9	2	1	0.250135
6	9	2	2	0.292905
6	9	3	1	0.340328
6	9	3	2	0.413505
6	9	4	1	0.261626
6	9	4	2	0.315953
6	9	5	1	0.486811
6	9	5	2	1.005161
6	3	1	1	0.435957
6	3	1	2	0.830744
6	3	2	1	0.301833
6	3	2	2	0.416205
6	3	3	1	0.304119
6	3	3	2	0.375426
6	3	4	1	0.246353
6	3	4	2	0.289331
6	3	5	1	0.402749
6	3	5	2	0.720940
6	12	1	1	0.471770
6	12	1	2	0.952865
6	12	2	1	0.293733
6	12	2	2	0.394518
6	12	3	1	0.264683
6	12	3	2	0.323750
6	12	4	1	0.248870
6	12	4	2	0.295725
6	12	5	1	0.534355
6	12	5	2	1.173866
6	15	1	1	0.378104
6	15	1	2	0.641971
6	15	2	1	0.248870
6	15	2	2	0.295725
6	15	3	1	0.356456
6	15	3	2	0.428864
6	15	4	1	0.310446
6	15	4	2	0.439877
6	15	5	1	0.486811
6	15	5	2	1.005161
6	7	1	1	0.435957
6	7	1	2	0.830744
6	7	2	1	0.250135
6	7	2	2	0.292905
6	7	3	1	0.424417
6	7	3	2	0.487653
6	7	4	1	0.247702
6	7	4	2	0.293050
6	7	5	1	0.457136
6	7	5	2	0.902539
6	11	1	1	0.449973
6	11	1	2	0.878115
6	11	2	1	0.282583
6	11	2	2	0.365713
6	11	3	1	0.424417
6	11	3	2	0.487653
6	11	4	1	0.275847
6	11	4	2	0.348998
6	11	5	1	0.415716
6	11	5	2	0.763383
6	14	1	1	0.479240
6	14	1	2	0.978767
6	14	2	1	0.250135
6	14	2	2	0.292905
6	14	3	1	0.269185
6	14	3	2	0.330552
6	14	4	1	0.282583
6	14	4	2	0.365713
6	14	5	1	0.526181
6	14	5	2	1.144518
6	2	1	1	0.464402
6	2	1	2	0.927456
6	2	2	1	0.247702
6	2	2	2	0.293050
6	2	3	1	0.326472
6	2	3	2	0.399619
6	2	4	1	0.246131
6	2	4	2	0.288274
6	2	5	1	0.551002
6	2	5	2	1.234039
7	14	1	1	0.526181
7	14	1	2	1.144518
7	14	2	1	0.310446
7	14	2	2	0.439877
7	14	3	1	0.326472
7	14	3	2	0.399619
7	14	4	1	0.248870
7	14	4	2	0.295725
7	14	5	1	0.402749
7	14	5	2	0.720940
7	11	1	1	0.429105
7	11	1	2	0.807797
7	11	2	1	0.251580
7	11	2	2	0.295478
7	11	3	1	0.326472
7	11	3	2	0.399619
7	11	4	1	0.297717
7	11	4	2	0.405114
7	11	5	1	0.390210
7	11	5	2	0.680469
7	3	1	1	0.435957
7	3	1	2	0.830744
7	3	2	1	0.301833
7	3	2	2	0.416205
7	3	3	1	0.250401
7	3	3	2	0.298951
7	3	4	1	0.310446
7	3	4	2	0.439877
7	3	5	1	0.415716
7	3	5	2	0.763383
7	1	1	1	0.576712
7	1	1	2	1.327989
7	1	2	1	0.301833
7	1	2	2	0.416205
7	1	3	1	0.254672
7	1	3	2	0.307099
7	1	4	1	0.261626
7	1	4	2	0.315953
7	1	5	1	0.429105
7	1	5	2	0.807797
7	15	1	1	0.435957
7	15	1	2	0.830744
7	15	2	1	0.248895
7	15	2	2	0.290842
7	15	3	1	0.456768
7	15	3	2	0.513825
7	15	4	1	0.247069
7	15	4	2	0.288257
7	15	5	1	0.542629
7	15	5	2	1.203706
7	5	1	1	0.486811
7	5	1	2	1.005161
7	5	2	1	0.251580
7	5	2	2	0.295478
7	5	3	1	0.424417
7	5	3	2	0.487653
7	5	4	1	0.266846
7	5	4	2	0.327669
7	5	5	1	0.559473
7	5	5	2	1.264864
7	13	1	1	0.494484
7	13	1	2	1.032048
7	13	2	1	0.293733
7	13	2	2	0.394518
7	13	3	1	0.295088
7	13	3	2	0.364835
7	13	4	1	0.253223
7	13	4	2	0.298561
7	13	5	1	0.518107
7	13	5	2	1.115662
7	6	1	1	0.422358
7	6	1	2	0.785344
7	6	2	1	0.275847
7	6	2	2	0.348998
7	6	3	1	0.260803
7	6	3	2	0.317588
7	6	4	1	0.275847
7	6	4	2	0.348998
7	6	5	1	0.510132
7	6	5	2	1.087298
7	8	1	1	0.551002
7	8	1	2	1.234039
7	8	2	1	0.306076
7	8	2	2	0.427793
7	8	3	1	0.248870
7	8	3	2	0.295725
7	8	4	1	0.264155
7	8	4	2	0.321560
7	8	5	1	0.390210
7	8	5	2	0.680469
7	9	1	1	0.366437
7	9	1	2	0.605446
7	9	2	1	0.286163
7	9	2	2	0.374817
7	9	3	1	0.264683
7	9	3	2	0.323750
7	9	4	1	0.306076
7	9	4	2	0.427793
7	9	5	1	0.442913
7	9	5	2	0.854183
7	10	1	1	0.366437
7	10	1	2	0.605446
7	10	2	1	0.293733
7	10	2	2	0.394518
7	10	3	1	0.424417
7	10	3	2	0.487653
7	10	4	1	0.275847
7	10	4	2	0.348998
7	10	5	1	0.378104
7	10	5	2	0.641971
7	12	1	1	0.435957
7	12	1	2	0.830744
7	12	2	1	0.261626
7	12	2	2	0.315953
7	12	3	1	0.260803
7	12	3	2	0.317588
7	12	4	1	0.275847
7	12	4	2	0.348998
7	12	5	1	0.576712
7	12	5	2	1.327989
7	4	1	1	0.479240
7	4	1	2	0.978767
7	4	2	1	0.286163
7	4	2	2	0.374817
7	4	3	1	0.269185
7	4	3	2	0.330552
7	4	4	1	0.246187
7	4	4	2	0.287745
7	4	5	1	0.415716
7	4	5	2	0.763383
7	2	1	1	0.518107
7	2	1	2	1.115662
7	2	2	1	0.266846
7	2	2	2	0.327669
7	2	3	1	0.314502
7	2	3	2	0.386980
7	2	4	1	0.310446
7	2	4	2	0.439877
7	2	5	1	0.372215
7	2	5	2	0.623462
8	10	1	1	0.486811
8	10	1	2	1.005161
8	10	2	1	0.279143
8	10	2	2	0.357106
8	10	3	1	0.274382
8	10	3	2	0.338023
8	10	4	1	0.259262
8	10	4	2	0.310848
8	10	5	1	0.422358
8	10	5	2	0.785344
8	12	1	1	0.526181
8	12	1	2	1.144518
8	12	2	1	0.286163
8	12	2	2	0.374817
8	12	3	1	0.264683
8	12	3	2	0.323750
8	12	4	1	0.248870
8	12	4	2	0.295725
8	12	5	1	0.518107
8	12	5	2	1.115662
8	9	1	1	0.442913
8	9	1	2	0.854183
8	9	2	1	0.247870
8	9	2	2	0.289292
8	9	3	1	0.264683
8	9	3	2	0.323750
8	9	4	1	0.266846
8	9	4	2	0.327669
8	9	5	1	0.576712
8	9	5	2	1.327989
8	13	1	1	0.502258
8	13	1	2	1.059427
8	13	2	1	0.306076
8	13	2	2	0.427793
8	13	3	1	0.250401
8	13	3	2	0.298951
8	13	4	1	0.246870
8	13	4	2	0.290921
8	13	5	1	0.568043
8	13	5	2	1.296180
8	6	1	1	0.542629
8	6	1	2	1.203706
8	6	2	1	0.246187
8	6	2	2	0.287745
8	6	3	1	0.304119
8	6	3	2	0.375426
8	6	4	1	0.247870
8	6	4	2	0.289292
8	6	5	1	0.384103
8	6	5	2	0.660973
8	5	1	1	0.372215
8	5	1	2	0.623462
8	5	2	1	0.306076
8	5	2	2	0.427793
8	5	3	1	0.250401
8	5	3	2	0.298951
8	5	4	1	0.301833
8	5	4	2	0.416205
8	5	5	1	0.471770
8	5	5	2	0.952865
8	4	1	1	0.502258
8	4	1	2	1.059427
8	4	2	1	0.246131
8	4	2	2	0.288274
8	4	3	1	0.254672
8	4	3	2	0.307099
8	4	4	1	0.261626
8	4	4	2	0.315953
8	4	5	1	0.486811
8	4	5	2	1.005161
8	1	1	1	0.479240
8	1	1	2	0.978767
8	1	2	1	0.246504
8	1	2	2	0.287741
8	1	3	1	0.250401
8	1	3	2	0.298951
8	1	4	1	0.246187
8	1	4	2	0.287745
8	1	5	1	0.464402
8	1	5	2	0.927456
8	3	1	1	0.551002
8	3	1	2	1.234039
8	3	2	1	0.279143
8	3	2	2	0.357106
8	3	3	1	0.456768
8	3	3	2	0.513825
8	3	4	1	0.269695
8	3	4	2	0.334278
8	3	5	1	0.464402
8	3	5	2	0.927456
8	7	1	1	0.576712
8	7	1	2	1.327989
8	7	2	1	0.248870
8	7	2	2	0.295725
8	7	3	1	0.304119
8	7	3	2	0.375426
8	7	4	1	0.247870
8	7	4	2	0.289292
8	7	5	1	0.526181
8	7	5	2	1.144518
8	11	1	1	0.494484
8	11	1	2	1.032048
8	11	2	1	0.275847
8	11	2	2	0.348998
8	11	3	1	0.326472
8	11	3	2	0.399619
8	11	4	1	0.286163
8	11	4	2	0.374817
8	11	5	1	0.435957
8	11	5	2	0.830744
8	2	1	1	0.457136
8	2	1	2	0.902539
8	2	2	1	0.246131
8	2	2	2	0.288274
8	2	3	1	0.340328
8	2	3	2	0.413505
8	2	4	1	0.282583
8	2	4	2	0.365713
8	2	5	1	0.360770
8	2	5	2	0.587924
8	15	1	1	0.457136
8	15	1	2	0.902539
8	15	2	1	0.269695
8	15	2	2	0.334278
8	15	3	1	0.326472
8	15	3	2	0.399619
8	15	4	1	0.255055
8	15	4	2	0.302151
8	15	5	1	0.402749
8	15	5	2	0.720940
8	14	1	1	0.402749
8	14	1	2	0.720940
8	14	2	1	0.301833
8	14	2	2	0.416205
8	14	3	1	0.269185
8	14	3	2	0.330552
8	14	4	1	0.293733
8	14	4	2	0.394518
8	14	5	1	0.366437
8	14	5	2	0.605446
9	10	1	1	0.442913
9	10	1	2	0.854183
9	10	2	1	0.247702
9	10	2	2	0.293050
9	10	3	1	0.356456
9	10	3	2	0.428864
9	10	4	1	0.251580
9	10	4	2	0.295478
9	10	5	1	0.526181
9	10	5	2	1.144518
9	13	1	1	0.534355
9	13	1	2	1.173866
9	13	2	1	0.250135
9	13	2	2	0.292905
9	13	3	1	0.356456
9	13	3	2	0.428864
9	13	4	1	0.257070
9	13	4	2	0.306247
9	13	5	1	0.449973
9	13	5	2	0.878115
9	12	1	1	0.494484
9	12	1	2	1.032048
9	12	2	1	0.246187
9	12	2	2	0.287745
9	12	3	1	0.287219
9	12	3	2	0.355115
9	12	4	1	0.266846
9	12	4	2	0.327669
9	12	5	1	0.559473
9	12	5	2	1.264864
9	8	1	1	0.576712
9	8	1	2	1.327989
9	8	2	1	0.247870
9	8	2	2	0.289292
9	8	3	1	0.269185
9	8	3	2	0.330552
9	8	4	1	0.253223
9	8	4	2	0.298561
9	8	5	1	0.551002
9	8	5	2	1.234039
9	4	1	1	0.471770
9	4	1	2	0.952865
9	4	2	1	0.251580
9	4	2	2	0.295478
9	4	3	1	0.424417
9	4	3	2	0.487653
9	4	4	1	0.246870
9	4	4	2	0.290921
9	4	5	1	0.415716
9	4	5	2	0.763383
9	1	1	1	0.542629
9	1	1	2	1.203706
9	1	2	1	0.310446
9	1	2	2	0.439877
9	1	3	1	0.250401
9	1	3	2	0.298951
9	1	4	1	0.246353
9	1	4	2	0.289331
9	1	5	1	0.576712
9	1	5	2	1.327989
9	6	1	1	0.486811
9	6	1	2	1.005161
9	6	2	1	0.257070
9	6	2	2	0.306247
9	6	3	1	0.375359
9	6	3	2	0.446007
9	6	4	1	0.247069
9	6	4	2	0.288257
9	6	5	1	0.464402
9	6	5	2	0.927456
9	5	1	1	0.390210
9	5	1	2	0.680469
9	5	2	1	0.306076
9	5	2	2	0.427793
9	5	3	1	0.356456
9	5	3	2	0.428864
9	5	4	1	0.279143
9	5	4	2	0.357106
9	5	5	1	0.409180
9	5	5	2	0.741915
9	3	1	1	0.360770
9	3	1	2	0.587924
9	3	2	1	0.251580
9	3	2	2	0.295478
9	3	3	1	0.375359
9	3	3	2	0.446007
9	3	4	1	0.289880
9	3	4	2	0.384419
9	3	5	1	0.534355
9	3	5	2	1.173866
9	7	1	1	0.551002
9	7	1	2	1.234039
9	7	2	1	0.246353
9	7	2	2	0.289331
9	7	3	1	0.252324
9	7	3	2	0.302739
9	7	4	1	0.246504
9	7	4	2	0.287741
9	7	5	1	0.390210
9	7	5	2	0.680469
9	11	1	1	0.366437
9	11	1	2	0.605446
9	11	2	1	0.246504
9	11	2	2	0.287741
9	11	3	1	0.397708
9	11	3	2	0.465383
9	11	4	1	0.248895
9	11	4	2	0.290842
9	11	5	1	0.534355
9	11	5	2	1.173866
9	2	1	1	0.526181
9	2	1	2	1.144518
9	2	2	1	0.248895
9	2	2	2	0.290842
9	2	3	1	0.260803
9	2	3	2	0.317588
9	2	4	1	0.246131
9	2	4	2	0.288274
9	2	5	1	0.360770
9	2	5	2	0.587924
9	15	1	1	0.559473
9	15	1	2	1.264864
9	15	2	1	0.275847
9	15	2	2	0.348998
9	15	3	1	0.274382
9	15	3	2	0.338023
9	15	4	1	0.279143
9	15	4	2	0.357106
9	15	5	1	0.360770
9	15	5	2	0.587924
9	14	1	1	0.494484
9	14	1	2	1.032048
9	14	2	1	0.250135
9	14	2	2	0.292905
9	14	3	1	0.287219
9	14	3	2	0.355115
9	14	4	1	0.301833
9	14	4	2	0.416205
9	14	5	1	0.576712
9	14	5	2	1.327989
10	12	1	1	0.510132
10	12	1	2	1.087298
10	12	2	1	0.301833
10	12	2	2	0.416205
10	12	3	1	0.269185
10	12	3	2	0.330552
10	12	4	1	0.246353
10	12	4	2	0.289331
10	12	5	1	0.494484
10	12	5	2	1.032048
10	8	1	1	0.422358
10	8	1	2	0.785344
10	8	2	1	0.246131
10	8	2	2	0.288274
10	8	3	1	0.257483
10	8	3	2	0.312044
10	8	4	1	0.251580
10	8	4	2	0.295478
10	8	5	1	0.415716
10	8	5	2	0.763383
10	9	1	1	0.502258
10	9	1	2	1.059427
10	9	2	1	0.246870
10	9	2	2	0.290921
10	9	3	1	0.424417
10	9	3	2	0.487653
10	9	4	1	0.247702
10	9	4	2	0.293050
10	9	5	1	0.526181
10	9	5	2	1.144518
10	4	1	1	0.559473
10	4	1	2	1.264864
10	4	2	1	0.269695
10	4	2	2	0.334278
10	4	3	1	0.257483
10	4	3	2	0.312044
10	4	4	1	0.251580
10	4	4	2	0.295478
10	4	5	1	0.551002
10	4	5	2	1.234039
10	13	1	1	0.384103
10	13	1	2	0.660973
10	13	2	1	0.246187
10	13	2	2	0.287745
10	13	3	1	0.269185
10	13	3	2	0.330552
10	13	4	1	0.289880
10	13	4	2	0.384419
10	13	5	1	0.464402
10	13	5	2	0.927456
10	6	1	1	0.518107
10	6	1	2	1.115662
10	6	2	1	0.310446
10	6	2	2	0.439877
10	6	3	1	0.260803
10	6	3	2	0.317588
10	6	4	1	0.250135
10	6	4	2	0.292905
10	6	5	1	0.534355
10	6	5	2	1.173866
10	5	1	1	0.415716
10	5	1	2	0.763383
10	5	2	1	0.310446
10	5	2	2	0.439877
10	5	3	1	0.252324
10	5	3	2	0.302739
10	5	4	1	0.257070
10	5	4	2	0.306247
10	5	5	1	0.402749
10	5	5	2	0.720940
10	1	1	1	0.442913
10	1	1	2	0.854183
10	1	2	1	0.301833
10	1	2	2	0.416205
10	1	3	1	0.254672
10	1	3	2	0.307099
10	1	4	1	0.279143
10	1	4	2	0.357106
10	1	5	1	0.526181
10	1	5	2	1.144518
10	3	1	1	0.559473
10	3	1	2	1.264864
10	3	2	1	0.247870
10	3	2	2	0.289292
10	3	3	1	0.340328
10	3	3	2	0.413505
10	3	4	1	0.293733
10	3	4	2	0.394518
10	3	5	1	0.435957
10	3	5	2	0.830744
10	2	1	1	0.568043
10	2	1	2	1.296180
10	2	2	1	0.251580
10	2	2	2	0.295478
10	2	3	1	0.326472
10	2	3	2	0.399619
10	2	4	1	0.261626
10	2	4	2	0.315953
10	2	5	1	0.429105
10	2	5	2	0.807797
10	7	1	1	0.429105
10	7	1	2	0.807797
10	7	2	1	0.246131
10	7	2	2	0.288274
10	7	3	1	0.356456
10	7	3	2	0.428864
10	7	4	1	0.289880
10	7	4	2	0.384419
10	7	5	1	0.479240
10	7	5	2	0.978767
10	11	1	1	0.471770
10	11	1	2	0.952865
10	11	2	1	0.246131
10	11	2	2	0.288274
10	11	3	1	0.356456
10	11	3	2	0.428864
10	11	4	1	0.293733
10	11	4	2	0.394518
10	11	5	1	0.402749
10	11	5	2	0.720940
10	15	1	1	0.502258
10	15	1	2	1.059427
10	15	2	1	0.246870
10	15	2	2	0.290921
10	15	3	1	0.424417
10	15	3	2	0.487653
10	15	4	1	0.248895
10	15	4	2	0.290842
10	15	5	1	0.534355
10	15	5	2	1.173866
10	14	1	1	0.422358
10	14	1	2	0.785344
10	14	2	1	0.257070
10	14	2	2	0.306247
10	14	3	1	0.280358
10	14	3	2	0.346196
10	14	4	1	0.269695
10	14	4	2	0.334278
10	14	5	1	0.435957
10	14	5	2	0.830744
11	7	1	1	0.372215
11	7	1	2	0.623462
11	7	2	1	0.275847
11	7	2	2	0.348998
11	7	3	1	0.250401
11	7	3	2	0.298951
11	7	4	1	0.247870
11	7	4	2	0.289292
11	7	5	1	0.494484
11	7	5	2	1.032048
11	14	1	1	0.502258
11	14	1	2	1.059427
11	14	2	1	0.247069
11	14	2	2	0.288257
11	14	3	1	0.269185
11	14	3	2	0.330552
11	14	4	1	0.301833
11	14	4	2	0.416205
11	14	5	1	0.442913
11	14	5	2	0.854183
11	3	1	1	0.366437
11	3	1	2	0.605446
11	3	2	1	0.264155
11	3	2	2	0.321560
11	3	3	1	0.424417
11	3	3	2	0.487653
11	3	4	1	0.286163
11	3	4	2	0.374817
11	3	5	1	0.494484
11	3	5	2	1.032048
11	1	1	1	0.396426
11	1	1	2	0.700458
11	1	2	1	0.293733
11	1	2	2	0.394518
11	1	3	1	0.269185
11	1	3	2	0.330552
11	1	4	1	0.246504
11	1	4	2	0.287741
11	1	5	1	0.415716
11	1	5	2	0.763383
11	15	1	1	0.464402
11	15	1	2	0.927456
11	15	2	1	0.269695
11	15	2	2	0.334278
11	15	3	1	0.397708
11	15	3	2	0.465383
11	15	4	1	0.250135
11	15	4	2	0.292905
11	15	5	1	0.372215
11	15	5	2	0.623462
11	5	1	1	0.502258
11	5	1	2	1.059427
11	5	2	1	0.275847
11	5	2	2	0.348998
11	5	3	1	0.274382
11	5	3	2	0.338023
11	5	4	1	0.247870
11	5	4	2	0.289292
11	5	5	1	0.378104
11	5	5	2	0.641971
11	13	1	1	0.464402
11	13	1	2	0.927456
11	13	2	1	0.293733
11	13	2	2	0.394518
11	13	3	1	0.424417
11	13	3	2	0.487653
11	13	4	1	0.246187
11	13	4	2	0.287745
11	13	5	1	0.366437
11	13	5	2	0.605446
11	6	1	1	0.559473
11	6	1	2	1.264864
11	6	2	1	0.251580
11	6	2	2	0.295478
11	6	3	1	0.397708
11	6	3	2	0.465383
11	6	4	1	0.247702
11	6	4	2	0.293050
11	6	5	1	0.494484
11	6	5	2	1.032048
11	8	1	1	0.372215
11	8	1	2	0.623462
11	8	2	1	0.297717
11	8	2	2	0.405114
11	8	3	1	0.326472
11	8	3	2	0.399619
11	8	4	1	0.275847
11	8	4	2	0.348998
11	8	5	1	0.390210
11	8	5	2	0.680469
11	9	1	1	0.534355
11	9	1	2	1.173866
11	9	2	1	0.247702
11	9	2	2	0.293050
11	9	3	1	0.254672
11	9	3	2	0.307099
11	9	4	1	0.272696
11	9	4	2	0.341388
11	9	5	1	0.384103
11	9	5	2	0.660973
11	10	1	1	0.435957
11	10	1	2	0.830744
11	10	2	1	0.301833
11	10	2	2	0.416205
11	10	3	1	0.274382
11	10	3	2	0.338023
11	10	4	1	0.246504
11	10	4	2	0.287741
11	10	5	1	0.360770
11	10	5	2	0.587924
11	12	1	1	0.442913
11	12	1	2	0.854183
11	12	2	1	0.264155
11	12	2	2	0.321560
11	12	3	1	0.254672
11	12	3	2	0.307099
11	12	4	1	0.293733
11	12	4	2	0.394518
11	12	5	1	0.457136
11	12	5	2	0.902539
11	4	1	1	0.366437
11	4	1	2	0.605446
11	4	2	1	0.289880
11	4	2	2	0.384419
11	4	3	1	0.254672
11	4	3	2	0.307099
11	4	4	1	0.246870
11	4	4	2	0.290921
11	4	5	1	0.415716
11	4	5	2	0.763383
11	2	1	1	0.422358
11	2	1	2	0.785344
11	2	2	1	0.275847
11	2	2	2	0.348998
11	2	3	1	0.257483
11	2	3	2	0.312044
11	2	4	1	0.289880
11	2	4	2	0.384419
11	2	5	1	0.510132
11	2	5	2	1.087298
12	10	1	1	0.479240
12	10	1	2	0.978767
12	10	2	1	0.264155
12	10	2	2	0.321560
12	10	3	1	0.269185
12	10	3	2	0.330552
12	10	4	1	0.248870
12	10	4	2	0.295725
12	10	5	1	0.402749
12	10	5	2	0.720940
12	4	1	1	0.435957
12	4	1	2	0.830744
12	4	2	1	0.293733
12	4	2	2	0.394518
12	4	3	1	0.280358
12	4	3	2	0.346196
12	4	4	1	0.246870
12	4	4	2	0.290921
12	4	5	1	0.479240
12	4	5	2	0.978767
12	9	1	1	0.402749
12	9	1	2	0.720940
12	9	2	1	0.272696
12	9	2	2	0.341388
12	9	3	1	0.248870
12	9	3	2	0.295725
12	9	4	1	0.289880
12	9	4	2	0.384419
12	9	5	1	0.510132
12	9	5	2	1.087298
12	8	1	1	0.402749
12	8	1	2	0.720940
12	8	2	1	0.247870
12	8	2	2	0.289292
12	8	3	1	0.456768
12	8	3	2	0.513825
12	8	4	1	0.266846
12	8	4	2	0.327669
12	8	5	1	0.479240
12	8	5	2	0.978767
12	13	1	1	0.402749
12	13	1	2	0.720940
12	13	2	1	0.279143
12	13	2	2	0.357106
12	13	3	1	0.340328
12	13	3	2	0.413505
12	13	4	1	0.246870
12	13	4	2	0.290921
12	13	5	1	0.534355
12	13	5	2	1.173866
12	6	1	1	0.471770
12	6	1	2	0.952865
12	6	2	1	0.297717
12	6	2	2	0.405114
12	6	3	1	0.248870
12	6	3	2	0.295725
12	6	4	1	0.247702
12	6	4	2	0.293050
12	6	5	1	0.366437
12	6	5	2	0.605446
12	5	1	1	0.429105
12	5	1	2	0.807797
12	5	2	1	0.246187
12	5	2	2	0.287745
12	5	3	1	0.280358
12	5	3	2	0.346196
12	5	4	1	0.297717
12	5	4	2	0.405114
12	5	5	1	0.429105
12	5	5	2	0.807797
12	1	1	1	0.542629
12	1	1	2	1.203706
12	1	2	1	0.248870
12	1	2	2	0.295725
12	1	3	1	0.295088
12	1	3	2	0.364835
12	1	4	1	0.257070
12	1	4	2	0.306247
12	1	5	1	0.464402
12	1	5	2	0.927456
12	2	1	1	0.486811
12	2	1	2	1.005161
12	2	2	1	0.261626
12	2	2	2	0.315953
12	2	3	1	0.260803
12	2	3	2	0.317588
12	2	4	1	0.247702
12	2	4	2	0.293050
12	2	5	1	0.402749
12	2	5	2	0.720940
12	3	1	1	0.502258
12	3	1	2	1.059427
12	3	2	1	0.248895
12	3	2	2	0.290842
12	3	3	1	0.304119
12	3	3	2	0.375426
12	3	4	1	0.286163
12	3	4	2	0.374817
12	3	5	1	0.471770
12	3	5	2	0.952865
12	7	1	1	0.449973
12	7	1	2	0.878115
12	7	2	1	0.246353
12	7	2	2	0.289331
12	7	3	1	0.257483
12	7	3	2	0.312044
12	7	4	1	0.306076
12	7	4	2	0.427793
12	7	5	1	0.429105
12	7	5	2	0.807797
12	11	1	1	0.486811
12	11	1	2	1.005161
12	11	2	1	0.289880
12	11	2	2	0.384419
12	11	3	1	0.280358
12	11	3	2	0.346196
12	11	4	1	0.279143
12	11	4	2	0.357106
12	11	5	1	0.534355
12	11	5	2	1.173866
12	15	1	1	0.551002
12	15	1	2	1.234039
12	15	2	1	0.269695
12	15	2	2	0.334278
12	15	3	1	0.397708
12	15	3	2	0.465383
12	15	4	1	0.261626
12	15	4	2	0.315953
12	15	5	1	0.486811
12	15	5	2	1.005161
12	14	1	1	0.396426
12	14	1	2	0.700458
12	14	2	1	0.269695
12	14	2	2	0.334278
12	14	3	1	0.424417
12	14	3	2	0.487653
12	14	4	1	0.282583
12	14	4	2	0.365713
12	14	5	1	0.568043
12	14	5	2	1.296180
13	9	1	1	0.422358
13	9	1	2	0.785344
13	9	2	1	0.289880
13	9	2	2	0.384419
13	9	3	1	0.295088
13	9	3	2	0.364835
13	9	4	1	0.275847
13	9	4	2	0.348998
13	9	5	1	0.457136
13	9	5	2	0.902539
13	8	1	1	0.494484
13	8	1	2	1.032048
13	8	2	1	0.250135
13	8	2	2	0.292905
13	8	3	1	0.280358
13	8	3	2	0.346196
13	8	4	1	0.282583
13	8	4	2	0.365713
13	8	5	1	0.551002
13	8	5	2	1.234039
13	1	1	1	0.518107
13	1	1	2	1.115662
13	1	2	1	0.272696
13	1	2	2	0.341388
13	1	3	1	0.397708
13	1	3	2	0.465383
13	1	4	1	0.289880
13	1	4	2	0.384419
13	1	5	1	0.534355
13	1	5	2	1.173866
13	10	1	1	0.384103
13	10	1	2	0.660973
13	10	2	1	0.286163
13	10	2	2	0.374817
13	10	3	1	0.356456
13	10	3	2	0.428864
13	10	4	1	0.282583
13	10	4	2	0.365713
13	10	5	1	0.360770
13	10	5	2	0.587924
13	12	1	1	0.390210
13	12	1	2	0.680469
13	12	2	1	0.310446
13	12	2	2	0.439877
13	12	3	1	0.254672
13	12	3	2	0.307099
13	12	4	1	0.282583
13	12	4	2	0.365713
13	12	5	1	0.435957
13	12	5	2	0.830744
13	5	1	1	0.464402
13	5	1	2	0.927456
13	5	2	1	0.259262
13	5	2	2	0.310848
13	5	3	1	0.304119
13	5	3	2	0.375426
13	5	4	1	0.279143
13	5	4	2	0.357106
13	5	5	1	0.526181
13	5	5	2	1.144518
13	6	1	1	0.415716
13	6	1	2	0.763383
13	6	2	1	0.275847
13	6	2	2	0.348998
13	6	3	1	0.248870
13	6	3	2	0.295725
13	6	4	1	0.247870
13	6	4	2	0.289292
13	6	5	1	0.464402
13	6	5	2	0.927456
13	3	1	1	0.542629
13	3	1	2	1.203706
13	3	2	1	0.250135
13	3	2	2	0.292905
13	3	3	1	0.250401
13	3	3	2	0.298951
13	3	4	1	0.293733
13	3	4	2	0.394518
13	3	5	1	0.494484
13	3	5	2	1.032048
13	4	1	1	0.372215
13	4	1	2	0.623462
13	4	2	1	0.253223
13	4	2	2	0.298561
13	4	3	1	0.356456
13	4	3	2	0.428864
13	4	4	1	0.248870
13	4	4	2	0.295725
13	4	5	1	0.526181
13	4	5	2	1.144518
13	7	1	1	0.390210
13	7	1	2	0.680469
13	7	2	1	0.259262
13	7	2	2	0.310848
13	7	3	1	0.264683
13	7	3	2	0.323750
13	7	4	1	0.269695
13	7	4	2	0.334278
13	7	5	1	0.422358
13	7	5	2	0.785344
13	11	1	1	0.409180
13	11	1	2	0.741915
13	11	2	1	0.272696
13	11	2	2	0.341388
13	11	3	1	0.287219
13	11	3	2	0.355115
13	11	4	1	0.257070
13	11	4	2	0.306247
13	11	5	1	0.510132
13	11	5	2	1.087298
13	15	1	1	0.422358
13	15	1	2	0.785344
13	15	2	1	0.251580
13	15	2	2	0.295478
13	15	3	1	0.252324
13	15	3	2	0.302739
13	15	4	1	0.248870
13	15	4	2	0.295725
13	15	5	1	0.559473
13	15	5	2	1.264864
13	14	1	1	0.415716
13	14	1	2	0.763383
13	14	2	1	0.259262
13	14	2	2	0.310848
13	14	3	1	0.375359
13	14	3	2	0.446007
13	14	4	1	0.257070
13	14	4	2	0.306247
13	14	5	1	0.384103
13	14	5	2	0.660973
13	2	1	1	0.542629
13	2	1	2	1.203706
13	2	2	1	0.248870
13	2	2	2	0.295725
13	2	3	1	0.304119
13	2	3	2	0.375426
13	2	4	1	0.246187
13	2	4	2	0.287745
13	2	5	1	0.422358
13	2	5	2	0.785344
14	7	1	1	0.534355
14	7	1	2	1.173866
14	7	2	1	0.253223
14	7	2	2	0.298561
14	7	3	1	0.264683
14	7	3	2	0.323750
14	7	4	1	0.289880
14	7	4	2	0.384419
14	7	5	1	0.568043
14	7	5	2	1.296180
14	11	1	1	0.366437
14	11	1	2	0.605446
14	11	2	1	0.289880
14	11	2	2	0.384419
14	11	3	1	0.280358
14	11	3	2	0.346196
14	11	4	1	0.247069
14	11	4	2	0.288257
14	11	5	1	0.384103
14	11	5	2	0.660973
14	3	1	1	0.486811
14	3	1	2	1.005161
14	3	2	1	0.282583
14	3	2	2	0.365713
14	3	3	1	0.280358
14	3	3	2	0.346196
14	3	4	1	0.247870
14	3	4	2	0.289292
14	3	5	1	0.479240
14	3	5	2	0.978767
14	1	1	1	0.568043
14	1	1	2	1.296180
14	1	2	1	0.310446
14	1	2	2	0.439877
14	1	3	1	0.252324
14	1	3	2	0.302739
14	1	4	1	0.246504
14	1	4	2	0.287741
14	1	5	1	0.568043
14	1	5	2	1.296180
14	15	1	1	0.534355
14	15	1	2	1.173866
14	15	2	1	0.247069
14	15	2	2	0.288257
14	15	3	1	0.264683
14	15	3	2	0.323750
14	15	4	1	0.248870
14	15	4	2	0.295725
14	15	5	1	0.510132
14	15	5	2	1.087298
14	5	1	1	0.457136
14	5	1	2	0.902539
14	5	2	1	0.261626
14	5	2	2	0.315953
14	5	3	1	0.260803
14	5	3	2	0.317588
14	5	4	1	0.264155
14	5	4	2	0.321560
14	5	5	1	0.551002
14	5	5	2	1.234039
14	13	1	1	0.396426
14	13	1	2	0.700458
14	13	2	1	0.250135
14	13	2	2	0.292905
14	13	3	1	0.250401
14	13	3	2	0.298951
14	13	4	1	0.251580
14	13	4	2	0.295478
14	13	5	1	0.378104
14	13	5	2	0.641971
14	6	1	1	0.360770
14	6	1	2	0.587924
14	6	2	1	0.275847
14	6	2	2	0.348998
14	6	3	1	0.375359
14	6	3	2	0.446007
14	6	4	1	0.246187
14	6	4	2	0.287745
14	6	5	1	0.442913
14	6	5	2	0.854183
14	8	1	1	0.396426
14	8	1	2	0.700458
14	8	2	1	0.279143
14	8	2	2	0.357106
14	8	3	1	0.274382
14	8	3	2	0.338023
14	8	4	1	0.293733
14	8	4	2	0.394518
14	8	5	1	0.449973
14	8	5	2	0.878115
14	9	1	1	0.518107
14	9	1	2	1.115662
14	9	2	1	0.248895
14	9	2	2	0.290842
14	9	3	1	0.280358
14	9	3	2	0.346196
14	9	4	1	0.247702
14	9	4	2	0.293050
14	9	5	1	0.435957
14	9	5	2	0.830744
14	10	1	1	0.372215
14	10	1	2	0.623462
14	10	2	1	0.259262
14	10	2	2	0.310848
14	10	3	1	0.287219
14	10	3	2	0.355115
14	10	4	1	0.253223
14	10	4	2	0.298561
14	10	5	1	0.551002
14	10	5	2	1.234039
14	12	1	1	0.422358
14	12	1	2	0.785344
14	12	2	1	0.257070
14	12	2	2	0.306247
14	12	3	1	0.250401
14	12	3	2	0.298951
14	12	4	1	0.250135
14	12	4	2	0.292905
14	12	5	1	0.551002
14	12	5	2	1.234039
14	4	1	1	0.435957
14	4	1	2	0.830744
14	4	2	1	0.266846
14	4	2	2	0.327669
14	4	3	1	0.326472
14	4	3	2	0.399619
14	4	4	1	0.293733
14	4	4	2	0.394518
14	4	5	1	0.360770
14	4	5	2	0.587924
14	2	1	1	0.542629
14	2	1	2	1.203706
14	2	2	1	0.248870
14	2	2	2	0.295725
14	2	3	1	0.269185
14	2	3	2	0.330552
14	2	4	1	0.247870
14	2	4	2	0.289292
14	2	5	1	0.378104
14	2	5	2	0.641971
15	3	1	1	0.442913
15	3	1	2	0.854183
15	3	2	1	0.247702
15	3	2	2	0.293050
15	3	3	1	0.314502
15	3	3	2	0.386980
15	3	4	1	0.246353
15	3	4	2	0.289331
15	3	5	1	0.518107
15	3	5	2	1.115662
15	1	1	1	0.534355
15	1	1	2	1.173866
15	1	2	1	0.253223
15	1	2	2	0.298561
15	1	3	1	0.254672
15	1	3	2	0.307099
15	1	4	1	0.269695
15	1	4	2	0.334278
15	1	5	1	0.551002
15	1	5	2	1.234039
15	7	1	1	0.360770
15	7	1	2	0.587924
15	7	2	1	0.297717
15	7	2	2	0.405114
15	7	3	1	0.250401
15	7	3	2	0.298951
15	7	4	1	0.246504
15	7	4	2	0.287741
15	7	5	1	0.534355
15	7	5	2	1.173866
15	11	1	1	0.464402
15	11	1	2	0.927456
15	11	2	1	0.275847
15	11	2	2	0.348998
15	11	3	1	0.254672
15	11	3	2	0.307099
15	11	4	1	0.246870
15	11	4	2	0.290921
15	11	5	1	0.494484
15	11	5	2	1.032048
15	14	1	1	0.449973
15	14	1	2	0.878115
15	14	2	1	0.246504
15	14	2	2	0.287741
15	14	3	1	0.340328
15	14	3	2	0.413505
15	14	4	1	0.250135
15	14	4	2	0.292905
15	14	5	1	0.429105
15	14	5	2	0.807797
15	5	1	1	0.568043
15	5	1	2	1.296180
15	5	2	1	0.293733
15	5	2	2	0.394518
15	5	3	1	0.356456
15	5	3	2	0.428864
15	5	4	1	0.247069
15	5	4	2	0.288257
15	5	5	1	0.396426
15	5	5	2	0.700458
15	6	1	1	0.429105
15	6	1	2	0.807797
15	6	2	1	0.310446
15	6	2	2	0.439877
15	6	3	1	0.254672
15	6	3	2	0.307099
15	6	4	1	0.286163
15	6	4	2	0.374817
15	6	5	1	0.449973
15	6	5	2	0.878115
15	13	1	1	0.542629
15	13	1	2	1.203706
15	13	2	1	0.264155
15	13	2	2	0.321560
15	13	3	1	0.314502
15	13	3	2	0.386980
15	13	4	1	0.250135
15	13	4	2	0.292905
15	13	5	1	0.559473
15	13	5	2	1.264864
15	8	1	1	0.422358
15	8	1	2	0.785344
15	8	2	1	0.282583
15	8	2	2	0.365713
15	8	3	1	0.424417
15	8	3	2	0.487653
15	8	4	1	0.248895
15	8	4	2	0.290842
15	8	5	1	0.422358
15	8	5	2	0.785344
15	9	1	1	0.551002
15	9	1	2	1.234039
15	9	2	1	0.297717
15	9	2	2	0.405114
15	9	3	1	0.326472
15	9	3	2	0.399619
15	9	4	1	0.250135
15	9	4	2	0.292905
15	9	5	1	0.409180
15	9	5	2	0.741915
15	10	1	1	0.510132
15	10	1	2	1.087298
15	10	2	1	0.301833
15	10	2	2	0.416205
15	10	3	1	0.254672
15	10	3	2	0.307099
15	10	4	1	0.246504
15	10	4	2	0.287741
15	10	5	1	0.384103
15	10	5	2	0.660973
15	12	1	1	0.415716
15	12	1	2	0.763383
15	12	2	1	0.247702
15	12	2	2	0.293050
15	12	3	1	0.314502
15	12	3	2	0.386980
15	12	4	1	0.301833
15	12	4	2	0.416205
15	12	5	1	0.494484
15	12	5	2	1.032048
15	4	1	1	0.360770
15	4	1	2	0.587924
15	4	2	1	0.293733
15	4	2	2	0.394518
15	4	3	1	0.326472
15	4	3	2	0.399619
15	4	4	1	0.306076
15	4	4	2	0.427793
15	4	5	1	0.366437
15	4	5	2	0.605446
15	2	1	1	0.402749
15	2	1	2	0.720940
15	2	2	1	0.246870
15	2	2	2	0.290921
15	2	3	1	0.356456
15	2	3	2	0.428864
15	2	4	1	0.248895
15	2	4	2	0.290842
15	2	5	1	0.502258
15	2	5	2	1.059427
0	5	1	1	0.422358
0	5	1	2	0.785344
0	5	2	1	0.310446
0	5	2	2	0.439877
0	5	3	1	0.356456
0	5	3	2	0.428864
0	5	4	1	0.266846
0	5	4	2	0.327669
0	5	5	1	0.526181
0	5	5	2	1.144518
0	6	1	1	0.457136
0	6	1	2	0.902539
0	6	2	1	0.246131
0	6	2	2	0.288274
0	6	3	1	0.304119
0	6	3	2	0.375426
0	6	4	1	0.297717
0	6	4	2	0.405114
0	6	5	1	0.542629
0	6	5	2	1.203706
0	8	1	1	0.409180
0	8	1	2	0.741915
0	8	2	1	0.248895
0	8	2	2	0.290842
0	8	3	1	0.260803
0	8	3	2	0.317588
0	8	4	1	0.286163
0	8	4	2	0.374817
0	8	5	1	0.486811
0	8	5	2	1.005161
0	1	1	1	0.518107
0	1	1	2	1.115662
0	1	2	1	0.255055
0	1	2	2	0.302151
0	1	3	1	0.424417
0	1	3	2	0.487653
0	1	4	1	0.264155
0	1	4	2	0.321560
0	1	5	1	0.502258
0	1	5	2	1.059427
0	13	1	1	0.526181
0	13	1	2	1.144518
0	13	2	1	0.289880
0	13	2	2	0.384419
0	13	3	1	0.274382
0	13	3	2	0.338023
0	13	4	1	0.246187
0	13	4	2	0.287745
0	13	5	1	0.372215
0	13	5	2	0.623462
0	10	1	1	0.390210
0	10	1	2	0.680469
0	10	2	1	0.257070
0	10	2	2	0.306247
0	10	3	1	0.254672
0	10	3	2	0.307099
0	10	4	1	0.246353
0	10	4	2	0.289331
0	10	5	1	0.502258
0	10	5	2	1.059427
0	3	1	1	0.378104
0	3	1	2	0.641971
0	3	2	1	0.306076
0	3	2	2	0.427793
0	3	3	1	0.340328
0	3	3	2	0.413505
0	3	4	1	0.264155
0	3	4	2	0.321560
0	3	5	1	0.422358
0	3	5	2	0.785344
0	9	1	1	0.384103
0	9	1	2	0.660973
0	9	2	1	0.282583
0	9	2	2	0.365713
0	9	3	1	0.397708
0	9	3	2	0.465383
0	9	4	1	0.266846
0	9	4	2	0.327669
0	9	5	1	0.384103
0	9	5	2	0.660973
0	12	1	1	0.534355
0	12	1	2	1.173866
0	12	2	1	0.259262
0	12	2	2	0.310848
0	12	3	1	0.257483
0	12	3	2	0.312044
0	12	4	1	0.279143
0	12	4	2	0.357106
0	12	5	1	0.494484
0	12	5	2	1.032048
0	4	1	1	0.542629
0	4	1	2	1.203706
0	4	2	1	0.310446
0	4	2	2	0.439877
0	4	3	1	0.250401
0	4	3	2	0.298951
0	4	4	1	0.293733
0	4	4	2	0.394518
0	4	5	1	0.486811
0	4	5	2	1.005161
0	7	1	1	0.464402
0	7	1	2	0.927456
0	7	2	1	0.286163
0	7	2	2	0.374817
0	7	3	1	0.264683
0	7	3	2	0.323750
0	7	4	1	0.261626
0	7	4	2	0.315953
0	7	5	1	0.396426
0	7	5	2	0.700458
0	15	1	1	0.502258
0	15	1	2	1.059427
0	15	2	1	0.246870
0	15	2	2	0.290921
0	15	3	1	0.252324
0	15	3	2	0.302739
0	15	4	1	0.282583
0	15	4	2	0.365713
0	15	5	1	0.396426
0	15	5	2	0.700458
0	11	1	1	0.479240
0	11	1	2	0.978767
0	11	2	1	0.246187
0	11	2	2	0.287745
0	11	3	1	0.269185
0	11	3	2	0.330552
0	11	4	1	0.251580
0	11	4	2	0.295478
0	11	5	1	0.435957
0	11	5	2	0.830744
0	14	1	1	0.502258
0	14	1	2	1.059427
0	14	2	1	0.310446
0	14	2	2	0.439877
0	14	3	1	0.254672
0	14	3	2	0.307099
0	14	4	1	0.246870
0	14	4	2	0.290921
0	14	5	1	0.390210
0	14	5	2	0.680469
0	2	1	1	0.486811
0	2	1	2	1.005161
0	2	2	1	0.286163
0	2	2	2	0.374817
0	2	3	1	0.260803
0	2	3	2	0.317588
0	2	4	1	0.289880
0	2	4	2	0.384419
0	2	5	1	0.568043
0	2	5	2	1.296180
5	0	1	1	0.510132
5	0	1	2	1.087298
5	0	2	1	0.250135
5	0	2	2	0.292905
5	0	3	1	0.456768
5	0	3	2	0.513825
5	0	4	1	0.246870
5	0	4	2	0.290921
5	0	5	1	0.559473
5	0	5	2	1.264864
6	0	1	1	0.486811
6	0	1	2	1.005161
6	0	2	1	0.246870
6	0	2	2	0.290921
6	0	3	1	0.356456
6	0	3	2	0.428864
6	0	4	1	0.293733
6	0	4	2	0.394518
6	0	5	1	0.384103
6	0	5	2	0.660973
8	0	1	1	0.429105
8	0	1	2	0.807797
8	0	2	1	0.293733
8	0	2	2	0.394518
8	0	3	1	0.304119
8	0	3	2	0.375426
8	0	4	1	0.246353
8	0	4	2	0.289331
8	0	5	1	0.576712
8	0	5	2	1.327989
1	0	1	1	0.422358
1	0	1	2	0.785344
1	0	2	1	0.293733
1	0	2	2	0.394518
1	0	3	1	0.375359
1	0	3	2	0.446007
1	0	4	1	0.246187
1	0	4	2	0.287745
1	0	5	1	0.542629
1	0	5	2	1.203706
13	0	1	1	0.576712
13	0	1	2	1.327989
13	0	2	1	0.310446
13	0	2	2	0.439877
13	0	3	1	0.304119
13	0	3	2	0.375426
13	0	4	1	0.266846
13	0	4	2	0.327669
13	0	5	1	0.486811
13	0	5	2	1.005161
10	0	1	1	0.534355
10	0	1	2	1.173866
10	0	2	1	0.246504
10	0	2	2	0.287741
10	0	3	1	0.254672
10	0	3	2	0.307099
10	0	4	1	0.272696
10	0	4	2	0.341388
10	0	5	1	0.435957
10	0	5	2	0.830744
3	0	1	1	0.479240
3	0	1	2	0.978767
3	0	2	1	0.253223
3	0	2	2	0.298561
3	0	3	1	0.356456
3	0	3	2	0.428864
3	0	4	1	0.282583
3	0	4	2	0.365713
3	0	5	1	0.568043
3	0	5	2	1.296180
9	0	1	1	0.471770
9	0	1	2	0.952865
9	0	2	1	0.272696
9	0	2	2	0.341388
9	0	3	1	0.397708
9	0	3	2	0.465383
9	0	4	1	0.246187
9	0	4	2	0.287745
9	0	5	1	0.378104
9	0	5	2	0.641971
12	0	1	1	0.502258
12	0	1	2	1.059427
12	0	2	1	0.293733
12	0	2	2	0.394518
12	0	3	1	0.314502
12	0	3	2	0.386980
12	0	4	1	0.257070
12	0	4	2	0.306247
12	0	5	1	0.551002
12	0	5	2	1.234039
4	0	1	1	0.396426
4	0	1	2	0.700458
4	0	2	1	0.279143
4	0	2	2	0.357106
4	0	3	1	0.264683
4	0	3	2	0.323750
4	0	4	1	0.246870
4	0	4	2	0.290921
4	0	5	1	0.449973
4	0	5	2	0.878115
7	0	1	1	0.442913
7	0	1	2	0.854183
7	0	2	1	0.247702
7	0	2	2	0.293050
7	0	3	1	0.254672
7	0	3	2	0.307099
7	0	4	1	0.293733
7	0	4	2	0.394518
7	0	5	1	0.415716
7	0	5	2	0.763383
11	0	1	1	0.396426
11	0	1	2	0.700458
11	0	2	1	0.275847
11	0	2	2	0.348998
11	0	3	1	0.250401
11	0	3	2	0.298951
11	0	4	1	0.301833
11	0	4	2	0.416205
11	0	5	1	0.435957
11	0	5	2	0.830744
15	0	1	1	0.435957
15	0	1	2	0.830744
15	0	2	1	0.247870
15	0	2	2	0.289292
15	0	3	1	0.260803
15	0	3	2	0.317588
15	0	4	1	0.251580
15	0	4	2	0.295478
15	0	5	1	0.479240
15	0	5	2	0.978767
14	0	1	1	0.366437
14	0	1	2	0.605446
14	0	2	1	0.269695
14	0	2	2	0.334278
14	0	3	1	0.252324
14	0	3	2	0.302739
14	0	4	1	0.255055
14	0	4	2	0.302151
14	0	5	1	0.471770
14	0	5	2	0.952865
2	0	1	1	0.486811
2	0	1	2	1.005161
2	0	2	1	0.269695
2	0	2	2	0.334278
2	0	3	1	0.254672
2	0	3	2	0.307099
2	0	4	1	0.275847
2	0	4	2	0.348998
2	0	5	1	0.378104
2	0	5	2	0.641971
;
