param:	TIME:	Ts	Te:=
1	0   108
2	108   216
3	216   324
4	324   432
5	432   540
;
param:	NODE:	r	st	WS	WE:=
0	0	0	0	540
1	2166	24	90	443
2	1809	20	85	420
3	1404	16	63	393
4	2016	22	88	435
5	1950	22	44	397
6	915	10	74	391
7	2322	26	49	377
8	435	5	90	424
9	879	10	24	337
10	420	5	69	404
11	2406	27	43	379
12	2178	24	84	419
13	1725	19	42	364
14	1662	18	67	388
15	1377	15	23	360
;
param: VEHICLE:	Ch	Lh	Ph	ch:=
1	10000	150	2.2384e-005	2.66374
2	15000	200	1.79961e-005	2.66374
3	10000	150	2.2384e-005	2.66374
4	15000	200	1.79961e-005	2.66374
;
param q_real:=3;
param	nth:=14;
param	nth1:=15;
param:	ARC:	D:=
1	6	16.389999
1	5	22.320000
1	8	22.709999
1	3	27.490000
1	11	28.330000
1	7	33.799999
1	14	40.500000
1	10	43.919998
1	12	45.049999
1	2	52.610001
1	15	63.840000
1	9	90.680000
1	4	124.709999
1	13	134.839996
2	12	11.300000
2	15	17.840000
2	7	22.750000
2	8	32.259998
2	6	41.400002
2	11	44.549999
2	5	50.270000
2	1	52.860001
2	3	74.760002
2	14	76.010002
2	10	76.029999
2	4	96.330002
2	13	106.459999
2	9	106.510002
3	14	24.600000
3	1	27.900000
3	10	28.020000
3	5	31.730000
3	6	36.880001
3	11	40.520000
3	8	43.910000
3	7	60.790001
3	12	71.870003
3	2	74.930000
3	15	86.160004
3	9	104.139999
3	4	154.419998
3	13	162.820007
4	13	16.230000
4	12	84.949997
4	7	95.809998
4	2	96.309998
4	15	96.550003
4	8	113.239998
4	6	120.099998
4	1	124.680000
4	11	126.029999
4	9	131.039993
4	5	131.250000
4	3	154.240005
4	14	156.050003
4	10	157.570007
5	11	11.710000
5	6	13.390000
5	8	18.389999
5	1	22.309999
5	14	28.950001
5	10	30.389999
5	3	31.549999
5	7	36.360001
5	12	48.029999
5	2	49.860001
5	15	61.090000
5	9	107.210999
5	4	131.399994
5	13	141.529999
6	8	10.110000
6	5	13.500000
6	11	14.110000
6	1	16.400000
6	7	27.340000
6	3	36.490002
6	12	39.110001
6	14	39.160000
6	2	40.939999
6	10	42.580002
6	15	52.169998
6	9	103.121002
6	4	120.239998
6	13	130.369995
7	12	13.870000
7	8	18.340000
7	2	22.690001
7	6	27.379999
7	11	31.129999
7	1	33.840000
7	15	35.369999
7	5	36.349998
7	3	60.410000
7	14	63.320000
7	10	63.480000
7	9	93.510002
7	4	95.930000
7	13	106.059998
8	6	10.100000
8	11	13.140000
8	7	18.340000
8	5	18.360001
8	1	22.540001
8	12	30.010000
8	2	31.840000
8	15	43.070000
8	3	43.849998
8	14	45.330002
8	10	46.970001
8	9	101.310997
8	4	113.379997
8	13	123.510002
9	1	91.220001
9	7	93.980003
9	12	96.209999
9	8	101.771004
9	6	103.740997
9	3	104.629997
9	2	107.000000
9	5	107.261002
9	11	113.460999
9	14	119.129997
9	15	120.550003
9	10	122.550003
9	13	125.250000
9	4	130.800003
10	14	3.410000
10	3	28.040001
10	5	30.459999
10	11	34.400002
10	6	42.619999
10	1	43.930000
10	8	46.869999
10	7	63.279999
10	12	74.120003
10	2	75.949997
10	15	76.940002
10	9	122.059998
10	4	157.800003
10	13	167.929993
11	5	11.710000
11	8	12.950000
11	6	13.790000
11	1	28.090000
11	7	30.930000
11	14	34.549999
11	10	34.570000
11	3	40.400002
11	12	42.560001
11	2	44.389999
11	15	52.500000
11	9	112.611000
11	4	125.970001
11	13	136.100006
12	2	11.360000
12	7	13.800000
12	15	25.340000
12	8	30.410000
12	6	39.549999
12	11	42.700001
12	1	45.090000
12	5	48.419998
12	3	71.610001
12	14	74.160004
12	10	74.180000
12	4	85.029999
12	13	95.160004
12	9	95.620003
13	4	16.139999
13	12	95.300003
13	7	106.160004
13	2	106.660004
13	15	108.029999
13	8	123.589996
13	9	125.540001
13	6	130.449997
13	1	135.029999
13	11	136.380005
13	5	141.600006
13	3	162.690002
13	14	166.399994
13	10	167.919998
14	10	3.410000
14	3	24.629999
14	5	28.920000
14	11	34.759998
14	6	39.209999
14	1	40.520000
14	8	45.320000
14	7	63.290001
14	12	74.480003
14	2	76.309998
14	15	77.349998
14	9	118.650002
14	4	156.199997
14	13	166.330002
15	2	17.969999
15	12	25.480000
15	7	35.400002
15	8	43.380001
15	6	52.520000
15	11	52.919998
15	5	61.389999
15	1	63.980000
15	10	77.010002
15	14	77.169998
15	3	85.879997
15	4	96.589996
15	13	107.680000
15	9	120.129997
0	9	33.279999
0	7	66.900002
0	1	68.220001
0	12	69.129997
0	8	74.691002
0	6	76.661003
0	2	79.919998
0	3	81.629997
0	5	84.261002
0	11	86.380997
0	15	93.470001
0	13	94.269997
0	14	96.129997
0	4	97.660004
0	10	99.550003
9	0	33.290001
7	0	67.110001
1	0	68.330002
12	0	69.220001
8	0	74.911003
6	0	76.721001
2	0	80.110001
3	0	81.790001
5	0	84.861000
11	0	86.210999
15	0	93.730003
13	0	93.919998
14	0	96.300003
4	0	97.360001
10	0	99.709999
;
param:	v:=
1	6	1	79
1	6	2	43
1	6	3	23
1	6	4	58
1	6	5	79
1	5	1	76
1	5	2	57
1	5	3	28
1	5	4	34
1	5	5	98
1	8	1	87
1	8	2	52
1	8	3	27
1	8	4	43
1	8	5	83
1	3	1	80
1	3	2	31
1	3	3	29
1	3	4	58
1	3	5	89
1	11	1	83
1	11	2	52
1	11	3	30
1	11	4	37
1	11	5	99
1	7	1	95
1	7	2	45
1	7	3	24
1	7	4	60
1	7	5	81
1	14	1	98
1	14	2	54
1	14	3	14
1	14	4	39
1	14	5	94
1	10	1	73
1	10	2	42
1	10	3	25
1	10	4	57
1	10	5	76
1	12	1	96
1	12	2	55
1	12	3	10
1	12	4	42
1	12	5	87
1	2	1	97
1	2	2	31
1	2	3	12
1	2	4	55
1	2	5	83
1	15	1	87
1	15	2	32
1	15	3	20
1	15	4	44
1	15	5	90
1	9	1	71
1	9	2	43
1	9	3	20
1	9	4	45
1	9	5	90
1	4	1	90
1	4	2	43
1	4	3	12
1	4	4	44
1	4	5	88
1	13	1	77
1	13	2	49
1	13	3	24
1	13	4	35
1	13	5	100
2	12	1	77
2	12	2	51
2	12	3	29
2	12	4	40
2	12	5	78
2	15	1	71
2	15	2	47
2	15	3	13
2	15	4	41
2	15	5	74
2	7	1	86
2	7	2	30
2	7	3	19
2	7	4	34
2	7	5	92
2	8	1	77
2	8	2	49
2	8	3	12
2	8	4	48
2	8	5	83
2	6	1	72
2	6	2	31
2	6	3	27
2	6	4	38
2	6	5	86
2	11	1	97
2	11	2	49
2	11	3	15
2	11	4	31
2	11	5	80
2	5	1	100
2	5	2	53
2	5	3	10
2	5	4	32
2	5	5	86
2	1	1	83
2	1	2	60
2	1	3	19
2	1	4	38
2	1	5	88
2	3	1	79
2	3	2	52
2	3	3	24
2	3	4	48
2	3	5	79
2	14	1	73
2	14	2	32
2	14	3	28
2	14	4	35
2	14	5	70
2	10	1	76
2	10	2	48
2	10	3	29
2	10	4	40
2	10	5	92
2	4	1	100
2	4	2	36
2	4	3	12
2	4	4	55
2	4	5	96
2	13	1	70
2	13	2	49
2	13	3	21
2	13	4	31
2	13	5	81
2	9	1	96
2	9	2	51
2	9	3	23
2	9	4	58
2	9	5	91
3	14	1	71
3	14	2	54
3	14	3	27
3	14	4	56
3	14	5	97
3	1	1	93
3	1	2	48
3	1	3	14
3	1	4	32
3	1	5	73
3	10	1	97
3	10	2	57
3	10	3	29
3	10	4	33
3	10	5	71
3	5	1	86
3	5	2	45
3	5	3	28
3	5	4	54
3	5	5	71
3	6	1	83
3	6	2	36
3	6	3	15
3	6	4	37
3	6	5	70
3	11	1	99
3	11	2	52
3	11	3	20
3	11	4	59
3	11	5	82
3	8	1	88
3	8	2	55
3	8	3	21
3	8	4	58
3	8	5	90
3	7	1	76
3	7	2	33
3	7	3	17
3	7	4	34
3	7	5	95
3	12	1	81
3	12	2	43
3	12	3	19
3	12	4	56
3	12	5	71
3	2	1	100
3	2	2	55
3	2	3	22
3	2	4	30
3	2	5	77
3	15	1	82
3	15	2	40
3	15	3	13
3	15	4	60
3	15	5	77
3	9	1	71
3	9	2	37
3	9	3	23
3	9	4	42
3	9	5	93
3	4	1	94
3	4	2	55
3	4	3	27
3	4	4	38
3	4	5	82
3	13	1	78
3	13	2	45
3	13	3	19
3	13	4	39
3	13	5	99
4	13	1	83
4	13	2	36
4	13	3	13
4	13	4	58
4	13	5	99
4	12	1	83
4	12	2	32
4	12	3	30
4	12	4	53
4	12	5	72
4	7	1	82
4	7	2	59
4	7	3	26
4	7	4	37
4	7	5	100
4	2	1	99
4	2	2	31
4	2	3	26
4	2	4	47
4	2	5	97
4	15	1	74
4	15	2	53
4	15	3	28
4	15	4	30
4	15	5	87
4	8	1	86
4	8	2	41
4	8	3	21
4	8	4	55
4	8	5	89
4	6	1	85
4	6	2	33
4	6	3	14
4	6	4	58
4	6	5	95
4	1	1	89
4	1	2	46
4	1	3	14
4	1	4	37
4	1	5	78
4	11	1	75
4	11	2	43
4	11	3	16
4	11	4	60
4	11	5	96
4	9	1	85
4	9	2	45
4	9	3	30
4	9	4	57
4	9	5	77
4	5	1	96
4	5	2	48
4	5	3	13
4	5	4	50
4	5	5	100
4	3	1	73
4	3	2	36
4	3	3	23
4	3	4	54
4	3	5	94
4	14	1	76
4	14	2	56
4	14	3	10
4	14	4	53
4	14	5	99
4	10	1	92
4	10	2	34
4	10	3	14
4	10	4	41
4	10	5	90
5	11	1	98
5	11	2	49
5	11	3	27
5	11	4	49
5	11	5	75
5	6	1	100
5	6	2	47
5	6	3	18
5	6	4	38
5	6	5	95
5	8	1	89
5	8	2	54
5	8	3	25
5	8	4	39
5	8	5	86
5	1	1	71
5	1	2	58
5	1	3	14
5	1	4	35
5	1	5	89
5	14	1	87
5	14	2	38
5	14	3	28
5	14	4	56
5	14	5	96
5	10	1	91
5	10	2	54
5	10	3	30
5	10	4	54
5	10	5	78
5	3	1	83
5	3	2	40
5	3	3	15
5	3	4	40
5	3	5	87
5	7	1	71
5	7	2	44
5	7	3	21
5	7	4	55
5	7	5	80
5	12	1	88
5	12	2	42
5	12	3	23
5	12	4	60
5	12	5	73
5	2	1	85
5	2	2	37
5	2	3	15
5	2	4	31
5	2	5	94
5	15	1	98
5	15	2	58
5	15	3	23
5	15	4	48
5	15	5	82
5	9	1	79
5	9	2	34
5	9	3	16
5	9	4	59
5	9	5	79
5	4	1	84
5	4	2	53
5	4	3	13
5	4	4	49
5	4	5	94
5	13	1	95
5	13	2	46
5	13	3	10
5	13	4	48
5	13	5	100
6	8	1	70
6	8	2	52
6	8	3	10
6	8	4	34
6	8	5	83
6	5	1	96
6	5	2	47
6	5	3	15
6	5	4	41
6	5	5	86
6	11	1	99
6	11	2	59
6	11	3	27
6	11	4	49
6	11	5	91
6	1	1	92
6	1	2	51
6	1	3	20
6	1	4	30
6	1	5	81
6	7	1	76
6	7	2	44
6	7	3	20
6	7	4	52
6	7	5	93
6	3	1	87
6	3	2	43
6	3	3	11
6	3	4	36
6	3	5	89
6	12	1	87
6	12	2	38
6	12	3	13
6	12	4	34
6	12	5	99
6	14	1	86
6	14	2	41
6	14	3	15
6	14	4	40
6	14	5	72
6	2	1	98
6	2	2	45
6	2	3	12
6	2	4	60
6	2	5	90
6	10	1	74
6	10	2	43
6	10	3	19
6	10	4	37
6	10	5	95
6	15	1	92
6	15	2	53
6	15	3	21
6	15	4	37
6	15	5	85
6	9	1	100
6	9	2	41
6	9	3	27
6	9	4	50
6	9	5	91
6	4	1	99
6	4	2	54
6	4	3	25
6	4	4	39
6	4	5	97
6	13	1	99
6	13	2	58
6	13	3	21
6	13	4	32
6	13	5	70
7	12	1	96
7	12	2	50
7	12	3	14
7	12	4	55
7	12	5	82
7	8	1	93
7	8	2	49
7	8	3	28
7	8	4	50
7	8	5	82
7	2	1	89
7	2	2	35
7	2	3	12
7	2	4	40
7	2	5	73
7	6	1	81
7	6	2	60
7	6	3	17
7	6	4	32
7	6	5	80
7	11	1	79
7	11	2	49
7	11	3	30
7	11	4	36
7	11	5	93
7	1	1	70
7	1	2	52
7	1	3	25
7	1	4	38
7	1	5	84
7	15	1	81
7	15	2	54
7	15	3	19
7	15	4	46
7	15	5	84
7	5	1	89
7	5	2	57
7	5	3	27
7	5	4	41
7	5	5	77
7	3	1	89
7	3	2	31
7	3	3	10
7	3	4	35
7	3	5	87
7	14	1	92
7	14	2	39
7	14	3	11
7	14	4	31
7	14	5	92
7	10	1	100
7	10	2	35
7	10	3	10
7	10	4	54
7	10	5	98
7	9	1	74
7	9	2	45
7	9	3	20
7	9	4	41
7	9	5	90
7	4	1	87
7	4	2	38
7	4	3	19
7	4	4	59
7	4	5	92
7	13	1	99
7	13	2	43
7	13	3	13
7	13	4	35
7	13	5	82
8	6	1	82
8	6	2	38
8	6	3	20
8	6	4	55
8	6	5	76
8	11	1	86
8	11	2	54
8	11	3	13
8	11	4	41
8	11	5	94
8	7	1	84
8	7	2	30
8	7	3	25
8	7	4	57
8	7	5	86
8	5	1	73
8	5	2	60
8	5	3	25
8	5	4	49
8	5	5	79
8	1	1	92
8	1	2	39
8	1	3	25
8	1	4	48
8	1	5	75
8	12	1	92
8	12	2	59
8	12	3	29
8	12	4	53
8	12	5	91
8	2	1	85
8	2	2	55
8	2	3	17
8	2	4	46
8	2	5	96
8	15	1	87
8	15	2	37
8	15	3	16
8	15	4	41
8	15	5	98
8	3	1	98
8	3	2	50
8	3	3	29
8	3	4	30
8	3	5	74
8	14	1	97
8	14	2	58
8	14	3	23
8	14	4	34
8	14	5	98
8	10	1	74
8	10	2	42
8	10	3	25
8	10	4	38
8	10	5	85
8	9	1	89
8	9	2	55
8	9	3	18
8	9	4	59
8	9	5	88
8	4	1	70
8	4	2	42
8	4	3	14
8	4	4	51
8	4	5	90
8	13	1	84
8	13	2	34
8	13	3	12
8	13	4	37
8	13	5	93
9	1	1	81
9	1	2	51
9	1	3	15
9	1	4	49
9	1	5	81
9	7	1	95
9	7	2	33
9	7	3	17
9	7	4	39
9	7	5	73
9	12	1	83
9	12	2	57
9	12	3	25
9	12	4	48
9	12	5	90
9	8	1	75
9	8	2	34
9	8	3	19
9	8	4	45
9	8	5	89
9	6	1	70
9	6	2	48
9	6	3	12
9	6	4	43
9	6	5	74
9	3	1	95
9	3	2	31
9	3	3	27
9	3	4	50
9	3	5	95
9	2	1	86
9	2	2	30
9	2	3	15
9	2	4	53
9	2	5	76
9	5	1	76
9	5	2	49
9	5	3	18
9	5	4	57
9	5	5	92
9	11	1	96
9	11	2	54
9	11	3	19
9	11	4	51
9	11	5	83
9	14	1	96
9	14	2	44
9	14	3	14
9	14	4	43
9	14	5	77
9	15	1	97
9	15	2	48
9	15	3	11
9	15	4	60
9	15	5	97
9	10	1	78
9	10	2	50
9	10	3	23
9	10	4	55
9	10	5	76
9	13	1	74
9	13	2	36
9	13	3	26
9	13	4	53
9	13	5	70
9	4	1	75
9	4	2	43
9	4	3	28
9	4	4	48
9	4	5	98
10	14	1	76
10	14	2	43
10	14	3	20
10	14	4	52
10	14	5	80
10	3	1	94
10	3	2	49
10	3	3	12
10	3	4	50
10	3	5	82
10	5	1	95
10	5	2	36
10	5	3	26
10	5	4	60
10	5	5	99
10	11	1	77
10	11	2	44
10	11	3	25
10	11	4	59
10	11	5	92
10	6	1	78
10	6	2	30
10	6	3	20
10	6	4	59
10	6	5	81
10	1	1	98
10	1	2	57
10	1	3	30
10	1	4	45
10	1	5	97
10	8	1	86
10	8	2	60
10	8	3	26
10	8	4	59
10	8	5	95
10	7	1	77
10	7	2	46
10	7	3	19
10	7	4	31
10	7	5	88
10	12	1	80
10	12	2	36
10	12	3	20
10	12	4	31
10	12	5	73
10	2	1	74
10	2	2	31
10	2	3	16
10	2	4	32
10	2	5	75
10	15	1	98
10	15	2	46
10	15	3	24
10	15	4	49
10	15	5	71
10	9	1	76
10	9	2	56
10	9	3	18
10	9	4	56
10	9	5	84
10	4	1	78
10	4	2	54
10	4	3	25
10	4	4	44
10	4	5	94
10	13	1	72
10	13	2	43
10	13	3	16
10	13	4	35
10	13	5	73
11	5	1	70
11	5	2	52
11	5	3	20
11	5	4	56
11	5	5	97
11	8	1	70
11	8	2	34
11	8	3	24
11	8	4	39
11	8	5	94
11	6	1	79
11	6	2	51
11	6	3	19
11	6	4	60
11	6	5	97
11	1	1	71
11	1	2	44
11	1	3	23
11	1	4	39
11	1	5	82
11	7	1	93
11	7	2	39
11	7	3	10
11	7	4	54
11	7	5	96
11	14	1	70
11	14	2	57
11	14	3	14
11	14	4	45
11	14	5	95
11	10	1	70
11	10	2	38
11	10	3	22
11	10	4	53
11	10	5	80
11	3	1	96
11	3	2	55
11	3	3	18
11	3	4	36
11	3	5	78
11	12	1	91
11	12	2	48
11	12	3	10
11	12	4	50
11	12	5	93
11	2	1	71
11	2	2	42
11	2	3	21
11	2	4	38
11	2	5	75
11	15	1	91
11	15	2	41
11	15	3	21
11	15	4	45
11	15	5	83
11	9	1	71
11	9	2	32
11	9	3	12
11	9	4	46
11	9	5	75
11	4	1	71
11	4	2	31
11	4	3	10
11	4	4	33
11	4	5	73
11	13	1	100
11	13	2	35
11	13	3	10
11	13	4	30
11	13	5	83
12	2	1	95
12	2	2	53
12	2	3	26
12	2	4	38
12	2	5	76
12	7	1	75
12	7	2	36
12	7	3	27
12	7	4	30
12	7	5	90
12	15	1	92
12	15	2	33
12	15	3	12
12	15	4	52
12	15	5	70
12	8	1	80
12	8	2	53
12	8	3	29
12	8	4	38
12	8	5	85
12	6	1	91
12	6	2	59
12	6	3	15
12	6	4	59
12	6	5	82
12	11	1	99
12	11	2	56
12	11	3	14
12	11	4	44
12	11	5	72
12	1	1	94
12	1	2	37
12	1	3	22
12	1	4	40
12	1	5	100
12	5	1	98
12	5	2	46
12	5	3	10
12	5	4	31
12	5	5	86
12	3	1	79
12	3	2	46
12	3	3	22
12	3	4	56
12	3	5	81
12	14	1	92
12	14	2	54
12	14	3	21
12	14	4	33
12	14	5	90
12	10	1	77
12	10	2	41
12	10	3	19
12	10	4	50
12	10	5	96
12	4	1	88
12	4	2	43
12	4	3	17
12	4	4	49
12	4	5	78
12	13	1	73
12	13	2	44
12	13	3	21
12	13	4	59
12	13	5	95
12	9	1	74
12	9	2	47
12	9	3	27
12	9	4	48
12	9	5	90
13	4	1	73
13	4	2	50
13	4	3	18
13	4	4	42
13	4	5	83
13	12	1	84
13	12	2	56
13	12	3	24
13	12	4	41
13	12	5	77
13	7	1	74
13	7	2	38
13	7	3	15
13	7	4	37
13	7	5	90
13	2	1	100
13	2	2	58
13	2	3	24
13	2	4	51
13	2	5	78
13	15	1	73
13	15	2	36
13	15	3	10
13	15	4	41
13	15	5	88
13	8	1	79
13	8	2	39
13	8	3	12
13	8	4	51
13	8	5	90
13	9	1	86
13	9	2	41
13	9	3	12
13	9	4	42
13	9	5	87
13	6	1	98
13	6	2	33
13	6	3	23
13	6	4	30
13	6	5	96
13	1	1	90
13	1	2	41
13	1	3	30
13	1	4	49
13	1	5	72
13	11	1	72
13	11	2	53
13	11	3	15
13	11	4	53
13	11	5	91
13	5	1	88
13	5	2	32
13	5	3	12
13	5	4	53
13	5	5	83
13	3	1	74
13	3	2	53
13	3	3	15
13	3	4	48
13	3	5	88
13	14	1	99
13	14	2	51
13	14	3	25
13	14	4	50
13	14	5	97
13	10	1	99
13	10	2	30
13	10	3	13
13	10	4	55
13	10	5	74
14	10	1	76
14	10	2	57
14	10	3	11
14	10	4	38
14	10	5	89
14	3	1	70
14	3	2	47
14	3	3	12
14	3	4	59
14	3	5	92
14	5	1	97
14	5	2	59
14	5	3	10
14	5	4	50
14	5	5	71
14	11	1	82
14	11	2	53
14	11	3	15
14	11	4	52
14	11	5	80
14	6	1	98
14	6	2	49
14	6	3	16
14	6	4	58
14	6	5	79
14	1	1	99
14	1	2	45
14	1	3	16
14	1	4	49
14	1	5	98
14	8	1	98
14	8	2	33
14	8	3	24
14	8	4	53
14	8	5	83
14	7	1	95
14	7	2	39
14	7	3	28
14	7	4	59
14	7	5	78
14	12	1	74
14	12	2	30
14	12	3	11
14	12	4	39
14	12	5	88
14	2	1	76
14	2	2	40
14	2	3	25
14	2	4	57
14	2	5	72
14	15	1	76
14	15	2	36
14	15	3	30
14	15	4	50
14	15	5	70
14	9	1	96
14	9	2	41
14	9	3	10
14	9	4	43
14	9	5	91
14	4	1	75
14	4	2	46
14	4	3	26
14	4	4	57
14	4	5	74
14	13	1	72
14	13	2	34
14	13	3	30
14	13	4	47
14	13	5	74
15	2	1	90
15	2	2	58
15	2	3	10
15	2	4	44
15	2	5	72
15	12	1	83
15	12	2	43
15	12	3	12
15	12	4	50
15	12	5	85
15	7	1	99
15	7	2	56
15	7	3	26
15	7	4	43
15	7	5	80
15	8	1	90
15	8	2	54
15	8	3	20
15	8	4	49
15	8	5	77
15	6	1	80
15	6	2	55
15	6	3	18
15	6	4	38
15	6	5	92
15	11	1	77
15	11	2	59
15	11	3	20
15	11	4	40
15	11	5	81
15	5	1	74
15	5	2	38
15	5	3	30
15	5	4	38
15	5	5	91
15	1	1	95
15	1	2	34
15	1	3	29
15	1	4	41
15	1	5	90
15	10	1	86
15	10	2	42
15	10	3	22
15	10	4	33
15	10	5	81
15	14	1	90
15	14	2	51
15	14	3	20
15	14	4	44
15	14	5	72
15	3	1	83
15	3	2	51
15	3	3	10
15	3	4	38
15	3	5	78
15	4	1	82
15	4	2	53
15	4	3	14
15	4	4	52
15	4	5	96
15	13	1	80
15	13	2	36
15	13	3	30
15	13	4	57
15	13	5	70
15	9	1	99
15	9	2	55
15	9	3	13
15	9	4	31
15	9	5	93
0	9	1	82
0	9	2	56
0	9	3	13
0	9	4	45
0	9	5	92
0	7	1	77
0	7	2	50
0	7	3	18
0	7	4	60
0	7	5	99
0	1	1	77
0	1	2	48
0	1	3	20
0	1	4	59
0	1	5	80
0	12	1	91
0	12	2	33
0	12	3	14
0	12	4	50
0	12	5	71
0	8	1	80
0	8	2	35
0	8	3	13
0	8	4	56
0	8	5	83
0	6	1	79
0	6	2	31
0	6	3	25
0	6	4	31
0	6	5	84
0	2	1	88
0	2	2	40
0	2	3	24
0	2	4	57
0	2	5	71
0	3	1	100
0	3	2	49
0	3	3	27
0	3	4	57
0	3	5	97
0	5	1	100
0	5	2	48
0	5	3	26
0	5	4	49
0	5	5	78
0	11	1	84
0	11	2	42
0	11	3	17
0	11	4	38
0	11	5	98
0	15	1	96
0	15	2	50
0	15	3	16
0	15	4	54
0	15	5	75
0	13	1	85
0	13	2	58
0	13	3	20
0	13	4	38
0	13	5	75
0	14	1	89
0	14	2	33
0	14	3	11
0	14	4	47
0	14	5	83
0	4	1	97
0	4	2	54
0	4	3	14
0	4	4	47
0	4	5	85
0	10	1	77
0	10	2	50
0	10	3	21
0	10	4	31
0	10	5	97
9	0	1	87
9	0	2	49
9	0	3	22
9	0	4	60
9	0	5	78
7	0	1	87
7	0	2	31
7	0	3	10
7	0	4	53
7	0	5	88
1	0	1	97
1	0	2	60
1	0	3	30
1	0	4	50
1	0	5	72
12	0	1	94
12	0	2	34
12	0	3	23
12	0	4	60
12	0	5	94
8	0	1	94
8	0	2	54
8	0	3	28
8	0	4	55
8	0	5	76
6	0	1	80
6	0	2	52
6	0	3	25
6	0	4	32
6	0	5	81
2	0	1	93
2	0	2	49
2	0	3	23
2	0	4	34
2	0	5	82
3	0	1	71
3	0	2	52
3	0	3	22
3	0	4	38
3	0	5	82
5	0	1	81
5	0	2	47
5	0	3	10
5	0	4	34
5	0	5	80
11	0	1	74
11	0	2	32
11	0	3	29
11	0	4	60
11	0	5	99
15	0	1	80
15	0	2	45
15	0	3	12
15	0	4	59
15	0	5	92
13	0	1	86
13	0	2	39
13	0	3	12
13	0	4	53
13	0	5	82
14	0	1	70
14	0	2	53
14	0	3	28
14	0	4	59
14	0	5	76
4	0	1	95
4	0	2	47
4	0	3	30
4	0	4	40
4	0	5	90
10	0	1	70
10	0	2	52
10	0	3	13
10	0	4	48
10	0	5	78
;
param:	g:=
1	6	1	1	0.415716
1	6	1	2	0.763383
1	6	2	1	0.255055
1	6	2	2	0.302151
1	6	3	1	0.269185
1	6	3	2	0.330552
1	6	4	1	0.301833
1	6	4	2	0.416205
1	6	5	1	0.415716
1	6	5	2	0.763383
1	5	1	1	0.396426
1	5	1	2	0.700458
1	5	2	1	0.297717
1	5	2	2	0.405114
1	5	3	1	0.252324
1	5	3	2	0.302739
1	5	4	1	0.246131
1	5	4	2	0.288274
1	5	5	1	0.559473
1	5	5	2	1.264864
1	8	1	1	0.471770
1	8	1	2	0.952865
1	8	2	1	0.279143
1	8	2	2	0.357106
1	8	3	1	0.254672
1	8	3	2	0.307099
1	8	4	1	0.255055
1	8	4	2	0.302151
1	8	5	1	0.442913
1	8	5	2	0.854183
1	3	1	1	0.422358
1	3	1	2	0.785344
1	3	2	1	0.247702
1	3	2	2	0.293050
1	3	3	1	0.250401
1	3	3	2	0.298951
1	3	4	1	0.301833
1	3	4	2	0.416205
1	3	5	1	0.486811
1	3	5	2	1.005161
1	11	1	1	0.442913
1	11	1	2	0.854183
1	11	2	1	0.279143
1	11	2	2	0.357106
1	11	3	1	0.248870
1	11	3	2	0.295725
1	11	4	1	0.247069
1	11	4	2	0.288257
1	11	5	1	0.568043
1	11	5	2	1.296180
1	7	1	1	0.534355
1	7	1	2	1.173866
1	7	2	1	0.259262
1	7	2	2	0.310848
1	7	3	1	0.264683
1	7	3	2	0.323750
1	7	4	1	0.310446
1	7	4	2	0.439877
1	7	5	1	0.429105
1	7	5	2	0.807797
1	14	1	1	0.559473
1	14	1	2	1.264864
1	14	2	1	0.286163
1	14	2	2	0.374817
1	14	3	1	0.356456
1	14	3	2	0.428864
1	14	4	1	0.248895
1	14	4	2	0.290842
1	14	5	1	0.526181
1	14	5	2	1.144518
1	10	1	1	0.378104
1	10	1	2	0.641971
1	10	2	1	0.253223
1	10	2	2	0.298561
1	10	3	1	0.260803
1	10	3	2	0.317588
1	10	4	1	0.297717
1	10	4	2	0.405114
1	10	5	1	0.396426
1	10	5	2	0.700458
1	12	1	1	0.542629
1	12	1	2	1.203706
1	12	2	1	0.289880
1	12	2	2	0.384419
1	12	3	1	0.456768
1	12	3	2	0.513825
1	12	4	1	0.253223
1	12	4	2	0.298561
1	12	5	1	0.471770
1	12	5	2	0.952865
1	2	1	1	0.551002
1	2	1	2	1.234039
1	2	2	1	0.247702
1	2	2	2	0.293050
1	2	3	1	0.397708
1	2	3	2	0.465383
1	2	4	1	0.289880
1	2	4	2	0.384419
1	2	5	1	0.442913
1	2	5	2	0.854183
1	15	1	1	0.471770
1	15	1	2	0.952865
1	15	2	1	0.246870
1	15	2	2	0.290921
1	15	3	1	0.287219
1	15	3	2	0.355115
1	15	4	1	0.257070
1	15	4	2	0.306247
1	15	5	1	0.494484
1	15	5	2	1.032048
1	9	1	1	0.366437
1	9	1	2	0.605446
1	9	2	1	0.255055
1	9	2	2	0.302151
1	9	3	1	0.287219
1	9	3	2	0.355115
1	9	4	1	0.259262
1	9	4	2	0.310848
1	9	5	1	0.494484
1	9	5	2	1.032048
1	4	1	1	0.494484
1	4	1	2	1.032048
1	4	2	1	0.255055
1	4	2	2	0.302151
1	4	3	1	0.397708
1	4	3	2	0.465383
1	4	4	1	0.257070
1	4	4	2	0.306247
1	4	5	1	0.479240
1	4	5	2	0.978767
1	13	1	1	0.402749
1	13	1	2	0.720940
1	13	2	1	0.269695
1	13	2	2	0.334278
1	13	3	1	0.264683
1	13	3	2	0.323750
1	13	4	1	0.246187
1	13	4	2	0.287745
1	13	5	1	0.576712
1	13	5	2	1.327989
2	12	1	1	0.402749
2	12	1	2	0.720940
2	12	2	1	0.275847
2	12	2	2	0.348998
2	12	3	1	0.250401
2	12	3	2	0.298951
2	12	4	1	0.250135
2	12	4	2	0.292905
2	12	5	1	0.409180
2	12	5	2	0.741915
2	15	1	1	0.366437
2	15	1	2	0.605446
2	15	2	1	0.264155
2	15	2	2	0.321560
2	15	3	1	0.375359
2	15	3	2	0.446007
2	15	4	1	0.251580
2	15	4	2	0.295478
2	15	5	1	0.384103
2	15	5	2	0.660973
2	7	1	1	0.464402
2	7	1	2	0.927456
2	7	2	1	0.248870
2	7	2	2	0.295725
2	7	3	1	0.295088
2	7	3	2	0.364835
2	7	4	1	0.246131
2	7	4	2	0.288274
2	7	5	1	0.510132
2	7	5	2	1.087298
2	8	1	1	0.402749
2	8	1	2	0.720940
2	8	2	1	0.269695
2	8	2	2	0.334278
2	8	3	1	0.397708
2	8	3	2	0.465383
2	8	4	1	0.266846
2	8	4	2	0.327669
2	8	5	1	0.442913
2	8	5	2	0.854183
2	6	1	1	0.372215
2	6	1	2	0.623462
2	6	2	1	0.247702
2	6	2	2	0.293050
2	6	3	1	0.254672
2	6	3	2	0.307099
2	6	4	1	0.247870
2	6	4	2	0.289292
2	6	5	1	0.464402
2	6	5	2	0.927456
2	11	1	1	0.551002
2	11	1	2	1.234039
2	11	2	1	0.269695
2	11	2	2	0.334278
2	11	3	1	0.340328
2	11	3	2	0.413505
2	11	4	1	0.247702
2	11	4	2	0.293050
2	11	5	1	0.422358
2	11	5	2	0.785344
2	5	1	1	0.576712
2	5	1	2	1.327989
2	5	2	1	0.282583
2	5	2	2	0.365713
2	5	3	1	0.456768
2	5	3	2	0.513825
2	5	4	1	0.246870
2	5	4	2	0.290921
2	5	5	1	0.464402
2	5	5	2	0.927456
2	1	1	1	0.442913
2	1	1	2	0.854183
2	1	2	1	0.310446
2	1	2	2	0.439877
2	1	3	1	0.295088
2	1	3	2	0.364835
2	1	4	1	0.247870
2	1	4	2	0.289292
2	1	5	1	0.479240
2	1	5	2	0.978767
2	3	1	1	0.415716
2	3	1	2	0.763383
2	3	2	1	0.279143
2	3	2	2	0.357106
2	3	3	1	0.264683
2	3	3	2	0.323750
2	3	4	1	0.266846
2	3	4	2	0.327669
2	3	5	1	0.415716
2	3	5	2	0.763383
2	14	1	1	0.378104
2	14	1	2	0.641971
2	14	2	1	0.246870
2	14	2	2	0.290921
2	14	3	1	0.252324
2	14	3	2	0.302739
2	14	4	1	0.246187
2	14	4	2	0.287745
2	14	5	1	0.360770
2	14	5	2	0.587924
2	10	1	1	0.396426
2	10	1	2	0.700458
2	10	2	1	0.266846
2	10	2	2	0.327669
2	10	3	1	0.250401
2	10	3	2	0.298951
2	10	4	1	0.250135
2	10	4	2	0.292905
2	10	5	1	0.510132
2	10	5	2	1.087298
2	4	1	1	0.576712
2	4	1	2	1.327989
2	4	2	1	0.246504
2	4	2	2	0.287741
2	4	3	1	0.397708
2	4	3	2	0.465383
2	4	4	1	0.289880
2	4	4	2	0.384419
2	4	5	1	0.542629
2	4	5	2	1.203706
2	13	1	1	0.360770
2	13	1	2	0.587924
2	13	2	1	0.269695
2	13	2	2	0.334278
2	13	3	1	0.280358
2	13	3	2	0.346196
2	13	4	1	0.247702
2	13	4	2	0.293050
2	13	5	1	0.429105
2	13	5	2	0.807797
2	9	1	1	0.542629
2	9	1	2	1.203706
2	9	2	1	0.275847
2	9	2	2	0.348998
2	9	3	1	0.269185
2	9	3	2	0.330552
2	9	4	1	0.301833
2	9	4	2	0.416205
2	9	5	1	0.502258
2	9	5	2	1.059427
3	14	1	1	0.366437
3	14	1	2	0.605446
3	14	2	1	0.286163
3	14	2	2	0.374817
3	14	3	1	0.254672
3	14	3	2	0.307099
3	14	4	1	0.293733
3	14	4	2	0.394518
3	14	5	1	0.551002
3	14	5	2	1.234039
3	1	1	1	0.518107
3	1	1	2	1.115662
3	1	2	1	0.266846
3	1	2	2	0.327669
3	1	3	1	0.356456
3	1	3	2	0.428864
3	1	4	1	0.246870
3	1	4	2	0.290921
3	1	5	1	0.378104
3	1	5	2	0.641971
3	10	1	1	0.551002
3	10	1	2	1.234039
3	10	2	1	0.297717
3	10	2	2	0.405114
3	10	3	1	0.250401
3	10	3	2	0.298951
3	10	4	1	0.246353
3	10	4	2	0.289331
3	10	5	1	0.366437
3	10	5	2	0.605446
3	5	1	1	0.464402
3	5	1	2	0.927456
3	5	2	1	0.259262
3	5	2	2	0.310848
3	5	3	1	0.252324
3	5	3	2	0.302739
3	5	4	1	0.286163
3	5	4	2	0.374817
3	5	5	1	0.366437
3	5	5	2	0.605446
3	6	1	1	0.442913
3	6	1	2	0.854183
3	6	2	1	0.246504
3	6	2	2	0.287741
3	6	3	1	0.340328
3	6	3	2	0.413505
3	6	4	1	0.247069
3	6	4	2	0.288257
3	6	5	1	0.360770
3	6	5	2	0.587924
3	11	1	1	0.568043
3	11	1	2	1.296180
3	11	2	1	0.279143
3	11	2	2	0.357106
3	11	3	1	0.287219
3	11	3	2	0.355115
3	11	4	1	0.306076
3	11	4	2	0.427793
3	11	5	1	0.435957
3	11	5	2	0.830744
3	8	1	1	0.479240
3	8	1	2	0.978767
3	8	2	1	0.289880
3	8	2	2	0.384419
3	8	3	1	0.280358
3	8	3	2	0.346196
3	8	4	1	0.301833
3	8	4	2	0.416205
3	8	5	1	0.494484
3	8	5	2	1.032048
3	7	1	1	0.396426
3	7	1	2	0.700458
3	7	2	1	0.246353
3	7	2	2	0.289331
3	7	3	1	0.314502
3	7	3	2	0.386980
3	7	4	1	0.246131
3	7	4	2	0.288274
3	7	5	1	0.534355
3	7	5	2	1.173866
3	12	1	1	0.429105
3	12	1	2	0.807797
3	12	2	1	0.255055
3	12	2	2	0.302151
3	12	3	1	0.295088
3	12	3	2	0.364835
3	12	4	1	0.293733
3	12	4	2	0.394518
3	12	5	1	0.366437
3	12	5	2	0.605446
3	2	1	1	0.576712
3	2	1	2	1.327989
3	2	2	1	0.289880
3	2	2	2	0.384419
3	2	3	1	0.274382
3	2	3	2	0.338023
3	2	4	1	0.248870
3	2	4	2	0.295725
3	2	5	1	0.402749
3	2	5	2	0.720940
3	15	1	1	0.435957
3	15	1	2	0.830744
3	15	2	1	0.250135
3	15	2	2	0.292905
3	15	3	1	0.375359
3	15	3	2	0.446007
3	15	4	1	0.310446
3	15	4	2	0.439877
3	15	5	1	0.402749
3	15	5	2	0.720940
3	9	1	1	0.366437
3	9	1	2	0.605446
3	9	2	1	0.247069
3	9	2	2	0.288257
3	9	3	1	0.269185
3	9	3	2	0.330552
3	9	4	1	0.253223
3	9	4	2	0.298561
3	9	5	1	0.518107
3	9	5	2	1.115662
3	4	1	1	0.526181
3	4	1	2	1.144518
3	4	2	1	0.289880
3	4	2	2	0.384419
3	4	3	1	0.254672
3	4	3	2	0.307099
3	4	4	1	0.247870
3	4	4	2	0.289292
3	4	5	1	0.435957
3	4	5	2	0.830744
3	13	1	1	0.409180
3	13	1	2	0.741915
3	13	2	1	0.259262
3	13	2	2	0.310848
3	13	3	1	0.295088
3	13	3	2	0.364835
3	13	4	1	0.248895
3	13	4	2	0.290842
3	13	5	1	0.568043
3	13	5	2	1.296180
4	13	1	1	0.442913
4	13	1	2	0.854183
4	13	2	1	0.246504
4	13	2	2	0.287741
4	13	3	1	0.375359
4	13	3	2	0.446007
4	13	4	1	0.301833
4	13	4	2	0.416205
4	13	5	1	0.568043
4	13	5	2	1.296180
4	12	1	1	0.442913
4	12	1	2	0.854183
4	12	2	1	0.246870
4	12	2	2	0.290921
4	12	3	1	0.248870
4	12	3	2	0.295725
4	12	4	1	0.282583
4	12	4	2	0.365713
4	12	5	1	0.372215
4	12	5	2	0.623462
4	7	1	1	0.435957
4	7	1	2	0.830744
4	7	2	1	0.306076
4	7	2	2	0.427793
4	7	3	1	0.257483
4	7	3	2	0.312044
4	7	4	1	0.247069
4	7	4	2	0.288257
4	7	5	1	0.576712
4	7	5	2	1.327989
4	2	1	1	0.568043
4	2	1	2	1.296180
4	2	2	1	0.247702
4	2	2	2	0.293050
4	2	3	1	0.257483
4	2	3	2	0.312044
4	2	4	1	0.264155
4	2	4	2	0.321560
4	2	5	1	0.551002
4	2	5	2	1.234039
4	15	1	1	0.384103
4	15	1	2	0.660973
4	15	2	1	0.282583
4	15	2	2	0.365713
4	15	3	1	0.252324
4	15	3	2	0.302739
4	15	4	1	0.248870
4	15	4	2	0.295725
4	15	5	1	0.471770
4	15	5	2	0.952865
4	8	1	1	0.464402
4	8	1	2	0.927456
4	8	2	1	0.251580
4	8	2	2	0.295478
4	8	3	1	0.280358
4	8	3	2	0.346196
4	8	4	1	0.289880
4	8	4	2	0.384419
4	8	5	1	0.486811
4	8	5	2	1.005161
4	6	1	1	0.457136
4	6	1	2	0.902539
4	6	2	1	0.246353
4	6	2	2	0.289331
4	6	3	1	0.356456
4	6	3	2	0.428864
4	6	4	1	0.301833
4	6	4	2	0.416205
4	6	5	1	0.534355
4	6	5	2	1.173866
4	1	1	1	0.486811
4	1	1	2	1.005161
4	1	2	1	0.261626
4	1	2	2	0.315953
4	1	3	1	0.356456
4	1	3	2	0.428864
4	1	4	1	0.247069
4	1	4	2	0.288257
4	1	5	1	0.409180
4	1	5	2	0.741915
4	11	1	1	0.390210
4	11	1	2	0.680469
4	11	2	1	0.255055
4	11	2	2	0.302151
4	11	3	1	0.326472
4	11	3	2	0.399619
4	11	4	1	0.310446
4	11	4	2	0.439877
4	11	5	1	0.542629
4	11	5	2	1.203706
4	9	1	1	0.457136
4	9	1	2	0.902539
4	9	2	1	0.259262
4	9	2	2	0.310848
4	9	3	1	0.248870
4	9	3	2	0.295725
4	9	4	1	0.297717
4	9	4	2	0.405114
4	9	5	1	0.402749
4	9	5	2	0.720940
4	5	1	1	0.542629
4	5	1	2	1.203706
4	5	2	1	0.266846
4	5	2	2	0.327669
4	5	3	1	0.375359
4	5	3	2	0.446007
4	5	4	1	0.272696
4	5	4	2	0.341388
4	5	5	1	0.576712
4	5	5	2	1.327989
4	3	1	1	0.378104
4	3	1	2	0.641971
4	3	2	1	0.246504
4	3	2	2	0.287741
4	3	3	1	0.269185
4	3	3	2	0.330552
4	3	4	1	0.286163
4	3	4	2	0.374817
4	3	5	1	0.526181
4	3	5	2	1.144518
4	14	1	1	0.396426
4	14	1	2	0.700458
4	14	2	1	0.293733
4	14	2	2	0.394518
4	14	3	1	0.456768
4	14	3	2	0.513825
4	14	4	1	0.282583
4	14	4	2	0.365713
4	14	5	1	0.568043
4	14	5	2	1.296180
4	10	1	1	0.510132
4	10	1	2	1.087298
4	10	2	1	0.246131
4	10	2	2	0.288274
4	10	3	1	0.356456
4	10	3	2	0.428864
4	10	4	1	0.251580
4	10	4	2	0.295478
4	10	5	1	0.494484
4	10	5	2	1.032048
5	11	1	1	0.559473
5	11	1	2	1.264864
5	11	2	1	0.269695
5	11	2	2	0.334278
5	11	3	1	0.254672
5	11	3	2	0.307099
5	11	4	1	0.269695
5	11	4	2	0.334278
5	11	5	1	0.390210
5	11	5	2	0.680469
5	6	1	1	0.576712
5	6	1	2	1.327989
5	6	2	1	0.264155
5	6	2	2	0.321560
5	6	3	1	0.304119
5	6	3	2	0.375426
5	6	4	1	0.247870
5	6	4	2	0.289292
5	6	5	1	0.534355
5	6	5	2	1.173866
5	8	1	1	0.486811
5	8	1	2	1.005161
5	8	2	1	0.286163
5	8	2	2	0.374817
5	8	3	1	0.260803
5	8	3	2	0.317588
5	8	4	1	0.248895
5	8	4	2	0.290842
5	8	5	1	0.464402
5	8	5	2	0.927456
5	1	1	1	0.366437
5	1	1	2	0.605446
5	1	2	1	0.301833
5	1	2	2	0.416205
5	1	3	1	0.356456
5	1	3	2	0.428864
5	1	4	1	0.246187
5	1	4	2	0.287745
5	1	5	1	0.486811
5	1	5	2	1.005161
5	14	1	1	0.471770
5	14	1	2	0.952865
5	14	2	1	0.247870
5	14	2	2	0.289292
5	14	3	1	0.252324
5	14	3	2	0.302739
5	14	4	1	0.293733
5	14	4	2	0.394518
5	14	5	1	0.542629
5	14	5	2	1.203706
5	10	1	1	0.502258
5	10	1	2	1.059427
5	10	2	1	0.286163
5	10	2	2	0.374817
5	10	3	1	0.248870
5	10	3	2	0.295725
5	10	4	1	0.286163
5	10	4	2	0.374817
5	10	5	1	0.409180
5	10	5	2	0.741915
5	3	1	1	0.442913
5	3	1	2	0.854183
5	3	2	1	0.250135
5	3	2	2	0.292905
5	3	3	1	0.340328
5	3	3	2	0.413505
5	3	4	1	0.250135
5	3	4	2	0.292905
5	3	5	1	0.471770
5	3	5	2	0.952865
5	7	1	1	0.366437
5	7	1	2	0.605446
5	7	2	1	0.257070
5	7	2	2	0.306247
5	7	3	1	0.280358
5	7	3	2	0.346196
5	7	4	1	0.289880
5	7	4	2	0.384419
5	7	5	1	0.422358
5	7	5	2	0.785344
5	12	1	1	0.479240
5	12	1	2	0.978767
5	12	2	1	0.253223
5	12	2	2	0.298561
5	12	3	1	0.269185
5	12	3	2	0.330552
5	12	4	1	0.310446
5	12	4	2	0.439877
5	12	5	1	0.378104
5	12	5	2	0.641971
5	2	1	1	0.457136
5	2	1	2	0.902539
5	2	2	1	0.247069
5	2	2	2	0.288257
5	2	3	1	0.340328
5	2	3	2	0.413505
5	2	4	1	0.247702
5	2	4	2	0.293050
5	2	5	1	0.526181
5	2	5	2	1.144518
5	15	1	1	0.559473
5	15	1	2	1.264864
5	15	2	1	0.301833
5	15	2	2	0.416205
5	15	3	1	0.269185
5	15	3	2	0.330552
5	15	4	1	0.266846
5	15	4	2	0.327669
5	15	5	1	0.435957
5	15	5	2	0.830744
5	9	1	1	0.415716
5	9	1	2	0.763383
5	9	2	1	0.246131
5	9	2	2	0.288274
5	9	3	1	0.326472
5	9	3	2	0.399619
5	9	4	1	0.306076
5	9	4	2	0.427793
5	9	5	1	0.415716
5	9	5	2	0.763383
5	4	1	1	0.449973
5	4	1	2	0.878115
5	4	2	1	0.282583
5	4	2	2	0.365713
5	4	3	1	0.375359
5	4	3	2	0.446007
5	4	4	1	0.269695
5	4	4	2	0.334278
5	4	5	1	0.526181
5	4	5	2	1.144518
5	13	1	1	0.534355
5	13	1	2	1.173866
5	13	2	1	0.261626
5	13	2	2	0.315953
5	13	3	1	0.456768
5	13	3	2	0.513825
5	13	4	1	0.266846
5	13	4	2	0.327669
5	13	5	1	0.576712
5	13	5	2	1.327989
6	8	1	1	0.360770
6	8	1	2	0.587924
6	8	2	1	0.279143
6	8	2	2	0.357106
6	8	3	1	0.456768
6	8	3	2	0.513825
6	8	4	1	0.246131
6	8	4	2	0.288274
6	8	5	1	0.442913
6	8	5	2	0.854183
6	5	1	1	0.542629
6	5	1	2	1.203706
6	5	2	1	0.264155
6	5	2	2	0.321560
6	5	3	1	0.340328
6	5	3	2	0.413505
6	5	4	1	0.251580
6	5	4	2	0.295478
6	5	5	1	0.464402
6	5	5	2	0.927456
6	11	1	1	0.568043
6	11	1	2	1.296180
6	11	2	1	0.306076
6	11	2	2	0.427793
6	11	3	1	0.254672
6	11	3	2	0.307099
6	11	4	1	0.269695
6	11	4	2	0.334278
6	11	5	1	0.502258
6	11	5	2	1.059427
6	1	1	1	0.510132
6	1	1	2	1.087298
6	1	2	1	0.275847
6	1	2	2	0.348998
6	1	3	1	0.287219
6	1	3	2	0.355115
6	1	4	1	0.248870
6	1	4	2	0.295725
6	1	5	1	0.429105
6	1	5	2	0.807797
6	7	1	1	0.396426
6	7	1	2	0.700458
6	7	2	1	0.257070
6	7	2	2	0.306247
6	7	3	1	0.287219
6	7	3	2	0.355115
6	7	4	1	0.279143
6	7	4	2	0.357106
6	7	5	1	0.518107
6	7	5	2	1.115662
6	3	1	1	0.471770
6	3	1	2	0.952865
6	3	2	1	0.255055
6	3	2	2	0.302151
6	3	3	1	0.424417
6	3	3	2	0.487653
6	3	4	1	0.246504
6	3	4	2	0.287741
6	3	5	1	0.486811
6	3	5	2	1.005161
6	12	1	1	0.471770
6	12	1	2	0.952865
6	12	2	1	0.247870
6	12	2	2	0.289292
6	12	3	1	0.375359
6	12	3	2	0.446007
6	12	4	1	0.246131
6	12	4	2	0.288274
6	12	5	1	0.568043
6	12	5	2	1.296180
6	14	1	1	0.464402
6	14	1	2	0.927456
6	14	2	1	0.251580
6	14	2	2	0.295478
6	14	3	1	0.340328
6	14	3	2	0.413505
6	14	4	1	0.250135
6	14	4	2	0.292905
6	14	5	1	0.372215
6	14	5	2	0.623462
6	2	1	1	0.559473
6	2	1	2	1.264864
6	2	2	1	0.259262
6	2	2	2	0.310848
6	2	3	1	0.397708
6	2	3	2	0.465383
6	2	4	1	0.310446
6	2	4	2	0.439877
6	2	5	1	0.494484
6	2	5	2	1.032048
6	10	1	1	0.384103
6	10	1	2	0.660973
6	10	2	1	0.255055
6	10	2	2	0.302151
6	10	3	1	0.295088
6	10	3	2	0.364835
6	10	4	1	0.247069
6	10	4	2	0.288257
6	10	5	1	0.534355
6	10	5	2	1.173866
6	15	1	1	0.510132
6	15	1	2	1.087298
6	15	2	1	0.282583
6	15	2	2	0.365713
6	15	3	1	0.280358
6	15	3	2	0.346196
6	15	4	1	0.247069
6	15	4	2	0.288257
6	15	5	1	0.457136
6	15	5	2	0.902539
6	9	1	1	0.576712
6	9	1	2	1.327989
6	9	2	1	0.251580
6	9	2	2	0.295478
6	9	3	1	0.254672
6	9	3	2	0.307099
6	9	4	1	0.272696
6	9	4	2	0.341388
6	9	5	1	0.502258
6	9	5	2	1.059427
6	4	1	1	0.568043
6	4	1	2	1.296180
6	4	2	1	0.286163
6	4	2	2	0.374817
6	4	3	1	0.260803
6	4	3	2	0.317588
6	4	4	1	0.248895
6	4	4	2	0.290842
6	4	5	1	0.551002
6	4	5	2	1.234039
6	13	1	1	0.568043
6	13	1	2	1.296180
6	13	2	1	0.301833
6	13	2	2	0.416205
6	13	3	1	0.280358
6	13	3	2	0.346196
6	13	4	1	0.246870
6	13	4	2	0.290921
6	13	5	1	0.360770
6	13	5	2	0.587924
7	12	1	1	0.542629
7	12	1	2	1.203706
7	12	2	1	0.272696
7	12	2	2	0.341388
7	12	3	1	0.356456
7	12	3	2	0.428864
7	12	4	1	0.289880
7	12	4	2	0.384419
7	12	5	1	0.435957
7	12	5	2	0.830744
7	8	1	1	0.518107
7	8	1	2	1.115662
7	8	2	1	0.269695
7	8	2	2	0.334278
7	8	3	1	0.252324
7	8	3	2	0.302739
7	8	4	1	0.272696
7	8	4	2	0.341388
7	8	5	1	0.435957
7	8	5	2	0.830744
7	2	1	1	0.486811
7	2	1	2	1.005161
7	2	2	1	0.246187
7	2	2	2	0.287745
7	2	3	1	0.397708
7	2	3	2	0.465383
7	2	4	1	0.250135
7	2	4	2	0.292905
7	2	5	1	0.378104
7	2	5	2	0.641971
7	6	1	1	0.429105
7	6	1	2	0.807797
7	6	2	1	0.310446
7	6	2	2	0.439877
7	6	3	1	0.314502
7	6	3	2	0.386980
7	6	4	1	0.246870
7	6	4	2	0.290921
7	6	5	1	0.422358
7	6	5	2	0.785344
7	11	1	1	0.415716
7	11	1	2	0.763383
7	11	2	1	0.269695
7	11	2	2	0.334278
7	11	3	1	0.248870
7	11	3	2	0.295725
7	11	4	1	0.246504
7	11	4	2	0.287741
7	11	5	1	0.518107
7	11	5	2	1.115662
7	1	1	1	0.360770
7	1	1	2	0.587924
7	1	2	1	0.279143
7	1	2	2	0.357106
7	1	3	1	0.260803
7	1	3	2	0.317588
7	1	4	1	0.247870
7	1	4	2	0.289292
7	1	5	1	0.449973
7	1	5	2	0.878115
7	15	1	1	0.429105
7	15	1	2	0.807797
7	15	2	1	0.286163
7	15	2	2	0.374817
7	15	3	1	0.295088
7	15	3	2	0.364835
7	15	4	1	0.261626
7	15	4	2	0.315953
7	15	5	1	0.449973
7	15	5	2	0.878115
7	5	1	1	0.486811
7	5	1	2	1.005161
7	5	2	1	0.297717
7	5	2	2	0.405114
7	5	3	1	0.254672
7	5	3	2	0.307099
7	5	4	1	0.251580
7	5	4	2	0.295478
7	5	5	1	0.402749
7	5	5	2	0.720940
7	3	1	1	0.486811
7	3	1	2	1.005161
7	3	2	1	0.247702
7	3	2	2	0.293050
7	3	3	1	0.456768
7	3	3	2	0.513825
7	3	4	1	0.246187
7	3	4	2	0.287745
7	3	5	1	0.471770
7	3	5	2	0.952865
7	14	1	1	0.510132
7	14	1	2	1.087298
7	14	2	1	0.248895
7	14	2	2	0.290842
7	14	3	1	0.424417
7	14	3	2	0.487653
7	14	4	1	0.247702
7	14	4	2	0.293050
7	14	5	1	0.510132
7	14	5	2	1.087298
7	10	1	1	0.576712
7	10	1	2	1.327989
7	10	2	1	0.246187
7	10	2	2	0.287745
7	10	3	1	0.456768
7	10	3	2	0.513825
7	10	4	1	0.286163
7	10	4	2	0.374817
7	10	5	1	0.559473
7	10	5	2	1.264864
7	9	1	1	0.384103
7	9	1	2	0.660973
7	9	2	1	0.259262
7	9	2	2	0.310848
7	9	3	1	0.287219
7	9	3	2	0.355115
7	9	4	1	0.251580
7	9	4	2	0.295478
7	9	5	1	0.494484
7	9	5	2	1.032048
7	4	1	1	0.471770
7	4	1	2	0.952865
7	4	2	1	0.247870
7	4	2	2	0.289292
7	4	3	1	0.295088
7	4	3	2	0.364835
7	4	4	1	0.306076
7	4	4	2	0.427793
7	4	5	1	0.510132
7	4	5	2	1.087298
7	13	1	1	0.568043
7	13	1	2	1.296180
7	13	2	1	0.255055
7	13	2	2	0.302151
7	13	3	1	0.375359
7	13	3	2	0.446007
7	13	4	1	0.246187
7	13	4	2	0.287745
7	13	5	1	0.435957
7	13	5	2	0.830744
8	6	1	1	0.435957
8	6	1	2	0.830744
8	6	2	1	0.247870
8	6	2	2	0.289292
8	6	3	1	0.287219
8	6	3	2	0.355115
8	6	4	1	0.289880
8	6	4	2	0.384419
8	6	5	1	0.396426
8	6	5	2	0.700458
8	11	1	1	0.464402
8	11	1	2	0.927456
8	11	2	1	0.286163
8	11	2	2	0.374817
8	11	3	1	0.375359
8	11	3	2	0.446007
8	11	4	1	0.251580
8	11	4	2	0.295478
8	11	5	1	0.526181
8	11	5	2	1.144518
8	7	1	1	0.449973
8	7	1	2	0.878115
8	7	2	1	0.248870
8	7	2	2	0.295725
8	7	3	1	0.260803
8	7	3	2	0.317588
8	7	4	1	0.297717
8	7	4	2	0.405114
8	7	5	1	0.464402
8	7	5	2	0.927456
8	5	1	1	0.378104
8	5	1	2	0.641971
8	5	2	1	0.310446
8	5	2	2	0.439877
8	5	3	1	0.260803
8	5	3	2	0.317588
8	5	4	1	0.269695
8	5	4	2	0.334278
8	5	5	1	0.415716
8	5	5	2	0.763383
8	1	1	1	0.510132
8	1	1	2	1.087298
8	1	2	1	0.248895
8	1	2	2	0.290842
8	1	3	1	0.260803
8	1	3	2	0.317588
8	1	4	1	0.266846
8	1	4	2	0.327669
8	1	5	1	0.390210
8	1	5	2	0.680469
8	12	1	1	0.510132
8	12	1	2	1.087298
8	12	2	1	0.306076
8	12	2	2	0.427793
8	12	3	1	0.250401
8	12	3	2	0.298951
8	12	4	1	0.282583
8	12	4	2	0.365713
8	12	5	1	0.502258
8	12	5	2	1.059427
8	2	1	1	0.457136
8	2	1	2	0.902539
8	2	2	1	0.289880
8	2	2	2	0.384419
8	2	3	1	0.314502
8	2	3	2	0.386980
8	2	4	1	0.261626
8	2	4	2	0.315953
8	2	5	1	0.542629
8	2	5	2	1.203706
8	15	1	1	0.471770
8	15	1	2	0.952865
8	15	2	1	0.247069
8	15	2	2	0.288257
8	15	3	1	0.326472
8	15	3	2	0.399619
8	15	4	1	0.251580
8	15	4	2	0.295478
8	15	5	1	0.559473
8	15	5	2	1.264864
8	3	1	1	0.559473
8	3	1	2	1.264864
8	3	2	1	0.272696
8	3	2	2	0.341388
8	3	3	1	0.250401
8	3	3	2	0.298951
8	3	4	1	0.248870
8	3	4	2	0.295725
8	3	5	1	0.384103
8	3	5	2	0.660973
8	14	1	1	0.551002
8	14	1	2	1.234039
8	14	2	1	0.301833
8	14	2	2	0.416205
8	14	3	1	0.269185
8	14	3	2	0.330552
8	14	4	1	0.246131
8	14	4	2	0.288274
8	14	5	1	0.559473
8	14	5	2	1.264864
8	10	1	1	0.384103
8	10	1	2	0.660973
8	10	2	1	0.253223
8	10	2	2	0.298561
8	10	3	1	0.260803
8	10	3	2	0.317588
8	10	4	1	0.247870
8	10	4	2	0.289292
8	10	5	1	0.457136
8	10	5	2	0.902539
8	9	1	1	0.486811
8	9	1	2	1.005161
8	9	2	1	0.289880
8	9	2	2	0.384419
8	9	3	1	0.304119
8	9	3	2	0.375426
8	9	4	1	0.306076
8	9	4	2	0.427793
8	9	5	1	0.479240
8	9	5	2	0.978767
8	4	1	1	0.360770
8	4	1	2	0.587924
8	4	2	1	0.253223
8	4	2	2	0.298561
8	4	3	1	0.356456
8	4	3	2	0.428864
8	4	4	1	0.275847
8	4	4	2	0.348998
8	4	5	1	0.494484
8	4	5	2	1.032048
8	13	1	1	0.449973
8	13	1	2	0.878115
8	13	2	1	0.246131
8	13	2	2	0.288274
8	13	3	1	0.397708
8	13	3	2	0.465383
8	13	4	1	0.247069
8	13	4	2	0.288257
8	13	5	1	0.518107
8	13	5	2	1.115662
9	1	1	1	0.429105
9	1	1	2	0.807797
9	1	2	1	0.275847
9	1	2	2	0.348998
9	1	3	1	0.340328
9	1	3	2	0.413505
9	1	4	1	0.269695
9	1	4	2	0.334278
9	1	5	1	0.429105
9	1	5	2	0.807797
9	7	1	1	0.534355
9	7	1	2	1.173866
9	7	2	1	0.246353
9	7	2	2	0.289331
9	7	3	1	0.314502
9	7	3	2	0.386980
9	7	4	1	0.248895
9	7	4	2	0.290842
9	7	5	1	0.378104
9	7	5	2	0.641971
9	12	1	1	0.442913
9	12	1	2	0.854183
9	12	2	1	0.297717
9	12	2	2	0.405114
9	12	3	1	0.260803
9	12	3	2	0.317588
9	12	4	1	0.266846
9	12	4	2	0.327669
9	12	5	1	0.494484
9	12	5	2	1.032048
9	8	1	1	0.390210
9	8	1	2	0.680469
9	8	2	1	0.246131
9	8	2	2	0.288274
9	8	3	1	0.295088
9	8	3	2	0.364835
9	8	4	1	0.259262
9	8	4	2	0.310848
9	8	5	1	0.486811
9	8	5	2	1.005161
9	6	1	1	0.360770
9	6	1	2	0.587924
9	6	2	1	0.266846
9	6	2	2	0.327669
9	6	3	1	0.397708
9	6	3	2	0.465383
9	6	4	1	0.255055
9	6	4	2	0.302151
9	6	5	1	0.384103
9	6	5	2	0.660973
9	3	1	1	0.534355
9	3	1	2	1.173866
9	3	2	1	0.247702
9	3	2	2	0.293050
9	3	3	1	0.254672
9	3	3	2	0.307099
9	3	4	1	0.272696
9	3	4	2	0.341388
9	3	5	1	0.534355
9	3	5	2	1.173866
9	2	1	1	0.464402
9	2	1	2	0.927456
9	2	2	1	0.248870
9	2	2	2	0.295725
9	2	3	1	0.340328
9	2	3	2	0.413505
9	2	4	1	0.282583
9	2	4	2	0.365713
9	2	5	1	0.396426
9	2	5	2	0.700458
9	5	1	1	0.396426
9	5	1	2	0.700458
9	5	2	1	0.269695
9	5	2	2	0.334278
9	5	3	1	0.304119
9	5	3	2	0.375426
9	5	4	1	0.297717
9	5	4	2	0.405114
9	5	5	1	0.510132
9	5	5	2	1.087298
9	11	1	1	0.542629
9	11	1	2	1.203706
9	11	2	1	0.286163
9	11	2	2	0.374817
9	11	3	1	0.295088
9	11	3	2	0.364835
9	11	4	1	0.275847
9	11	4	2	0.348998
9	11	5	1	0.442913
9	11	5	2	0.854183
9	14	1	1	0.542629
9	14	1	2	1.203706
9	14	2	1	0.257070
9	14	2	2	0.306247
9	14	3	1	0.356456
9	14	3	2	0.428864
9	14	4	1	0.255055
9	14	4	2	0.302151
9	14	5	1	0.402749
9	14	5	2	0.720940
9	15	1	1	0.551002
9	15	1	2	1.234039
9	15	2	1	0.266846
9	15	2	2	0.327669
9	15	3	1	0.424417
9	15	3	2	0.487653
9	15	4	1	0.310446
9	15	4	2	0.439877
9	15	5	1	0.551002
9	15	5	2	1.234039
9	10	1	1	0.409180
9	10	1	2	0.741915
9	10	2	1	0.272696
9	10	2	2	0.341388
9	10	3	1	0.269185
9	10	3	2	0.330552
9	10	4	1	0.289880
9	10	4	2	0.384419
9	10	5	1	0.396426
9	10	5	2	0.700458
9	13	1	1	0.384103
9	13	1	2	0.660973
9	13	2	1	0.246504
9	13	2	2	0.287741
9	13	3	1	0.257483
9	13	3	2	0.312044
9	13	4	1	0.282583
9	13	4	2	0.365713
9	13	5	1	0.360770
9	13	5	2	0.587924
9	4	1	1	0.390210
9	4	1	2	0.680469
9	4	2	1	0.255055
9	4	2	2	0.302151
9	4	3	1	0.252324
9	4	3	2	0.302739
9	4	4	1	0.266846
9	4	4	2	0.327669
9	4	5	1	0.559473
9	4	5	2	1.264864
10	14	1	1	0.396426
10	14	1	2	0.700458
10	14	2	1	0.255055
10	14	2	2	0.302151
10	14	3	1	0.287219
10	14	3	2	0.355115
10	14	4	1	0.279143
10	14	4	2	0.357106
10	14	5	1	0.422358
10	14	5	2	0.785344
10	3	1	1	0.526181
10	3	1	2	1.144518
10	3	2	1	0.269695
10	3	2	2	0.334278
10	3	3	1	0.397708
10	3	3	2	0.465383
10	3	4	1	0.272696
10	3	4	2	0.341388
10	3	5	1	0.435957
10	3	5	2	0.830744
10	5	1	1	0.534355
10	5	1	2	1.173866
10	5	2	1	0.246504
10	5	2	2	0.287741
10	5	3	1	0.257483
10	5	3	2	0.312044
10	5	4	1	0.310446
10	5	4	2	0.439877
10	5	5	1	0.568043
10	5	5	2	1.296180
10	11	1	1	0.402749
10	11	1	2	0.720940
10	11	2	1	0.257070
10	11	2	2	0.306247
10	11	3	1	0.260803
10	11	3	2	0.317588
10	11	4	1	0.306076
10	11	4	2	0.427793
10	11	5	1	0.510132
10	11	5	2	1.087298
10	6	1	1	0.409180
10	6	1	2	0.741915
10	6	2	1	0.248870
10	6	2	2	0.295725
10	6	3	1	0.287219
10	6	3	2	0.355115
10	6	4	1	0.306076
10	6	4	2	0.427793
10	6	5	1	0.429105
10	6	5	2	0.807797
10	1	1	1	0.559473
10	1	1	2	1.264864
10	1	2	1	0.297717
10	1	2	2	0.405114
10	1	3	1	0.248870
10	1	3	2	0.295725
10	1	4	1	0.259262
10	1	4	2	0.310848
10	1	5	1	0.551002
10	1	5	2	1.234039
10	8	1	1	0.464402
10	8	1	2	0.927456
10	8	2	1	0.310446
10	8	2	2	0.439877
10	8	3	1	0.257483
10	8	3	2	0.312044
10	8	4	1	0.306076
10	8	4	2	0.427793
10	8	5	1	0.534355
10	8	5	2	1.173866
10	7	1	1	0.402749
10	7	1	2	0.720940
10	7	2	1	0.261626
10	7	2	2	0.315953
10	7	3	1	0.295088
10	7	3	2	0.364835
10	7	4	1	0.247702
10	7	4	2	0.293050
10	7	5	1	0.479240
10	7	5	2	0.978767
10	12	1	1	0.422358
10	12	1	2	0.785344
10	12	2	1	0.246504
10	12	2	2	0.287741
10	12	3	1	0.287219
10	12	3	2	0.355115
10	12	4	1	0.247702
10	12	4	2	0.293050
10	12	5	1	0.378104
10	12	5	2	0.641971
10	2	1	1	0.384103
10	2	1	2	0.660973
10	2	2	1	0.247702
10	2	2	2	0.293050
10	2	3	1	0.326472
10	2	3	2	0.399619
10	2	4	1	0.246870
10	2	4	2	0.290921
10	2	5	1	0.390210
10	2	5	2	0.680469
10	15	1	1	0.559473
10	15	1	2	1.264864
10	15	2	1	0.261626
10	15	2	2	0.315953
10	15	3	1	0.264683
10	15	3	2	0.323750
10	15	4	1	0.269695
10	15	4	2	0.334278
10	15	5	1	0.366437
10	15	5	2	0.605446
10	9	1	1	0.396426
10	9	1	2	0.700458
10	9	2	1	0.293733
10	9	2	2	0.394518
10	9	3	1	0.304119
10	9	3	2	0.375426
10	9	4	1	0.293733
10	9	4	2	0.394518
10	9	5	1	0.449973
10	9	5	2	0.878115
10	4	1	1	0.409180
10	4	1	2	0.741915
10	4	2	1	0.286163
10	4	2	2	0.374817
10	4	3	1	0.260803
10	4	3	2	0.317588
10	4	4	1	0.257070
10	4	4	2	0.306247
10	4	5	1	0.526181
10	4	5	2	1.144518
10	13	1	1	0.372215
10	13	1	2	0.623462
10	13	2	1	0.255055
10	13	2	2	0.302151
10	13	3	1	0.326472
10	13	3	2	0.399619
10	13	4	1	0.246187
10	13	4	2	0.287745
10	13	5	1	0.378104
10	13	5	2	0.641971
11	5	1	1	0.360770
11	5	1	2	0.587924
11	5	2	1	0.279143
11	5	2	2	0.357106
11	5	3	1	0.287219
11	5	3	2	0.355115
11	5	4	1	0.293733
11	5	4	2	0.394518
11	5	5	1	0.551002
11	5	5	2	1.234039
11	8	1	1	0.360770
11	8	1	2	0.587924
11	8	2	1	0.246131
11	8	2	2	0.288274
11	8	3	1	0.264683
11	8	3	2	0.323750
11	8	4	1	0.248895
11	8	4	2	0.290842
11	8	5	1	0.526181
11	8	5	2	1.144518
11	6	1	1	0.415716
11	6	1	2	0.763383
11	6	2	1	0.275847
11	6	2	2	0.348998
11	6	3	1	0.295088
11	6	3	2	0.364835
11	6	4	1	0.310446
11	6	4	2	0.439877
11	6	5	1	0.551002
11	6	5	2	1.234039
11	1	1	1	0.366437
11	1	1	2	0.605446
11	1	2	1	0.257070
11	1	2	2	0.306247
11	1	3	1	0.269185
11	1	3	2	0.330552
11	1	4	1	0.248895
11	1	4	2	0.290842
11	1	5	1	0.435957
11	1	5	2	0.830744
11	7	1	1	0.518107
11	7	1	2	1.115662
11	7	2	1	0.248895
11	7	2	2	0.290842
11	7	3	1	0.456768
11	7	3	2	0.513825
11	7	4	1	0.286163
11	7	4	2	0.374817
11	7	5	1	0.542629
11	7	5	2	1.203706
11	14	1	1	0.360770
11	14	1	2	0.587924
11	14	2	1	0.297717
11	14	2	2	0.405114
11	14	3	1	0.356456
11	14	3	2	0.428864
11	14	4	1	0.259262
11	14	4	2	0.310848
11	14	5	1	0.534355
11	14	5	2	1.173866
11	10	1	1	0.360770
11	10	1	2	0.587924
11	10	2	1	0.247870
11	10	2	2	0.289292
11	10	3	1	0.274382
11	10	3	2	0.338023
11	10	4	1	0.282583
11	10	4	2	0.365713
11	10	5	1	0.422358
11	10	5	2	0.785344
11	3	1	1	0.542629
11	3	1	2	1.203706
11	3	2	1	0.289880
11	3	2	2	0.384419
11	3	3	1	0.304119
11	3	3	2	0.375426
11	3	4	1	0.246504
11	3	4	2	0.287741
11	3	5	1	0.409180
11	3	5	2	0.741915
11	12	1	1	0.502258
11	12	1	2	1.059427
11	12	2	1	0.266846
11	12	2	2	0.327669
11	12	3	1	0.456768
11	12	3	2	0.513825
11	12	4	1	0.272696
11	12	4	2	0.341388
11	12	5	1	0.518107
11	12	5	2	1.115662
11	2	1	1	0.366437
11	2	1	2	0.605446
11	2	2	1	0.253223
11	2	2	2	0.298561
11	2	3	1	0.280358
11	2	3	2	0.346196
11	2	4	1	0.247870
11	2	4	2	0.289292
11	2	5	1	0.390210
11	2	5	2	0.680469
11	15	1	1	0.502258
11	15	1	2	1.059427
11	15	2	1	0.251580
11	15	2	2	0.295478
11	15	3	1	0.280358
11	15	3	2	0.346196
11	15	4	1	0.259262
11	15	4	2	0.310848
11	15	5	1	0.442913
11	15	5	2	0.854183
11	9	1	1	0.366437
11	9	1	2	0.605446
11	9	2	1	0.246870
11	9	2	2	0.290921
11	9	3	1	0.397708
11	9	3	2	0.465383
11	9	4	1	0.261626
11	9	4	2	0.315953
11	9	5	1	0.390210
11	9	5	2	0.680469
11	4	1	1	0.366437
11	4	1	2	0.605446
11	4	2	1	0.247702
11	4	2	2	0.293050
11	4	3	1	0.456768
11	4	3	2	0.513825
11	4	4	1	0.246353
11	4	4	2	0.289331
11	4	5	1	0.378104
11	4	5	2	0.641971
11	13	1	1	0.576712
11	13	1	2	1.327989
11	13	2	1	0.246187
11	13	2	2	0.287745
11	13	3	1	0.456768
11	13	3	2	0.513825
11	13	4	1	0.248870
11	13	4	2	0.295725
11	13	5	1	0.442913
11	13	5	2	0.854183
12	2	1	1	0.534355
12	2	1	2	1.173866
12	2	2	1	0.282583
12	2	2	2	0.365713
12	2	3	1	0.257483
12	2	3	2	0.312044
12	2	4	1	0.247870
12	2	4	2	0.289292
12	2	5	1	0.396426
12	2	5	2	0.700458
12	7	1	1	0.390210
12	7	1	2	0.680469
12	7	2	1	0.246504
12	7	2	2	0.287741
12	7	3	1	0.254672
12	7	3	2	0.307099
12	7	4	1	0.248870
12	7	4	2	0.295725
12	7	5	1	0.494484
12	7	5	2	1.032048
12	15	1	1	0.510132
12	15	1	2	1.087298
12	15	2	1	0.246353
12	15	2	2	0.289331
12	15	3	1	0.397708
12	15	3	2	0.465383
12	15	4	1	0.279143
12	15	4	2	0.357106
12	15	5	1	0.360770
12	15	5	2	0.587924
12	8	1	1	0.422358
12	8	1	2	0.785344
12	8	2	1	0.282583
12	8	2	2	0.365713
12	8	3	1	0.250401
12	8	3	2	0.298951
12	8	4	1	0.247870
12	8	4	2	0.289292
12	8	5	1	0.457136
12	8	5	2	0.902539
12	6	1	1	0.502258
12	6	1	2	1.059427
12	6	2	1	0.306076
12	6	2	2	0.427793
12	6	3	1	0.340328
12	6	3	2	0.413505
12	6	4	1	0.306076
12	6	4	2	0.427793
12	6	5	1	0.435957
12	6	5	2	0.830744
12	11	1	1	0.568043
12	11	1	2	1.296180
12	11	2	1	0.293733
12	11	2	2	0.394518
12	11	3	1	0.356456
12	11	3	2	0.428864
12	11	4	1	0.257070
12	11	4	2	0.306247
12	11	5	1	0.372215
12	11	5	2	0.623462
12	1	1	1	0.526181
12	1	1	2	1.144518
12	1	2	1	0.247069
12	1	2	2	0.288257
12	1	3	1	0.274382
12	1	3	2	0.338023
12	1	4	1	0.250135
12	1	4	2	0.292905
12	1	5	1	0.576712
12	1	5	2	1.327989
12	5	1	1	0.559473
12	5	1	2	1.264864
12	5	2	1	0.261626
12	5	2	2	0.315953
12	5	3	1	0.456768
12	5	3	2	0.513825
12	5	4	1	0.247702
12	5	4	2	0.293050
12	5	5	1	0.464402
12	5	5	2	0.927456
12	3	1	1	0.415716
12	3	1	2	0.763383
12	3	2	1	0.261626
12	3	2	2	0.315953
12	3	3	1	0.274382
12	3	3	2	0.338023
12	3	4	1	0.293733
12	3	4	2	0.394518
12	3	5	1	0.429105
12	3	5	2	0.807797
12	14	1	1	0.510132
12	14	1	2	1.087298
12	14	2	1	0.286163
12	14	2	2	0.374817
12	14	3	1	0.280358
12	14	3	2	0.346196
12	14	4	1	0.246353
12	14	4	2	0.289331
12	14	5	1	0.494484
12	14	5	2	1.032048
12	10	1	1	0.402749
12	10	1	2	0.720940
12	10	2	1	0.251580
12	10	2	2	0.295478
12	10	3	1	0.295088
12	10	3	2	0.364835
12	10	4	1	0.272696
12	10	4	2	0.341388
12	10	5	1	0.542629
12	10	5	2	1.203706
12	4	1	1	0.479240
12	4	1	2	0.978767
12	4	2	1	0.255055
12	4	2	2	0.302151
12	4	3	1	0.314502
12	4	3	2	0.386980
12	4	4	1	0.269695
12	4	4	2	0.334278
12	4	5	1	0.409180
12	4	5	2	0.741915
12	13	1	1	0.378104
12	13	1	2	0.641971
12	13	2	1	0.257070
12	13	2	2	0.306247
12	13	3	1	0.280358
12	13	3	2	0.346196
12	13	4	1	0.306076
12	13	4	2	0.427793
12	13	5	1	0.534355
12	13	5	2	1.173866
12	9	1	1	0.384103
12	9	1	2	0.660973
12	9	2	1	0.264155
12	9	2	2	0.321560
12	9	3	1	0.254672
12	9	3	2	0.307099
12	9	4	1	0.266846
12	9	4	2	0.327669
12	9	5	1	0.494484
12	9	5	2	1.032048
13	4	1	1	0.378104
13	4	1	2	0.641971
13	4	2	1	0.272696
13	4	2	2	0.341388
13	4	3	1	0.304119
13	4	3	2	0.375426
13	4	4	1	0.253223
13	4	4	2	0.298561
13	4	5	1	0.442913
13	4	5	2	0.854183
13	12	1	1	0.449973
13	12	1	2	0.878115
13	12	2	1	0.293733
13	12	2	2	0.394518
13	12	3	1	0.264683
13	12	3	2	0.323750
13	12	4	1	0.251580
13	12	4	2	0.295478
13	12	5	1	0.402749
13	12	5	2	0.720940
13	7	1	1	0.384103
13	7	1	2	0.660973
13	7	2	1	0.247870
13	7	2	2	0.289292
13	7	3	1	0.340328
13	7	3	2	0.413505
13	7	4	1	0.247069
13	7	4	2	0.288257
13	7	5	1	0.494484
13	7	5	2	1.032048
13	2	1	1	0.576712
13	2	1	2	1.327989
13	2	2	1	0.301833
13	2	2	2	0.416205
13	2	3	1	0.264683
13	2	3	2	0.323750
13	2	4	1	0.275847
13	2	4	2	0.348998
13	2	5	1	0.409180
13	2	5	2	0.741915
13	15	1	1	0.378104
13	15	1	2	0.641971
13	15	2	1	0.246504
13	15	2	2	0.287741
13	15	3	1	0.456768
13	15	3	2	0.513825
13	15	4	1	0.251580
13	15	4	2	0.295478
13	15	5	1	0.479240
13	15	5	2	0.978767
13	8	1	1	0.415716
13	8	1	2	0.763383
13	8	2	1	0.248895
13	8	2	2	0.290842
13	8	3	1	0.397708
13	8	3	2	0.465383
13	8	4	1	0.275847
13	8	4	2	0.348998
13	8	5	1	0.494484
13	8	5	2	1.032048
13	9	1	1	0.464402
13	9	1	2	0.927456
13	9	2	1	0.251580
13	9	2	2	0.295478
13	9	3	1	0.397708
13	9	3	2	0.465383
13	9	4	1	0.253223
13	9	4	2	0.298561
13	9	5	1	0.471770
13	9	5	2	0.952865
13	6	1	1	0.559473
13	6	1	2	1.264864
13	6	2	1	0.246353
13	6	2	2	0.289331
13	6	3	1	0.269185
13	6	3	2	0.330552
13	6	4	1	0.248870
13	6	4	2	0.295725
13	6	5	1	0.542629
13	6	5	2	1.203706
13	1	1	1	0.494484
13	1	1	2	1.032048
13	1	2	1	0.251580
13	1	2	2	0.295478
13	1	3	1	0.248870
13	1	3	2	0.295725
13	1	4	1	0.269695
13	1	4	2	0.334278
13	1	5	1	0.372215
13	1	5	2	0.623462
13	11	1	1	0.372215
13	11	1	2	0.623462
13	11	2	1	0.282583
13	11	2	2	0.365713
13	11	3	1	0.340328
13	11	3	2	0.413505
13	11	4	1	0.282583
13	11	4	2	0.365713
13	11	5	1	0.502258
13	11	5	2	1.059427
13	5	1	1	0.479240
13	5	1	2	0.978767
13	5	2	1	0.246870
13	5	2	2	0.290921
13	5	3	1	0.397708
13	5	3	2	0.465383
13	5	4	1	0.282583
13	5	4	2	0.365713
13	5	5	1	0.442913
13	5	5	2	0.854183
13	3	1	1	0.384103
13	3	1	2	0.660973
13	3	2	1	0.282583
13	3	2	2	0.365713
13	3	3	1	0.340328
13	3	3	2	0.413505
13	3	4	1	0.266846
13	3	4	2	0.327669
13	3	5	1	0.479240
13	3	5	2	0.978767
13	14	1	1	0.568043
13	14	1	2	1.296180
13	14	2	1	0.275847
13	14	2	2	0.348998
13	14	3	1	0.260803
13	14	3	2	0.317588
13	14	4	1	0.272696
13	14	4	2	0.341388
13	14	5	1	0.551002
13	14	5	2	1.234039
13	10	1	1	0.568043
13	10	1	2	1.296180
13	10	2	1	0.248870
13	10	2	2	0.295725
13	10	3	1	0.375359
13	10	3	2	0.446007
13	10	4	1	0.289880
13	10	4	2	0.384419
13	10	5	1	0.384103
13	10	5	2	0.660973
14	10	1	1	0.396426
14	10	1	2	0.700458
14	10	2	1	0.297717
14	10	2	2	0.405114
14	10	3	1	0.424417
14	10	3	2	0.487653
14	10	4	1	0.247870
14	10	4	2	0.289292
14	10	5	1	0.486811
14	10	5	2	1.005161
14	3	1	1	0.360770
14	3	1	2	0.587924
14	3	2	1	0.264155
14	3	2	2	0.321560
14	3	3	1	0.397708
14	3	3	2	0.465383
14	3	4	1	0.306076
14	3	4	2	0.427793
14	3	5	1	0.510132
14	3	5	2	1.087298
14	5	1	1	0.551002
14	5	1	2	1.234039
14	5	2	1	0.306076
14	5	2	2	0.427793
14	5	3	1	0.456768
14	5	3	2	0.513825
14	5	4	1	0.272696
14	5	4	2	0.341388
14	5	5	1	0.366437
14	5	5	2	0.605446
14	11	1	1	0.435957
14	11	1	2	0.830744
14	11	2	1	0.282583
14	11	2	2	0.365713
14	11	3	1	0.340328
14	11	3	2	0.413505
14	11	4	1	0.279143
14	11	4	2	0.357106
14	11	5	1	0.422358
14	11	5	2	0.785344
14	6	1	1	0.559473
14	6	1	2	1.264864
14	6	2	1	0.269695
14	6	2	2	0.334278
14	6	3	1	0.326472
14	6	3	2	0.399619
14	6	4	1	0.301833
14	6	4	2	0.416205
14	6	5	1	0.415716
14	6	5	2	0.763383
14	1	1	1	0.568043
14	1	1	2	1.296180
14	1	2	1	0.259262
14	1	2	2	0.310848
14	1	3	1	0.326472
14	1	3	2	0.399619
14	1	4	1	0.269695
14	1	4	2	0.334278
14	1	5	1	0.559473
14	1	5	2	1.264864
14	8	1	1	0.559473
14	8	1	2	1.264864
14	8	2	1	0.246353
14	8	2	2	0.289331
14	8	3	1	0.264683
14	8	3	2	0.323750
14	8	4	1	0.282583
14	8	4	2	0.365713
14	8	5	1	0.442913
14	8	5	2	0.854183
14	7	1	1	0.534355
14	7	1	2	1.173866
14	7	2	1	0.248895
14	7	2	2	0.290842
14	7	3	1	0.252324
14	7	3	2	0.302739
14	7	4	1	0.306076
14	7	4	2	0.427793
14	7	5	1	0.409180
14	7	5	2	0.741915
14	12	1	1	0.384103
14	12	1	2	0.660973
14	12	2	1	0.248870
14	12	2	2	0.295725
14	12	3	1	0.424417
14	12	3	2	0.487653
14	12	4	1	0.248895
14	12	4	2	0.290842
14	12	5	1	0.479240
14	12	5	2	0.978767
14	2	1	1	0.396426
14	2	1	2	0.700458
14	2	2	1	0.250135
14	2	2	2	0.292905
14	2	3	1	0.260803
14	2	3	2	0.317588
14	2	4	1	0.297717
14	2	4	2	0.405114
14	2	5	1	0.372215
14	2	5	2	0.623462
14	15	1	1	0.396426
14	15	1	2	0.700458
14	15	2	1	0.246504
14	15	2	2	0.287741
14	15	3	1	0.248870
14	15	3	2	0.295725
14	15	4	1	0.272696
14	15	4	2	0.341388
14	15	5	1	0.360770
14	15	5	2	0.587924
14	9	1	1	0.542629
14	9	1	2	1.203706
14	9	2	1	0.251580
14	9	2	2	0.295478
14	9	3	1	0.456768
14	9	3	2	0.513825
14	9	4	1	0.255055
14	9	4	2	0.302151
14	9	5	1	0.502258
14	9	5	2	1.059427
14	4	1	1	0.390210
14	4	1	2	0.680469
14	4	2	1	0.261626
14	4	2	2	0.315953
14	4	3	1	0.257483
14	4	3	2	0.312044
14	4	4	1	0.297717
14	4	4	2	0.405114
14	4	5	1	0.384103
14	4	5	2	0.660973
14	13	1	1	0.372215
14	13	1	2	0.623462
14	13	2	1	0.246131
14	13	2	2	0.288274
14	13	3	1	0.248870
14	13	3	2	0.295725
14	13	4	1	0.264155
14	13	4	2	0.321560
14	13	5	1	0.384103
14	13	5	2	0.660973
15	2	1	1	0.494484
15	2	1	2	1.032048
15	2	2	1	0.301833
15	2	2	2	0.416205
15	2	3	1	0.456768
15	2	3	2	0.513825
15	2	4	1	0.257070
15	2	4	2	0.306247
15	2	5	1	0.372215
15	2	5	2	0.623462
15	12	1	1	0.442913
15	12	1	2	0.854183
15	12	2	1	0.255055
15	12	2	2	0.302151
15	12	3	1	0.397708
15	12	3	2	0.465383
15	12	4	1	0.272696
15	12	4	2	0.341388
15	12	5	1	0.457136
15	12	5	2	0.902539
15	7	1	1	0.568043
15	7	1	2	1.296180
15	7	2	1	0.293733
15	7	2	2	0.394518
15	7	3	1	0.257483
15	7	3	2	0.312044
15	7	4	1	0.255055
15	7	4	2	0.302151
15	7	5	1	0.422358
15	7	5	2	0.785344
15	8	1	1	0.494484
15	8	1	2	1.032048
15	8	2	1	0.286163
15	8	2	2	0.374817
15	8	3	1	0.287219
15	8	3	2	0.355115
15	8	4	1	0.269695
15	8	4	2	0.334278
15	8	5	1	0.402749
15	8	5	2	0.720940
15	6	1	1	0.422358
15	6	1	2	0.785344
15	6	2	1	0.289880
15	6	2	2	0.384419
15	6	3	1	0.304119
15	6	3	2	0.375426
15	6	4	1	0.247870
15	6	4	2	0.289292
15	6	5	1	0.510132
15	6	5	2	1.087298
15	11	1	1	0.402749
15	11	1	2	0.720940
15	11	2	1	0.306076
15	11	2	2	0.427793
15	11	3	1	0.287219
15	11	3	2	0.355115
15	11	4	1	0.250135
15	11	4	2	0.292905
15	11	5	1	0.429105
15	11	5	2	0.807797
15	5	1	1	0.384103
15	5	1	2	0.660973
15	5	2	1	0.247870
15	5	2	2	0.289292
15	5	3	1	0.248870
15	5	3	2	0.295725
15	5	4	1	0.247870
15	5	4	2	0.289292
15	5	5	1	0.502258
15	5	5	2	1.059427
15	1	1	1	0.534355
15	1	1	2	1.173866
15	1	2	1	0.246131
15	1	2	2	0.288274
15	1	3	1	0.250401
15	1	3	2	0.298951
15	1	4	1	0.251580
15	1	4	2	0.295478
15	1	5	1	0.494484
15	1	5	2	1.032048
15	10	1	1	0.464402
15	10	1	2	0.927456
15	10	2	1	0.253223
15	10	2	2	0.298561
15	10	3	1	0.274382
15	10	3	2	0.338023
15	10	4	1	0.246353
15	10	4	2	0.289331
15	10	5	1	0.429105
15	10	5	2	0.807797
15	14	1	1	0.494484
15	14	1	2	1.032048
15	14	2	1	0.275847
15	14	2	2	0.348998
15	14	3	1	0.287219
15	14	3	2	0.355115
15	14	4	1	0.257070
15	14	4	2	0.306247
15	14	5	1	0.372215
15	14	5	2	0.623462
15	3	1	1	0.442913
15	3	1	2	0.854183
15	3	2	1	0.275847
15	3	2	2	0.348998
15	3	3	1	0.456768
15	3	3	2	0.513825
15	3	4	1	0.247870
15	3	4	2	0.289292
15	3	5	1	0.409180
15	3	5	2	0.741915
15	4	1	1	0.435957
15	4	1	2	0.830744
15	4	2	1	0.282583
15	4	2	2	0.365713
15	4	3	1	0.356456
15	4	3	2	0.428864
15	4	4	1	0.279143
15	4	4	2	0.357106
15	4	5	1	0.542629
15	4	5	2	1.203706
15	13	1	1	0.422358
15	13	1	2	0.785344
15	13	2	1	0.246504
15	13	2	2	0.287741
15	13	3	1	0.248870
15	13	3	2	0.295725
15	13	4	1	0.297717
15	13	4	2	0.405114
15	13	5	1	0.360770
15	13	5	2	0.587924
15	9	1	1	0.568043
15	9	1	2	1.296180
15	9	2	1	0.289880
15	9	2	2	0.384419
15	9	3	1	0.375359
15	9	3	2	0.446007
15	9	4	1	0.247702
15	9	4	2	0.293050
15	9	5	1	0.518107
15	9	5	2	1.115662
0	9	1	1	0.435957
0	9	1	2	0.830744
0	9	2	1	0.293733
0	9	2	2	0.394518
0	9	3	1	0.375359
0	9	3	2	0.446007
0	9	4	1	0.259262
0	9	4	2	0.310848
0	9	5	1	0.510132
0	9	5	2	1.087298
0	7	1	1	0.402749
0	7	1	2	0.720940
0	7	2	1	0.272696
0	7	2	2	0.341388
0	7	3	1	0.304119
0	7	3	2	0.375426
0	7	4	1	0.310446
0	7	4	2	0.439877
0	7	5	1	0.568043
0	7	5	2	1.296180
0	1	1	1	0.402749
0	1	1	2	0.720940
0	1	2	1	0.266846
0	1	2	2	0.327669
0	1	3	1	0.287219
0	1	3	2	0.355115
0	1	4	1	0.306076
0	1	4	2	0.427793
0	1	5	1	0.422358
0	1	5	2	0.785344
0	12	1	1	0.502258
0	12	1	2	1.059427
0	12	2	1	0.246353
0	12	2	2	0.289331
0	12	3	1	0.356456
0	12	3	2	0.428864
0	12	4	1	0.272696
0	12	4	2	0.341388
0	12	5	1	0.366437
0	12	5	2	0.605446
0	8	1	1	0.422358
0	8	1	2	0.785344
0	8	2	1	0.246187
0	8	2	2	0.287745
0	8	3	1	0.375359
0	8	3	2	0.446007
0	8	4	1	0.293733
0	8	4	2	0.394518
0	8	5	1	0.442913
0	8	5	2	0.854183
0	6	1	1	0.415716
0	6	1	2	0.763383
0	6	2	1	0.247702
0	6	2	2	0.293050
0	6	3	1	0.260803
0	6	3	2	0.317588
0	6	4	1	0.247702
0	6	4	2	0.293050
0	6	5	1	0.449973
0	6	5	2	0.878115
0	2	1	1	0.479240
0	2	1	2	0.978767
0	2	2	1	0.250135
0	2	2	2	0.292905
0	2	3	1	0.264683
0	2	3	2	0.323750
0	2	4	1	0.297717
0	2	4	2	0.405114
0	2	5	1	0.366437
0	2	5	2	0.605446
0	3	1	1	0.576712
0	3	1	2	1.327989
0	3	2	1	0.269695
0	3	2	2	0.334278
0	3	3	1	0.254672
0	3	3	2	0.307099
0	3	4	1	0.297717
0	3	4	2	0.405114
0	3	5	1	0.551002
0	3	5	2	1.234039
0	5	1	1	0.576712
0	5	1	2	1.327989
0	5	2	1	0.266846
0	5	2	2	0.327669
0	5	3	1	0.257483
0	5	3	2	0.312044
0	5	4	1	0.269695
0	5	4	2	0.334278
0	5	5	1	0.409180
0	5	5	2	0.741915
0	11	1	1	0.449973
0	11	1	2	0.878115
0	11	2	1	0.253223
0	11	2	2	0.298561
0	11	3	1	0.314502
0	11	3	2	0.386980
0	11	4	1	0.247870
0	11	4	2	0.289292
0	11	5	1	0.559473
0	11	5	2	1.264864
0	15	1	1	0.542629
0	15	1	2	1.203706
0	15	2	1	0.272696
0	15	2	2	0.341388
0	15	3	1	0.326472
0	15	3	2	0.399619
0	15	4	1	0.286163
0	15	4	2	0.374817
0	15	5	1	0.390210
0	15	5	2	0.680469
0	13	1	1	0.457136
0	13	1	2	0.902539
0	13	2	1	0.301833
0	13	2	2	0.416205
0	13	3	1	0.287219
0	13	3	2	0.355115
0	13	4	1	0.247870
0	13	4	2	0.289292
0	13	5	1	0.390210
0	13	5	2	0.680469
0	14	1	1	0.486811
0	14	1	2	1.005161
0	14	2	1	0.246353
0	14	2	2	0.289331
0	14	3	1	0.424417
0	14	3	2	0.487653
0	14	4	1	0.264155
0	14	4	2	0.321560
0	14	5	1	0.442913
0	14	5	2	0.854183
0	4	1	1	0.551002
0	4	1	2	1.234039
0	4	2	1	0.286163
0	4	2	2	0.374817
0	4	3	1	0.356456
0	4	3	2	0.428864
0	4	4	1	0.264155
0	4	4	2	0.321560
0	4	5	1	0.457136
0	4	5	2	0.902539
0	10	1	1	0.402749
0	10	1	2	0.720940
0	10	2	1	0.272696
0	10	2	2	0.341388
0	10	3	1	0.280358
0	10	3	2	0.346196
0	10	4	1	0.247702
0	10	4	2	0.293050
0	10	5	1	0.551002
0	10	5	2	1.234039
9	0	1	1	0.471770
9	0	1	2	0.952865
9	0	2	1	0.269695
9	0	2	2	0.334278
9	0	3	1	0.274382
9	0	3	2	0.338023
9	0	4	1	0.310446
9	0	4	2	0.439877
9	0	5	1	0.409180
9	0	5	2	0.741915
7	0	1	1	0.471770
7	0	1	2	0.952865
7	0	2	1	0.247702
7	0	2	2	0.293050
7	0	3	1	0.456768
7	0	3	2	0.513825
7	0	4	1	0.282583
7	0	4	2	0.365713
7	0	5	1	0.479240
7	0	5	2	0.978767
1	0	1	1	0.551002
1	0	1	2	1.234039
1	0	2	1	0.310446
1	0	2	2	0.439877
1	0	3	1	0.248870
1	0	3	2	0.295725
1	0	4	1	0.272696
1	0	4	2	0.341388
1	0	5	1	0.372215
1	0	5	2	0.623462
12	0	1	1	0.526181
12	0	1	2	1.144518
12	0	2	1	0.246131
12	0	2	2	0.288274
12	0	3	1	0.269185
12	0	3	2	0.330552
12	0	4	1	0.310446
12	0	4	2	0.439877
12	0	5	1	0.526181
12	0	5	2	1.144518
8	0	1	1	0.526181
8	0	1	2	1.144518
8	0	2	1	0.286163
8	0	2	2	0.374817
8	0	3	1	0.252324
8	0	3	2	0.302739
8	0	4	1	0.289880
8	0	4	2	0.384419
8	0	5	1	0.396426
8	0	5	2	0.700458
6	0	1	1	0.422358
6	0	1	2	0.785344
6	0	2	1	0.279143
6	0	2	2	0.357106
6	0	3	1	0.260803
6	0	3	2	0.317588
6	0	4	1	0.246870
6	0	4	2	0.290921
6	0	5	1	0.429105
6	0	5	2	0.807797
2	0	1	1	0.518107
2	0	1	2	1.115662
2	0	2	1	0.269695
2	0	2	2	0.334278
2	0	3	1	0.269185
2	0	3	2	0.330552
2	0	4	1	0.246131
2	0	4	2	0.288274
2	0	5	1	0.435957
2	0	5	2	0.830744
3	0	1	1	0.366437
3	0	1	2	0.605446
3	0	2	1	0.279143
3	0	2	2	0.357106
3	0	3	1	0.274382
3	0	3	2	0.338023
3	0	4	1	0.247870
3	0	4	2	0.289292
3	0	5	1	0.435957
3	0	5	2	0.830744
5	0	1	1	0.429105
5	0	1	2	0.807797
5	0	2	1	0.264155
5	0	2	2	0.321560
5	0	3	1	0.456768
5	0	3	2	0.513825
5	0	4	1	0.246131
5	0	4	2	0.288274
5	0	5	1	0.422358
5	0	5	2	0.785344
11	0	1	1	0.384103
11	0	1	2	0.660973
11	0	2	1	0.246870
11	0	2	2	0.290921
11	0	3	1	0.250401
11	0	3	2	0.298951
11	0	4	1	0.310446
11	0	4	2	0.439877
11	0	5	1	0.568043
11	0	5	2	1.296180
15	0	1	1	0.422358
15	0	1	2	0.785344
15	0	2	1	0.259262
15	0	2	2	0.310848
15	0	3	1	0.397708
15	0	3	2	0.465383
15	0	4	1	0.306076
15	0	4	2	0.427793
15	0	5	1	0.510132
15	0	5	2	1.087298
13	0	1	1	0.464402
13	0	1	2	0.927456
13	0	2	1	0.248895
13	0	2	2	0.290842
13	0	3	1	0.397708
13	0	3	2	0.465383
13	0	4	1	0.282583
13	0	4	2	0.365713
13	0	5	1	0.435957
13	0	5	2	0.830744
14	0	1	1	0.360770
14	0	1	2	0.587924
14	0	2	1	0.282583
14	0	2	2	0.365713
14	0	3	1	0.252324
14	0	3	2	0.302739
14	0	4	1	0.306076
14	0	4	2	0.427793
14	0	5	1	0.396426
14	0	5	2	0.700458
4	0	1	1	0.534355
4	0	1	2	1.173866
4	0	2	1	0.264155
4	0	2	2	0.321560
4	0	3	1	0.248870
4	0	3	2	0.295725
4	0	4	1	0.250135
4	0	4	2	0.292905
4	0	5	1	0.494484
4	0	5	2	1.032048
10	0	1	1	0.360770
10	0	1	2	0.587924
10	0	2	1	0.279143
10	0	2	2	0.357106
10	0	3	1	0.375359
10	0	3	2	0.446007
10	0	4	1	0.266846
10	0	4	2	0.327669
10	0	5	1	0.409180
10	0	5	2	0.741915
;
