param:	TIME:	Ts	Te:=
1	0   108
2	108   216
3	216   324
4	324   432
5	432   540
;
param:	NODE:	r	st	WS	WE:=
0	0	0	0	540
1	1035	11	25	368
2	396	4	53	376
3	2109	23	14	366
4	477	5	13	344
5	645	7	69	377
6	1224	14	48	370
7	1875	21	84	430
8	390	4	60	396
9	636	7	60	371
10	2118	24	66	415
11	789	9	89	399
12	2310	26	53	381
13	1275	14	56	389
14	1719	19	44	372
15	378	4	71	381
;
param: VEHICLE:	Ch	Lh	Ph	ch:=
1	10000	150	2.2384e-005	2.66374
2	15000	200	1.79961e-005	2.66374
3	10000	150	2.2384e-005	2.66374
;
param q_real:=3;
param	nth:=14;
param	nth1:=15;
param:	ARC:	D:=
1	5	13.230000
1	12	18.900000
1	9	23.830000
1	8	27.469999
1	15	30.160000
1	7	31.030001
1	2	37.009998
1	4	45.200001
1	11	52.799999
1	3	58.040001
1	13	58.060001
1	10	59.310001
1	14	66.059998
1	6	78.831001
2	4	18.590000
2	12	22.719999
2	3	24.879999
2	8	28.100000
2	1	36.919998
2	5	43.669998
2	11	44.009998
2	15	49.430000
2	7	53.320000
2	6	58.349998
2	9	58.730000
2	14	74.120003
2	13	93.029999
2	10	94.809998
3	2	24.879999
3	4	34.060001
3	6	41.779999
3	12	43.790001
3	8	51.310001
3	11	51.410000
3	1	57.990002
3	5	64.739998
3	7	65.570000
3	15	72.690002
3	9	79.800003
3	14	92.419998
3	13	114.489998
3	10	116.070999
4	2	18.620001
4	8	27.570000
4	12	32.950001
4	3	34.259998
4	1	45.080002
4	15	46.639999
4	5	52.169998
4	14	59.820000
4	11	60.709999
4	9	62.650002
4	7	64.040001
4	6	73.570000
4	10	98.060997
4	13	101.580002
5	1	13.340000
5	7	21.180000
5	12	22.820000
5	9	34.360001
5	8	38.970001
5	15	43.209999
5	2	43.889999
5	11	48.200001
5	13	51.320000
5	4	52.320000
5	10	61.880001
5	3	64.910004
5	6	77.301003
5	14	78.599998
6	11	39.299999
6	3	41.790001
6	2	58.130001
6	12	61.889999
6	7	70.610001
6	4	73.580002
6	5	77.560997
6	1	79.861000
6	8	81.680000
6	15	99.940002
6	9	103.060997
6	13	124.010002
6	14	127.699997
6	10	134.690994
7	5	21.059999
7	1	31.020000
7	12	32.360001
7	11	35.080002
7	8	51.880001
7	9	52.959999
7	2	53.540001
7	13	54.669998
7	15	60.959999
7	4	63.470001
7	3	65.660004
7	6	70.510002
7	10	82.000000
7	14	96.360001
8	15	23.650000
8	1	26.920000
8	4	27.580000
8	12	27.600000
8	2	28.250000
8	5	39.119999
8	9	41.490002
8	14	46.240002
8	3	51.259998
8	7	52.080002
8	11	63.259998
8	10	76.570999
8	6	81.940002
8	13	84.510002
9	1	23.590000
9	15	32.040001
9	5	34.380001
9	10	38.590000
9	8	41.349998
9	12	42.139999
9	13	49.430000
9	14	52.290001
9	7	53.169998
9	2	58.950001
9	4	62.570000
9	11	76.040001
9	3	79.980003
9	6	102.070999
10	9	38.869999
10	13	41.439999
10	15	57.490002
10	1	59.320000
10	5	62.099998
10	14	65.930000
10	8	75.810997
10	12	77.349998
10	7	82.339996
10	2	94.890999
10	4	97.341003
10	11	108.650002
10	3	115.920998
10	6	134.671005
11	7	35.290001
11	6	39.549999
11	12	40.209999
11	2	43.880001
11	5	48.270000
11	3	51.400002
11	1	53.889999
11	4	60.549999
11	8	64.059998
11	15	76.779999
11	9	77.089996
11	13	87.839996
11	10	108.870003
11	14	109.169998
12	1	19.010000
12	2	22.430000
12	5	22.660000
12	8	27.059999
12	4	32.360001
12	7	32.639999
12	11	39.349998
12	15	41.900002
12	9	42.209999
12	3	43.450001
12	6	61.980000
12	13	72.019997
12	14	72.650002
12	10	76.980003
13	10	41.330002
13	9	49.389999
13	5	51.320000
13	7	54.709999
13	1	57.950001
13	12	72.120003
13	15	79.209999
13	8	84.839996
13	11	87.769997
13	2	93.190002
13	14	97.349998
13	4	101.750000
13	3	114.620003
13	6	124.239998
14	15	36.380001
14	8	46.110001
14	9	52.389999
14	4	60.240002
14	1	65.580002
14	10	65.680000
14	12	72.709999
14	2	74.180000
14	5	78.440002
14	3	92.860001
14	7	96.410004
14	13	96.459999
14	11	108.260002
14	6	127.870003
15	8	23.590000
15	1	29.790001
15	9	32.119999
15	14	36.410000
15	12	42.169998
15	5	43.020000
15	4	46.700001
15	2	49.540001
15	10	57.590000
15	7	60.820000
15	3	72.730003
15	11	76.070000
15	13	79.320000
15	6	100.269997
0	4	7.950000
0	2	13.430000
0	8	19.840000
0	12	25.360001
0	3	34.340000
0	1	37.349998
0	15	42.959999
0	5	44.439999
0	9	54.919998
0	11	55.520000
0	7	56.450001
0	14	65.849998
0	6	69.860001
0	10	90.331001
0	13	93.830002
4	0	7.970000
2	0	13.490000
8	0	19.820000
12	0	24.860001
3	0	33.619999
1	0	37.439999
15	0	42.990002
5	0	44.560001
9	0	54.810001
11	0	55.450001
7	0	55.970001
14	0	65.750000
6	0	69.699997
10	0	89.581001
13	0	93.989998
;
param:	v:=
1	5	1	97
1	5	2	30
1	5	3	21
1	5	4	57
1	5	5	99
1	12	1	86
1	12	2	59
1	12	3	10
1	12	4	60
1	12	5	72
1	9	1	78
1	9	2	57
1	9	3	21
1	9	4	41
1	9	5	89
1	8	1	74
1	8	2	47
1	8	3	29
1	8	4	48
1	8	5	100
1	15	1	87
1	15	2	44
1	15	3	14
1	15	4	36
1	15	5	78
1	7	1	75
1	7	2	41
1	7	3	12
1	7	4	35
1	7	5	96
1	2	1	85
1	2	2	51
1	2	3	14
1	2	4	48
1	2	5	89
1	4	1	74
1	4	2	60
1	4	3	20
1	4	4	36
1	4	5	96
1	11	1	72
1	11	2	38
1	11	3	24
1	11	4	46
1	11	5	75
1	3	1	95
1	3	2	41
1	3	3	14
1	3	4	44
1	3	5	92
1	13	1	77
1	13	2	58
1	13	3	24
1	13	4	48
1	13	5	75
1	10	1	88
1	10	2	55
1	10	3	13
1	10	4	31
1	10	5	93
1	14	1	77
1	14	2	42
1	14	3	11
1	14	4	38
1	14	5	81
1	6	1	82
1	6	2	40
1	6	3	16
1	6	4	30
1	6	5	94
2	4	1	82
2	4	2	39
2	4	3	13
2	4	4	57
2	4	5	100
2	12	1	93
2	12	2	59
2	12	3	23
2	12	4	44
2	12	5	97
2	3	1	84
2	3	2	51
2	3	3	10
2	3	4	57
2	3	5	77
2	8	1	82
2	8	2	41
2	8	3	26
2	8	4	32
2	8	5	90
2	1	1	88
2	1	2	48
2	1	3	20
2	1	4	58
2	1	5	76
2	5	1	92
2	5	2	51
2	5	3	27
2	5	4	59
2	5	5	88
2	11	1	71
2	11	2	35
2	11	3	26
2	11	4	53
2	11	5	97
2	15	1	74
2	15	2	60
2	15	3	30
2	15	4	43
2	15	5	92
2	7	1	87
2	7	2	46
2	7	3	30
2	7	4	47
2	7	5	86
2	6	1	96
2	6	2	45
2	6	3	24
2	6	4	48
2	6	5	97
2	9	1	86
2	9	2	48
2	9	3	26
2	9	4	48
2	9	5	72
2	14	1	81
2	14	2	35
2	14	3	10
2	14	4	49
2	14	5	91
2	13	1	98
2	13	2	51
2	13	3	25
2	13	4	32
2	13	5	79
2	10	1	94
2	10	2	41
2	10	3	23
2	10	4	55
2	10	5	83
3	2	1	84
3	2	2	40
3	2	3	19
3	2	4	50
3	2	5	86
3	4	1	94
3	4	2	54
3	4	3	25
3	4	4	36
3	4	5	86
3	6	1	85
3	6	2	42
3	6	3	23
3	6	4	36
3	6	5	78
3	12	1	77
3	12	2	49
3	12	3	24
3	12	4	35
3	12	5	77
3	8	1	86
3	8	2	51
3	8	3	13
3	8	4	31
3	8	5	87
3	11	1	99
3	11	2	46
3	11	3	20
3	11	4	51
3	11	5	73
3	1	1	92
3	1	2	35
3	1	3	14
3	1	4	33
3	1	5	83
3	5	1	99
3	5	2	44
3	5	3	18
3	5	4	32
3	5	5	88
3	7	1	99
3	7	2	32
3	7	3	19
3	7	4	42
3	7	5	82
3	15	1	79
3	15	2	53
3	15	3	18
3	15	4	55
3	15	5	84
3	9	1	81
3	9	2	33
3	9	3	30
3	9	4	59
3	9	5	97
3	14	1	82
3	14	2	35
3	14	3	27
3	14	4	32
3	14	5	84
3	13	1	81
3	13	2	48
3	13	3	26
3	13	4	60
3	13	5	79
3	10	1	78
3	10	2	60
3	10	3	18
3	10	4	57
3	10	5	99
4	2	1	82
4	2	2	46
4	2	3	29
4	2	4	43
4	2	5	85
4	8	1	70
4	8	2	38
4	8	3	14
4	8	4	42
4	8	5	83
4	12	1	74
4	12	2	55
4	12	3	30
4	12	4	58
4	12	5	83
4	3	1	74
4	3	2	50
4	3	3	26
4	3	4	39
4	3	5	78
4	1	1	80
4	1	2	32
4	1	3	20
4	1	4	39
4	1	5	78
4	15	1	92
4	15	2	41
4	15	3	27
4	15	4	45
4	15	5	94
4	5	1	99
4	5	2	40
4	5	3	24
4	5	4	31
4	5	5	88
4	14	1	98
4	14	2	32
4	14	3	12
4	14	4	43
4	14	5	78
4	11	1	96
4	11	2	32
4	11	3	29
4	11	4	59
4	11	5	75
4	9	1	78
4	9	2	37
4	9	3	13
4	9	4	33
4	9	5	96
4	7	1	76
4	7	2	35
4	7	3	17
4	7	4	31
4	7	5	85
4	6	1	90
4	6	2	34
4	6	3	24
4	6	4	54
4	6	5	83
4	10	1	71
4	10	2	30
4	10	3	22
4	10	4	43
4	10	5	70
4	13	1	72
4	13	2	40
4	13	3	23
4	13	4	39
4	13	5	78
5	1	1	70
5	1	2	59
5	1	3	29
5	1	4	47
5	1	5	80
5	7	1	87
5	7	2	32
5	7	3	20
5	7	4	41
5	7	5	72
5	12	1	80
5	12	2	40
5	12	3	30
5	12	4	32
5	12	5	78
5	9	1	85
5	9	2	56
5	9	3	18
5	9	4	44
5	9	5	85
5	8	1	78
5	8	2	57
5	8	3	26
5	8	4	51
5	8	5	81
5	15	1	92
5	15	2	31
5	15	3	16
5	15	4	52
5	15	5	99
5	2	1	79
5	2	2	50
5	2	3	21
5	2	4	38
5	2	5	93
5	11	1	93
5	11	2	37
5	11	3	12
5	11	4	47
5	11	5	77
5	13	1	100
5	13	2	52
5	13	3	12
5	13	4	34
5	13	5	70
5	4	1	76
5	4	2	47
5	4	3	28
5	4	4	47
5	4	5	97
5	10	1	90
5	10	2	35
5	10	3	29
5	10	4	55
5	10	5	76
5	3	1	85
5	3	2	41
5	3	3	20
5	3	4	59
5	3	5	73
5	6	1	90
5	6	2	33
5	6	3	23
5	6	4	60
5	6	5	78
5	14	1	84
5	14	2	46
5	14	3	17
5	14	4	41
5	14	5	100
6	11	1	97
6	11	2	33
6	11	3	19
6	11	4	53
6	11	5	70
6	3	1	79
6	3	2	46
6	3	3	11
6	3	4	38
6	3	5	76
6	2	1	85
6	2	2	47
6	2	3	29
6	2	4	34
6	2	5	91
6	12	1	82
6	12	2	46
6	12	3	26
6	12	4	43
6	12	5	92
6	7	1	84
6	7	2	46
6	7	3	25
6	7	4	55
6	7	5	90
6	4	1	74
6	4	2	31
6	4	3	26
6	4	4	60
6	4	5	90
6	5	1	86
6	5	2	56
6	5	3	25
6	5	4	35
6	5	5	97
6	1	1	91
6	1	2	58
6	1	3	12
6	1	4	41
6	1	5	84
6	8	1	88
6	8	2	60
6	8	3	17
6	8	4	51
6	8	5	72
6	15	1	98
6	15	2	47
6	15	3	30
6	15	4	53
6	15	5	87
6	9	1	82
6	9	2	46
6	9	3	20
6	9	4	51
6	9	5	71
6	13	1	99
6	13	2	48
6	13	3	11
6	13	4	41
6	13	5	77
6	14	1	91
6	14	2	38
6	14	3	14
6	14	4	39
6	14	5	93
6	10	1	85
6	10	2	49
6	10	3	25
6	10	4	56
6	10	5	70
7	5	1	98
7	5	2	40
7	5	3	20
7	5	4	36
7	5	5	82
7	1	1	82
7	1	2	49
7	1	3	20
7	1	4	42
7	1	5	89
7	12	1	81
7	12	2	39
7	12	3	21
7	12	4	33
7	12	5	92
7	11	1	96
7	11	2	55
7	11	3	13
7	11	4	54
7	11	5	83
7	8	1	77
7	8	2	49
7	8	3	10
7	8	4	50
7	8	5	96
7	9	1	100
7	9	2	39
7	9	3	22
7	9	4	44
7	9	5	100
7	2	1	97
7	2	2	42
7	2	3	21
7	2	4	56
7	2	5	86
7	13	1	84
7	13	2	47
7	13	3	19
7	13	4	53
7	13	5	92
7	15	1	70
7	15	2	51
7	15	3	29
7	15	4	39
7	15	5	92
7	4	1	90
7	4	2	31
7	4	3	12
7	4	4	53
7	4	5	89
7	3	1	92
7	3	2	60
7	3	3	28
7	3	4	43
7	3	5	98
7	6	1	87
7	6	2	52
7	6	3	14
7	6	4	43
7	6	5	99
7	10	1	78
7	10	2	37
7	10	3	23
7	10	4	60
7	10	5	84
7	14	1	97
7	14	2	32
7	14	3	20
7	14	4	58
7	14	5	75
8	15	1	92
8	15	2	49
8	15	3	29
8	15	4	53
8	15	5	70
8	1	1	90
8	1	2	46
8	1	3	29
8	1	4	60
8	1	5	89
8	4	1	84
8	4	2	38
8	4	3	14
8	4	4	50
8	4	5	74
8	12	1	85
8	12	2	60
8	12	3	14
8	12	4	35
8	12	5	75
8	2	1	94
8	2	2	60
8	2	3	15
8	2	4	32
8	2	5	74
8	5	1	95
8	5	2	60
8	5	3	21
8	5	4	49
8	5	5	92
8	9	1	70
8	9	2	42
8	9	3	10
8	9	4	35
8	9	5	87
8	14	1	77
8	14	2	54
8	14	3	30
8	14	4	48
8	14	5	89
8	3	1	87
8	3	2	38
8	3	3	21
8	3	4	31
8	3	5	97
8	7	1	82
8	7	2	42
8	7	3	11
8	7	4	58
8	7	5	74
8	11	1	73
8	11	2	42
8	11	3	20
8	11	4	32
8	11	5	97
8	10	1	100
8	10	2	51
8	10	3	26
8	10	4	35
8	10	5	83
8	6	1	90
8	6	2	45
8	6	3	30
8	6	4	55
8	6	5	100
8	13	1	75
8	13	2	30
8	13	3	19
8	13	4	54
8	13	5	87
9	1	1	99
9	1	2	59
9	1	3	23
9	1	4	47
9	1	5	83
9	15	1	97
9	15	2	30
9	15	3	14
9	15	4	54
9	15	5	72
9	5	1	71
9	5	2	30
9	5	3	13
9	5	4	59
9	5	5	72
9	10	1	84
9	10	2	51
9	10	3	16
9	10	4	47
9	10	5	89
9	8	1	100
9	8	2	52
9	8	3	10
9	8	4	31
9	8	5	97
9	12	1	82
9	12	2	57
9	12	3	14
9	12	4	35
9	12	5	87
9	13	1	79
9	13	2	41
9	13	3	29
9	13	4	35
9	13	5	100
9	14	1	91
9	14	2	40
9	14	3	19
9	14	4	49
9	14	5	72
9	7	1	98
9	7	2	43
9	7	3	20
9	7	4	50
9	7	5	76
9	2	1	93
9	2	2	47
9	2	3	29
9	2	4	36
9	2	5	92
9	4	1	97
9	4	2	35
9	4	3	29
9	4	4	50
9	4	5	88
9	11	1	82
9	11	2	55
9	11	3	25
9	11	4	42
9	11	5	82
9	3	1	78
9	3	2	56
9	3	3	25
9	3	4	55
9	3	5	71
9	6	1	91
9	6	2	33
9	6	3	14
9	6	4	58
9	6	5	96
10	9	1	70
10	9	2	57
10	9	3	12
10	9	4	49
10	9	5	75
10	13	1	82
10	13	2	60
10	13	3	14
10	13	4	36
10	13	5	81
10	15	1	80
10	15	2	48
10	15	3	20
10	15	4	44
10	15	5	97
10	1	1	78
10	1	2	33
10	1	3	15
10	1	4	44
10	1	5	92
10	5	1	73
10	5	2	44
10	5	3	26
10	5	4	58
10	5	5	70
10	14	1	81
10	14	2	50
10	14	3	10
10	14	4	55
10	14	5	98
10	8	1	92
10	8	2	55
10	8	3	13
10	8	4	40
10	8	5	86
10	12	1	81
10	12	2	56
10	12	3	22
10	12	4	53
10	12	5	76
10	7	1	86
10	7	2	56
10	7	3	10
10	7	4	40
10	7	5	79
10	2	1	78
10	2	2	56
10	2	3	23
10	2	4	44
10	2	5	82
10	4	1	96
10	4	2	39
10	4	3	12
10	4	4	30
10	4	5	95
10	11	1	87
10	11	2	44
10	11	3	16
10	11	4	52
10	11	5	95
10	3	1	81
10	3	2	45
10	3	3	16
10	3	4	60
10	3	5	72
10	6	1	97
10	6	2	37
10	6	3	15
10	6	4	42
10	6	5	87
11	7	1	75
11	7	2	53
11	7	3	30
11	7	4	32
11	7	5	79
11	6	1	90
11	6	2	50
11	6	3	16
11	6	4	38
11	6	5	98
11	12	1	78
11	12	2	57
11	12	3	27
11	12	4	44
11	12	5	80
11	2	1	95
11	2	2	38
11	2	3	12
11	2	4	47
11	2	5	80
11	5	1	92
11	5	2	30
11	5	3	10
11	5	4	46
11	5	5	96
11	3	1	83
11	3	2	58
11	3	3	25
11	3	4	56
11	3	5	97
11	1	1	94
11	1	2	51
11	1	3	14
11	1	4	36
11	1	5	84
11	4	1	97
11	4	2	60
11	4	3	23
11	4	4	41
11	4	5	82
11	8	1	75
11	8	2	56
11	8	3	13
11	8	4	58
11	8	5	80
11	15	1	73
11	15	2	52
11	15	3	12
11	15	4	50
11	15	5	84
11	9	1	73
11	9	2	33
11	9	3	19
11	9	4	41
11	9	5	90
11	13	1	93
11	13	2	32
11	13	3	10
11	13	4	35
11	13	5	92
11	10	1	82
11	10	2	58
11	10	3	21
11	10	4	51
11	10	5	93
11	14	1	96
11	14	2	52
11	14	3	10
11	14	4	32
11	14	5	80
12	1	1	93
12	1	2	52
12	1	3	18
12	1	4	36
12	1	5	91
12	2	1	77
12	2	2	54
12	2	3	19
12	2	4	47
12	2	5	78
12	5	1	97
12	5	2	35
12	5	3	14
12	5	4	52
12	5	5	83
12	8	1	87
12	8	2	32
12	8	3	19
12	8	4	39
12	8	5	81
12	4	1	82
12	4	2	32
12	4	3	18
12	4	4	46
12	4	5	74
12	7	1	85
12	7	2	36
12	7	3	14
12	7	4	32
12	7	5	89
12	11	1	73
12	11	2	41
12	11	3	11
12	11	4	60
12	11	5	73
12	15	1	84
12	15	2	59
12	15	3	25
12	15	4	54
12	15	5	82
12	9	1	78
12	9	2	50
12	9	3	12
12	9	4	51
12	9	5	78
12	3	1	84
12	3	2	60
12	3	3	15
12	3	4	46
12	3	5	86
12	6	1	94
12	6	2	40
12	6	3	27
12	6	4	48
12	6	5	73
12	13	1	100
12	13	2	43
12	13	3	25
12	13	4	47
12	13	5	84
12	14	1	73
12	14	2	50
12	14	3	16
12	14	4	55
12	14	5	84
12	10	1	94
12	10	2	56
12	10	3	26
12	10	4	37
12	10	5	82
13	10	1	76
13	10	2	40
13	10	3	29
13	10	4	37
13	10	5	92
13	9	1	91
13	9	2	51
13	9	3	10
13	9	4	51
13	9	5	100
13	5	1	87
13	5	2	34
13	5	3	18
13	5	4	37
13	5	5	81
13	7	1	81
13	7	2	46
13	7	3	16
13	7	4	33
13	7	5	89
13	1	1	99
13	1	2	39
13	1	3	21
13	1	4	32
13	1	5	77
13	12	1	81
13	12	2	60
13	12	3	28
13	12	4	45
13	12	5	92
13	15	1	96
13	15	2	32
13	15	3	21
13	15	4	48
13	15	5	89
13	8	1	98
13	8	2	59
13	8	3	23
13	8	4	60
13	8	5	72
13	11	1	93
13	11	2	52
13	11	3	17
13	11	4	49
13	11	5	100
13	2	1	98
13	2	2	30
13	2	3	16
13	2	4	41
13	2	5	96
13	14	1	82
13	14	2	31
13	14	3	17
13	14	4	55
13	14	5	75
13	4	1	95
13	4	2	59
13	4	3	10
13	4	4	36
13	4	5	87
13	3	1	80
13	3	2	39
13	3	3	21
13	3	4	32
13	3	5	89
13	6	1	75
13	6	2	39
13	6	3	27
13	6	4	41
13	6	5	76
14	15	1	99
14	15	2	38
14	15	3	19
14	15	4	39
14	15	5	95
14	8	1	94
14	8	2	54
14	8	3	19
14	8	4	53
14	8	5	79
14	9	1	100
14	9	2	59
14	9	3	19
14	9	4	56
14	9	5	71
14	4	1	84
14	4	2	55
14	4	3	11
14	4	4	34
14	4	5	88
14	1	1	92
14	1	2	32
14	1	3	18
14	1	4	41
14	1	5	89
14	10	1	96
14	10	2	34
14	10	3	29
14	10	4	40
14	10	5	99
14	12	1	100
14	12	2	48
14	12	3	18
14	12	4	44
14	12	5	99
14	2	1	75
14	2	2	60
14	2	3	17
14	2	4	51
14	2	5	87
14	5	1	96
14	5	2	54
14	5	3	26
14	5	4	32
14	5	5	90
14	3	1	72
14	3	2	60
14	3	3	16
14	3	4	30
14	3	5	95
14	7	1	71
14	7	2	41
14	7	3	17
14	7	4	35
14	7	5	71
14	13	1	98
14	13	2	38
14	13	3	29
14	13	4	39
14	13	5	74
14	11	1	79
14	11	2	33
14	11	3	11
14	11	4	42
14	11	5	90
14	6	1	77
14	6	2	60
14	6	3	21
14	6	4	58
14	6	5	79
15	8	1	79
15	8	2	50
15	8	3	17
15	8	4	35
15	8	5	91
15	1	1	89
15	1	2	46
15	1	3	24
15	1	4	42
15	1	5	90
15	9	1	100
15	9	2	42
15	9	3	28
15	9	4	59
15	9	5	84
15	14	1	98
15	14	2	32
15	14	3	28
15	14	4	32
15	14	5	70
15	12	1	71
15	12	2	57
15	12	3	28
15	12	4	56
15	12	5	84
15	5	1	78
15	5	2	33
15	5	3	21
15	5	4	31
15	5	5	94
15	4	1	93
15	4	2	44
15	4	3	16
15	4	4	60
15	4	5	90
15	2	1	72
15	2	2	56
15	2	3	11
15	2	4	44
15	2	5	93
15	10	1	82
15	10	2	30
15	10	3	14
15	10	4	34
15	10	5	74
15	7	1	83
15	7	2	47
15	7	3	11
15	7	4	54
15	7	5	93
15	3	1	73
15	3	2	39
15	3	3	14
15	3	4	31
15	3	5	96
15	11	1	88
15	11	2	34
15	11	3	26
15	11	4	55
15	11	5	83
15	13	1	96
15	13	2	52
15	13	3	12
15	13	4	33
15	13	5	88
15	6	1	70
15	6	2	54
15	6	3	16
15	6	4	57
15	6	5	75
0	4	1	91
0	4	2	55
0	4	3	20
0	4	4	39
0	4	5	83
0	2	1	94
0	2	2	35
0	2	3	17
0	2	4	39
0	2	5	88
0	8	1	78
0	8	2	57
0	8	3	13
0	8	4	40
0	8	5	96
0	12	1	88
0	12	2	32
0	12	3	16
0	12	4	46
0	12	5	83
0	3	1	75
0	3	2	31
0	3	3	29
0	3	4	59
0	3	5	79
0	1	1	98
0	1	2	52
0	1	3	13
0	1	4	55
0	1	5	93
0	15	1	77
0	15	2	42
0	15	3	19
0	15	4	36
0	15	5	88
0	5	1	79
0	5	2	59
0	5	3	26
0	5	4	59
0	5	5	86
0	9	1	80
0	9	2	37
0	9	3	21
0	9	4	31
0	9	5	76
0	11	1	96
0	11	2	54
0	11	3	20
0	11	4	58
0	11	5	90
0	7	1	91
0	7	2	51
0	7	3	22
0	7	4	56
0	7	5	80
0	14	1	72
0	14	2	59
0	14	3	10
0	14	4	57
0	14	5	87
0	6	1	99
0	6	2	57
0	6	3	17
0	6	4	40
0	6	5	91
0	10	1	92
0	10	2	50
0	10	3	27
0	10	4	53
0	10	5	85
0	13	1	94
0	13	2	58
0	13	3	12
0	13	4	37
0	13	5	82
4	0	1	83
4	0	2	39
4	0	3	22
4	0	4	60
4	0	5	89
2	0	1	79
2	0	2	33
2	0	3	24
2	0	4	60
2	0	5	91
8	0	1	76
8	0	2	31
8	0	3	10
8	0	4	40
8	0	5	99
12	0	1	70
12	0	2	39
12	0	3	26
12	0	4	36
12	0	5	73
3	0	1	75
3	0	2	35
3	0	3	23
3	0	4	52
3	0	5	75
1	0	1	82
1	0	2	47
1	0	3	14
1	0	4	51
1	0	5	96
15	0	1	80
15	0	2	59
15	0	3	23
15	0	4	52
15	0	5	83
5	0	1	98
5	0	2	34
5	0	3	18
5	0	4	55
5	0	5	92
9	0	1	83
9	0	2	34
9	0	3	17
9	0	4	45
9	0	5	82
11	0	1	89
11	0	2	57
11	0	3	15
11	0	4	54
11	0	5	76
7	0	1	94
7	0	2	47
7	0	3	10
7	0	4	59
7	0	5	70
14	0	1	94
14	0	2	39
14	0	3	28
14	0	4	43
14	0	5	70
6	0	1	88
6	0	2	35
6	0	3	22
6	0	4	47
6	0	5	80
10	0	1	76
10	0	2	52
10	0	3	26
10	0	4	39
10	0	5	70
13	0	1	83
13	0	2	58
13	0	3	24
13	0	4	41
13	0	5	93
;
param:	g:=
1	5	1	1	0.551002
1	5	1	2	1.234039
1	5	2	1	0.248870
1	5	2	2	0.295725
1	5	3	1	0.280358
1	5	3	2	0.346196
1	5	4	1	0.297717
1	5	4	2	0.405114
1	5	5	1	0.568043
1	5	5	2	1.296180
1	12	1	1	0.464402
1	12	1	2	0.927456
1	12	2	1	0.306076
1	12	2	2	0.427793
1	12	3	1	0.456768
1	12	3	2	0.513825
1	12	4	1	0.310446
1	12	4	2	0.439877
1	12	5	1	0.372215
1	12	5	2	0.623462
1	9	1	1	0.409180
1	9	1	2	0.741915
1	9	2	1	0.297717
1	9	2	2	0.405114
1	9	3	1	0.280358
1	9	3	2	0.346196
1	9	4	1	0.251580
1	9	4	2	0.295478
1	9	5	1	0.486811
1	9	5	2	1.005161
1	8	1	1	0.384103
1	8	1	2	0.660973
1	8	2	1	0.264155
1	8	2	2	0.321560
1	8	3	1	0.250401
1	8	3	2	0.298951
1	8	4	1	0.266846
1	8	4	2	0.327669
1	8	5	1	0.576712
1	8	5	2	1.327989
1	15	1	1	0.471770
1	15	1	2	0.952865
1	15	2	1	0.257070
1	15	2	2	0.306247
1	15	3	1	0.356456
1	15	3	2	0.428864
1	15	4	1	0.246504
1	15	4	2	0.287741
1	15	5	1	0.409180
1	15	5	2	0.741915
1	7	1	1	0.390210
1	7	1	2	0.680469
1	7	2	1	0.251580
1	7	2	2	0.295478
1	7	3	1	0.397708
1	7	3	2	0.465383
1	7	4	1	0.246187
1	7	4	2	0.287745
1	7	5	1	0.542629
1	7	5	2	1.203706
1	2	1	1	0.457136
1	2	1	2	0.902539
1	2	2	1	0.275847
1	2	2	2	0.348998
1	2	3	1	0.356456
1	2	3	2	0.428864
1	2	4	1	0.266846
1	2	4	2	0.327669
1	2	5	1	0.486811
1	2	5	2	1.005161
1	4	1	1	0.384103
1	4	1	2	0.660973
1	4	2	1	0.310446
1	4	2	2	0.439877
1	4	3	1	0.287219
1	4	3	2	0.355115
1	4	4	1	0.246504
1	4	4	2	0.287741
1	4	5	1	0.542629
1	4	5	2	1.203706
1	11	1	1	0.372215
1	11	1	2	0.623462
1	11	2	1	0.247870
1	11	2	2	0.289292
1	11	3	1	0.264683
1	11	3	2	0.323750
1	11	4	1	0.261626
1	11	4	2	0.315953
1	11	5	1	0.390210
1	11	5	2	0.680469
1	3	1	1	0.534355
1	3	1	2	1.173866
1	3	2	1	0.251580
1	3	2	2	0.295478
1	3	3	1	0.356456
1	3	3	2	0.428864
1	3	4	1	0.257070
1	3	4	2	0.306247
1	3	5	1	0.510132
1	3	5	2	1.087298
1	13	1	1	0.402749
1	13	1	2	0.720940
1	13	2	1	0.301833
1	13	2	2	0.416205
1	13	3	1	0.264683
1	13	3	2	0.323750
1	13	4	1	0.266846
1	13	4	2	0.327669
1	13	5	1	0.390210
1	13	5	2	0.680469
1	10	1	1	0.479240
1	10	1	2	0.978767
1	10	2	1	0.289880
1	10	2	2	0.384419
1	10	3	1	0.375359
1	10	3	2	0.446007
1	10	4	1	0.247702
1	10	4	2	0.293050
1	10	5	1	0.518107
1	10	5	2	1.115662
1	14	1	1	0.402749
1	14	1	2	0.720940
1	14	2	1	0.253223
1	14	2	2	0.298561
1	14	3	1	0.424417
1	14	3	2	0.487653
1	14	4	1	0.247870
1	14	4	2	0.289292
1	14	5	1	0.429105
1	14	5	2	0.807797
1	6	1	1	0.435957
1	6	1	2	0.830744
1	6	2	1	0.250135
1	6	2	2	0.292905
1	6	3	1	0.326472
1	6	3	2	0.399619
1	6	4	1	0.248870
1	6	4	2	0.295725
1	6	5	1	0.526181
1	6	5	2	1.144518
2	4	1	1	0.435957
2	4	1	2	0.830744
2	4	2	1	0.248895
2	4	2	2	0.290842
2	4	3	1	0.375359
2	4	3	2	0.446007
2	4	4	1	0.297717
2	4	4	2	0.405114
2	4	5	1	0.576712
2	4	5	2	1.327989
2	12	1	1	0.518107
2	12	1	2	1.115662
2	12	2	1	0.306076
2	12	2	2	0.427793
2	12	3	1	0.269185
2	12	3	2	0.330552
2	12	4	1	0.257070
2	12	4	2	0.306247
2	12	5	1	0.551002
2	12	5	2	1.234039
2	3	1	1	0.449973
2	3	1	2	0.878115
2	3	2	1	0.275847
2	3	2	2	0.348998
2	3	3	1	0.456768
2	3	3	2	0.513825
2	3	4	1	0.297717
2	3	4	2	0.405114
2	3	5	1	0.402749
2	3	5	2	0.720940
2	8	1	1	0.435957
2	8	1	2	0.830744
2	8	2	1	0.251580
2	8	2	2	0.295478
2	8	3	1	0.257483
2	8	3	2	0.312044
2	8	4	1	0.246870
2	8	4	2	0.290921
2	8	5	1	0.494484
2	8	5	2	1.032048
2	1	1	1	0.479240
2	1	1	2	0.978767
2	1	2	1	0.266846
2	1	2	2	0.327669
2	1	3	1	0.287219
2	1	3	2	0.355115
2	1	4	1	0.301833
2	1	4	2	0.416205
2	1	5	1	0.396426
2	1	5	2	0.700458
2	5	1	1	0.510132
2	5	1	2	1.087298
2	5	2	1	0.275847
2	5	2	2	0.348998
2	5	3	1	0.254672
2	5	3	2	0.307099
2	5	4	1	0.306076
2	5	4	2	0.427793
2	5	5	1	0.479240
2	5	5	2	0.978767
2	11	1	1	0.366437
2	11	1	2	0.605446
2	11	2	1	0.246187
2	11	2	2	0.287745
2	11	3	1	0.257483
2	11	3	2	0.312044
2	11	4	1	0.282583
2	11	4	2	0.365713
2	11	5	1	0.551002
2	11	5	2	1.234039
2	15	1	1	0.384103
2	15	1	2	0.660973
2	15	2	1	0.310446
2	15	2	2	0.439877
2	15	3	1	0.248870
2	15	3	2	0.295725
2	15	4	1	0.255055
2	15	4	2	0.302151
2	15	5	1	0.510132
2	15	5	2	1.087298
2	7	1	1	0.471770
2	7	1	2	0.952865
2	7	2	1	0.261626
2	7	2	2	0.315953
2	7	3	1	0.248870
2	7	3	2	0.295725
2	7	4	1	0.264155
2	7	4	2	0.321560
2	7	5	1	0.464402
2	7	5	2	0.927456
2	6	1	1	0.542629
2	6	1	2	1.203706
2	6	2	1	0.259262
2	6	2	2	0.310848
2	6	3	1	0.264683
2	6	3	2	0.323750
2	6	4	1	0.266846
2	6	4	2	0.327669
2	6	5	1	0.551002
2	6	5	2	1.234039
2	9	1	1	0.464402
2	9	1	2	0.927456
2	9	2	1	0.266846
2	9	2	2	0.327669
2	9	3	1	0.257483
2	9	3	2	0.312044
2	9	4	1	0.266846
2	9	4	2	0.327669
2	9	5	1	0.372215
2	9	5	2	0.623462
2	14	1	1	0.429105
2	14	1	2	0.807797
2	14	2	1	0.246187
2	14	2	2	0.287745
2	14	3	1	0.456768
2	14	3	2	0.513825
2	14	4	1	0.269695
2	14	4	2	0.334278
2	14	5	1	0.502258
2	14	5	2	1.059427
2	13	1	1	0.559473
2	13	1	2	1.264864
2	13	2	1	0.275847
2	13	2	2	0.348998
2	13	3	1	0.260803
2	13	3	2	0.317588
2	13	4	1	0.246870
2	13	4	2	0.290921
2	13	5	1	0.415716
2	13	5	2	0.763383
2	10	1	1	0.526181
2	10	1	2	1.144518
2	10	2	1	0.251580
2	10	2	2	0.295478
2	10	3	1	0.269185
2	10	3	2	0.330552
2	10	4	1	0.289880
2	10	4	2	0.384419
2	10	5	1	0.442913
2	10	5	2	0.854183
3	2	1	1	0.449973
3	2	1	2	0.878115
3	2	2	1	0.250135
3	2	2	2	0.292905
3	2	3	1	0.295088
3	2	3	2	0.364835
3	2	4	1	0.272696
3	2	4	2	0.341388
3	2	5	1	0.464402
3	2	5	2	0.927456
3	4	1	1	0.526181
3	4	1	2	1.144518
3	4	2	1	0.286163
3	4	2	2	0.374817
3	4	3	1	0.260803
3	4	3	2	0.317588
3	4	4	1	0.246504
3	4	4	2	0.287741
3	4	5	1	0.464402
3	4	5	2	0.927456
3	6	1	1	0.457136
3	6	1	2	0.902539
3	6	2	1	0.253223
3	6	2	2	0.298561
3	6	3	1	0.269185
3	6	3	2	0.330552
3	6	4	1	0.246504
3	6	4	2	0.287741
3	6	5	1	0.409180
3	6	5	2	0.741915
3	12	1	1	0.402749
3	12	1	2	0.720940
3	12	2	1	0.269695
3	12	2	2	0.334278
3	12	3	1	0.264683
3	12	3	2	0.323750
3	12	4	1	0.246187
3	12	4	2	0.287745
3	12	5	1	0.402749
3	12	5	2	0.720940
3	8	1	1	0.464402
3	8	1	2	0.927456
3	8	2	1	0.275847
3	8	2	2	0.348998
3	8	3	1	0.375359
3	8	3	2	0.446007
3	8	4	1	0.247702
3	8	4	2	0.293050
3	8	5	1	0.471770
3	8	5	2	0.952865
3	11	1	1	0.568043
3	11	1	2	1.296180
3	11	2	1	0.261626
3	11	2	2	0.315953
3	11	3	1	0.287219
3	11	3	2	0.355115
3	11	4	1	0.275847
3	11	4	2	0.348998
3	11	5	1	0.378104
3	11	5	2	0.641971
3	1	1	1	0.510132
3	1	1	2	1.087298
3	1	2	1	0.246187
3	1	2	2	0.287745
3	1	3	1	0.356456
3	1	3	2	0.428864
3	1	4	1	0.246353
3	1	4	2	0.289331
3	1	5	1	0.442913
3	1	5	2	0.854183
3	5	1	1	0.568043
3	5	1	2	1.296180
3	5	2	1	0.257070
3	5	2	2	0.306247
3	5	3	1	0.304119
3	5	3	2	0.375426
3	5	4	1	0.246870
3	5	4	2	0.290921
3	5	5	1	0.479240
3	5	5	2	0.978767
3	7	1	1	0.568043
3	7	1	2	1.296180
3	7	2	1	0.246870
3	7	2	2	0.290921
3	7	3	1	0.295088
3	7	3	2	0.364835
3	7	4	1	0.253223
3	7	4	2	0.298561
3	7	5	1	0.435957
3	7	5	2	0.830744
3	15	1	1	0.415716
3	15	1	2	0.763383
3	15	2	1	0.282583
3	15	2	2	0.365713
3	15	3	1	0.304119
3	15	3	2	0.375426
3	15	4	1	0.289880
3	15	4	2	0.384419
3	15	5	1	0.449973
3	15	5	2	0.878115
3	9	1	1	0.429105
3	9	1	2	0.807797
3	9	2	1	0.246353
3	9	2	2	0.289331
3	9	3	1	0.248870
3	9	3	2	0.295725
3	9	4	1	0.306076
3	9	4	2	0.427793
3	9	5	1	0.551002
3	9	5	2	1.234039
3	14	1	1	0.435957
3	14	1	2	0.830744
3	14	2	1	0.246187
3	14	2	2	0.287745
3	14	3	1	0.254672
3	14	3	2	0.307099
3	14	4	1	0.246870
3	14	4	2	0.290921
3	14	5	1	0.449973
3	14	5	2	0.878115
3	13	1	1	0.429105
3	13	1	2	0.807797
3	13	2	1	0.266846
3	13	2	2	0.327669
3	13	3	1	0.257483
3	13	3	2	0.312044
3	13	4	1	0.310446
3	13	4	2	0.439877
3	13	5	1	0.415716
3	13	5	2	0.763383
3	10	1	1	0.409180
3	10	1	2	0.741915
3	10	2	1	0.310446
3	10	2	2	0.439877
3	10	3	1	0.304119
3	10	3	2	0.375426
3	10	4	1	0.297717
3	10	4	2	0.405114
3	10	5	1	0.568043
3	10	5	2	1.296180
4	2	1	1	0.435957
4	2	1	2	0.830744
4	2	2	1	0.261626
4	2	2	2	0.315953
4	2	3	1	0.250401
4	2	3	2	0.298951
4	2	4	1	0.255055
4	2	4	2	0.302151
4	2	5	1	0.457136
4	2	5	2	0.902539
4	8	1	1	0.360770
4	8	1	2	0.587924
4	8	2	1	0.247870
4	8	2	2	0.289292
4	8	3	1	0.356456
4	8	3	2	0.428864
4	8	4	1	0.253223
4	8	4	2	0.298561
4	8	5	1	0.442913
4	8	5	2	0.854183
4	12	1	1	0.384103
4	12	1	2	0.660973
4	12	2	1	0.289880
4	12	2	2	0.384419
4	12	3	1	0.248870
4	12	3	2	0.295725
4	12	4	1	0.301833
4	12	4	2	0.416205
4	12	5	1	0.442913
4	12	5	2	0.854183
4	3	1	1	0.384103
4	3	1	2	0.660973
4	3	2	1	0.272696
4	3	2	2	0.341388
4	3	3	1	0.257483
4	3	3	2	0.312044
4	3	4	1	0.248895
4	3	4	2	0.290842
4	3	5	1	0.409180
4	3	5	2	0.741915
4	1	1	1	0.422358
4	1	1	2	0.785344
4	1	2	1	0.246870
4	1	2	2	0.290921
4	1	3	1	0.287219
4	1	3	2	0.355115
4	1	4	1	0.248895
4	1	4	2	0.290842
4	1	5	1	0.409180
4	1	5	2	0.741915
4	15	1	1	0.510132
4	15	1	2	1.087298
4	15	2	1	0.251580
4	15	2	2	0.295478
4	15	3	1	0.254672
4	15	3	2	0.307099
4	15	4	1	0.259262
4	15	4	2	0.310848
4	15	5	1	0.526181
4	15	5	2	1.144518
4	5	1	1	0.568043
4	5	1	2	1.296180
4	5	2	1	0.250135
4	5	2	2	0.292905
4	5	3	1	0.264683
4	5	3	2	0.323750
4	5	4	1	0.247702
4	5	4	2	0.293050
4	5	5	1	0.479240
4	5	5	2	0.978767
4	14	1	1	0.559473
4	14	1	2	1.264864
4	14	2	1	0.246870
4	14	2	2	0.290921
4	14	3	1	0.397708
4	14	3	2	0.465383
4	14	4	1	0.255055
4	14	4	2	0.302151
4	14	5	1	0.409180
4	14	5	2	0.741915
4	11	1	1	0.542629
4	11	1	2	1.203706
4	11	2	1	0.246870
4	11	2	2	0.290921
4	11	3	1	0.250401
4	11	3	2	0.298951
4	11	4	1	0.306076
4	11	4	2	0.427793
4	11	5	1	0.390210
4	11	5	2	0.680469
4	9	1	1	0.409180
4	9	1	2	0.741915
4	9	2	1	0.247069
4	9	2	2	0.288257
4	9	3	1	0.375359
4	9	3	2	0.446007
4	9	4	1	0.246353
4	9	4	2	0.289331
4	9	5	1	0.542629
4	9	5	2	1.203706
4	7	1	1	0.396426
4	7	1	2	0.700458
4	7	2	1	0.246187
4	7	2	2	0.287745
4	7	3	1	0.314502
4	7	3	2	0.386980
4	7	4	1	0.247702
4	7	4	2	0.293050
4	7	5	1	0.457136
4	7	5	2	0.902539
4	6	1	1	0.494484
4	6	1	2	1.032048
4	6	2	1	0.246131
4	6	2	2	0.288274
4	6	3	1	0.264683
4	6	3	2	0.323750
4	6	4	1	0.286163
4	6	4	2	0.374817
4	6	5	1	0.442913
4	6	5	2	0.854183
4	10	1	1	0.366437
4	10	1	2	0.605446
4	10	2	1	0.248870
4	10	2	2	0.295725
4	10	3	1	0.274382
4	10	3	2	0.338023
4	10	4	1	0.255055
4	10	4	2	0.302151
4	10	5	1	0.360770
4	10	5	2	0.587924
4	13	1	1	0.372215
4	13	1	2	0.623462
4	13	2	1	0.250135
4	13	2	2	0.292905
4	13	3	1	0.269185
4	13	3	2	0.330552
4	13	4	1	0.248895
4	13	4	2	0.290842
4	13	5	1	0.409180
4	13	5	2	0.741915
5	1	1	1	0.360770
5	1	1	2	0.587924
5	1	2	1	0.306076
5	1	2	2	0.427793
5	1	3	1	0.250401
5	1	3	2	0.298951
5	1	4	1	0.264155
5	1	4	2	0.321560
5	1	5	1	0.422358
5	1	5	2	0.785344
5	7	1	1	0.471770
5	7	1	2	0.952865
5	7	2	1	0.246870
5	7	2	2	0.290921
5	7	3	1	0.287219
5	7	3	2	0.355115
5	7	4	1	0.251580
5	7	4	2	0.295478
5	7	5	1	0.372215
5	7	5	2	0.623462
5	12	1	1	0.422358
5	12	1	2	0.785344
5	12	2	1	0.250135
5	12	2	2	0.292905
5	12	3	1	0.248870
5	12	3	2	0.295725
5	12	4	1	0.246870
5	12	4	2	0.290921
5	12	5	1	0.409180
5	12	5	2	0.741915
5	9	1	1	0.457136
5	9	1	2	0.902539
5	9	2	1	0.293733
5	9	2	2	0.394518
5	9	3	1	0.304119
5	9	3	2	0.375426
5	9	4	1	0.257070
5	9	4	2	0.306247
5	9	5	1	0.457136
5	9	5	2	0.902539
5	8	1	1	0.409180
5	8	1	2	0.741915
5	8	2	1	0.297717
5	8	2	2	0.405114
5	8	3	1	0.257483
5	8	3	2	0.312044
5	8	4	1	0.275847
5	8	4	2	0.348998
5	8	5	1	0.429105
5	8	5	2	0.807797
5	15	1	1	0.510132
5	15	1	2	1.087298
5	15	2	1	0.247702
5	15	2	2	0.293050
5	15	3	1	0.326472
5	15	3	2	0.399619
5	15	4	1	0.279143
5	15	4	2	0.357106
5	15	5	1	0.568043
5	15	5	2	1.296180
5	2	1	1	0.415716
5	2	1	2	0.763383
5	2	2	1	0.272696
5	2	2	2	0.341388
5	2	3	1	0.280358
5	2	3	2	0.346196
5	2	4	1	0.247870
5	2	4	2	0.289292
5	2	5	1	0.518107
5	2	5	2	1.115662
5	11	1	1	0.518107
5	11	1	2	1.115662
5	11	2	1	0.247069
5	11	2	2	0.288257
5	11	3	1	0.397708
5	11	3	2	0.465383
5	11	4	1	0.264155
5	11	4	2	0.321560
5	11	5	1	0.402749
5	11	5	2	0.720940
5	13	1	1	0.576712
5	13	1	2	1.327989
5	13	2	1	0.279143
5	13	2	2	0.357106
5	13	3	1	0.397708
5	13	3	2	0.465383
5	13	4	1	0.246131
5	13	4	2	0.288274
5	13	5	1	0.360770
5	13	5	2	0.587924
5	4	1	1	0.396426
5	4	1	2	0.700458
5	4	2	1	0.264155
5	4	2	2	0.321560
5	4	3	1	0.252324
5	4	3	2	0.302739
5	4	4	1	0.264155
5	4	4	2	0.321560
5	4	5	1	0.551002
5	4	5	2	1.234039
5	10	1	1	0.494484
5	10	1	2	1.032048
5	10	2	1	0.246187
5	10	2	2	0.287745
5	10	3	1	0.250401
5	10	3	2	0.298951
5	10	4	1	0.289880
5	10	4	2	0.384419
5	10	5	1	0.396426
5	10	5	2	0.700458
5	3	1	1	0.457136
5	3	1	2	0.902539
5	3	2	1	0.251580
5	3	2	2	0.295478
5	3	3	1	0.287219
5	3	3	2	0.355115
5	3	4	1	0.306076
5	3	4	2	0.427793
5	3	5	1	0.378104
5	3	5	2	0.641971
5	6	1	1	0.494484
5	6	1	2	1.032048
5	6	2	1	0.246353
5	6	2	2	0.289331
5	6	3	1	0.269185
5	6	3	2	0.330552
5	6	4	1	0.310446
5	6	4	2	0.439877
5	6	5	1	0.409180
5	6	5	2	0.741915
5	14	1	1	0.449973
5	14	1	2	0.878115
5	14	2	1	0.261626
5	14	2	2	0.315953
5	14	3	1	0.314502
5	14	3	2	0.386980
5	14	4	1	0.251580
5	14	4	2	0.295478
5	14	5	1	0.576712
5	14	5	2	1.327989
6	11	1	1	0.551002
6	11	1	2	1.234039
6	11	2	1	0.246353
6	11	2	2	0.289331
6	11	3	1	0.295088
6	11	3	2	0.364835
6	11	4	1	0.282583
6	11	4	2	0.365713
6	11	5	1	0.360770
6	11	5	2	0.587924
6	3	1	1	0.415716
6	3	1	2	0.763383
6	3	2	1	0.261626
6	3	2	2	0.315953
6	3	3	1	0.424417
6	3	3	2	0.487653
6	3	4	1	0.247870
6	3	4	2	0.289292
6	3	5	1	0.396426
6	3	5	2	0.700458
6	2	1	1	0.457136
6	2	1	2	0.902539
6	2	2	1	0.264155
6	2	2	2	0.321560
6	2	3	1	0.250401
6	2	3	2	0.298951
6	2	4	1	0.246131
6	2	4	2	0.288274
6	2	5	1	0.502258
6	2	5	2	1.059427
6	12	1	1	0.435957
6	12	1	2	0.830744
6	12	2	1	0.261626
6	12	2	2	0.315953
6	12	3	1	0.257483
6	12	3	2	0.312044
6	12	4	1	0.255055
6	12	4	2	0.302151
6	12	5	1	0.510132
6	12	5	2	1.087298
6	7	1	1	0.449973
6	7	1	2	0.878115
6	7	2	1	0.261626
6	7	2	2	0.315953
6	7	3	1	0.260803
6	7	3	2	0.317588
6	7	4	1	0.289880
6	7	4	2	0.384419
6	7	5	1	0.494484
6	7	5	2	1.032048
6	4	1	1	0.384103
6	4	1	2	0.660973
6	4	2	1	0.247702
6	4	2	2	0.293050
6	4	3	1	0.257483
6	4	3	2	0.312044
6	4	4	1	0.310446
6	4	4	2	0.439877
6	4	5	1	0.494484
6	4	5	2	1.032048
6	5	1	1	0.464402
6	5	1	2	0.927456
6	5	2	1	0.293733
6	5	2	2	0.394518
6	5	3	1	0.260803
6	5	3	2	0.317588
6	5	4	1	0.246187
6	5	4	2	0.287745
6	5	5	1	0.551002
6	5	5	2	1.234039
6	1	1	1	0.502258
6	1	1	2	1.059427
6	1	2	1	0.301833
6	1	2	2	0.416205
6	1	3	1	0.397708
6	1	3	2	0.465383
6	1	4	1	0.251580
6	1	4	2	0.295478
6	1	5	1	0.449973
6	1	5	2	0.878115
6	8	1	1	0.479240
6	8	1	2	0.978767
6	8	2	1	0.310446
6	8	2	2	0.439877
6	8	3	1	0.314502
6	8	3	2	0.386980
6	8	4	1	0.275847
6	8	4	2	0.348998
6	8	5	1	0.372215
6	8	5	2	0.623462
6	15	1	1	0.559473
6	15	1	2	1.264864
6	15	2	1	0.264155
6	15	2	2	0.321560
6	15	3	1	0.248870
6	15	3	2	0.295725
6	15	4	1	0.282583
6	15	4	2	0.365713
6	15	5	1	0.471770
6	15	5	2	0.952865
6	9	1	1	0.435957
6	9	1	2	0.830744
6	9	2	1	0.261626
6	9	2	2	0.315953
6	9	3	1	0.287219
6	9	3	2	0.355115
6	9	4	1	0.275847
6	9	4	2	0.348998
6	9	5	1	0.366437
6	9	5	2	0.605446
6	13	1	1	0.568043
6	13	1	2	1.296180
6	13	2	1	0.266846
6	13	2	2	0.327669
6	13	3	1	0.424417
6	13	3	2	0.487653
6	13	4	1	0.251580
6	13	4	2	0.295478
6	13	5	1	0.402749
6	13	5	2	0.720940
6	14	1	1	0.502258
6	14	1	2	1.059427
6	14	2	1	0.247870
6	14	2	2	0.289292
6	14	3	1	0.356456
6	14	3	2	0.428864
6	14	4	1	0.248895
6	14	4	2	0.290842
6	14	5	1	0.518107
6	14	5	2	1.115662
6	10	1	1	0.457136
6	10	1	2	0.902539
6	10	2	1	0.269695
6	10	2	2	0.334278
6	10	3	1	0.260803
6	10	3	2	0.317588
6	10	4	1	0.293733
6	10	4	2	0.394518
6	10	5	1	0.360770
6	10	5	2	0.587924
7	5	1	1	0.559473
7	5	1	2	1.264864
7	5	2	1	0.250135
7	5	2	2	0.292905
7	5	3	1	0.287219
7	5	3	2	0.355115
7	5	4	1	0.246504
7	5	4	2	0.287741
7	5	5	1	0.435957
7	5	5	2	0.830744
7	1	1	1	0.435957
7	1	1	2	0.830744
7	1	2	1	0.269695
7	1	2	2	0.334278
7	1	3	1	0.287219
7	1	3	2	0.355115
7	1	4	1	0.253223
7	1	4	2	0.298561
7	1	5	1	0.486811
7	1	5	2	1.005161
7	12	1	1	0.429105
7	12	1	2	0.807797
7	12	2	1	0.248895
7	12	2	2	0.290842
7	12	3	1	0.280358
7	12	3	2	0.346196
7	12	4	1	0.246353
7	12	4	2	0.289331
7	12	5	1	0.510132
7	12	5	2	1.087298
7	11	1	1	0.542629
7	11	1	2	1.203706
7	11	2	1	0.289880
7	11	2	2	0.384419
7	11	3	1	0.375359
7	11	3	2	0.446007
7	11	4	1	0.286163
7	11	4	2	0.374817
7	11	5	1	0.442913
7	11	5	2	0.854183
7	8	1	1	0.402749
7	8	1	2	0.720940
7	8	2	1	0.269695
7	8	2	2	0.334278
7	8	3	1	0.456768
7	8	3	2	0.513825
7	8	4	1	0.272696
7	8	4	2	0.341388
7	8	5	1	0.542629
7	8	5	2	1.203706
7	9	1	1	0.576712
7	9	1	2	1.327989
7	9	2	1	0.248895
7	9	2	2	0.290842
7	9	3	1	0.274382
7	9	3	2	0.338023
7	9	4	1	0.257070
7	9	4	2	0.306247
7	9	5	1	0.576712
7	9	5	2	1.327989
7	2	1	1	0.551002
7	2	1	2	1.234039
7	2	2	1	0.253223
7	2	2	2	0.298561
7	2	3	1	0.280358
7	2	3	2	0.346196
7	2	4	1	0.293733
7	2	4	2	0.394518
7	2	5	1	0.464402
7	2	5	2	0.927456
7	13	1	1	0.449973
7	13	1	2	0.878115
7	13	2	1	0.264155
7	13	2	2	0.321560
7	13	3	1	0.295088
7	13	3	2	0.364835
7	13	4	1	0.282583
7	13	4	2	0.365713
7	13	5	1	0.510132
7	13	5	2	1.087298
7	15	1	1	0.360770
7	15	1	2	0.587924
7	15	2	1	0.275847
7	15	2	2	0.348998
7	15	3	1	0.250401
7	15	3	2	0.298951
7	15	4	1	0.248895
7	15	4	2	0.290842
7	15	5	1	0.510132
7	15	5	2	1.087298
7	4	1	1	0.494484
7	4	1	2	1.032048
7	4	2	1	0.247702
7	4	2	2	0.293050
7	4	3	1	0.397708
7	4	3	2	0.465383
7	4	4	1	0.282583
7	4	4	2	0.365713
7	4	5	1	0.486811
7	4	5	2	1.005161
7	3	1	1	0.510132
7	3	1	2	1.087298
7	3	2	1	0.310446
7	3	2	2	0.439877
7	3	3	1	0.252324
7	3	3	2	0.302739
7	3	4	1	0.255055
7	3	4	2	0.302151
7	3	5	1	0.559473
7	3	5	2	1.264864
7	6	1	1	0.471770
7	6	1	2	0.952865
7	6	2	1	0.279143
7	6	2	2	0.357106
7	6	3	1	0.356456
7	6	3	2	0.428864
7	6	4	1	0.255055
7	6	4	2	0.302151
7	6	5	1	0.568043
7	6	5	2	1.296180
7	10	1	1	0.409180
7	10	1	2	0.741915
7	10	2	1	0.247069
7	10	2	2	0.288257
7	10	3	1	0.269185
7	10	3	2	0.330552
7	10	4	1	0.310446
7	10	4	2	0.439877
7	10	5	1	0.449973
7	10	5	2	0.878115
7	14	1	1	0.551002
7	14	1	2	1.234039
7	14	2	1	0.246870
7	14	2	2	0.290921
7	14	3	1	0.287219
7	14	3	2	0.355115
7	14	4	1	0.301833
7	14	4	2	0.416205
7	14	5	1	0.390210
7	14	5	2	0.680469
8	15	1	1	0.510132
8	15	1	2	1.087298
8	15	2	1	0.269695
8	15	2	2	0.334278
8	15	3	1	0.250401
8	15	3	2	0.298951
8	15	4	1	0.282583
8	15	4	2	0.365713
8	15	5	1	0.360770
8	15	5	2	0.587924
8	1	1	1	0.494484
8	1	1	2	1.032048
8	1	2	1	0.261626
8	1	2	2	0.315953
8	1	3	1	0.250401
8	1	3	2	0.298951
8	1	4	1	0.310446
8	1	4	2	0.439877
8	1	5	1	0.486811
8	1	5	2	1.005161
8	4	1	1	0.449973
8	4	1	2	0.878115
8	4	2	1	0.247870
8	4	2	2	0.289292
8	4	3	1	0.356456
8	4	3	2	0.428864
8	4	4	1	0.272696
8	4	4	2	0.341388
8	4	5	1	0.384103
8	4	5	2	0.660973
8	12	1	1	0.457136
8	12	1	2	0.902539
8	12	2	1	0.310446
8	12	2	2	0.439877
8	12	3	1	0.356456
8	12	3	2	0.428864
8	12	4	1	0.246187
8	12	4	2	0.287745
8	12	5	1	0.390210
8	12	5	2	0.680469
8	2	1	1	0.526181
8	2	1	2	1.144518
8	2	2	1	0.310446
8	2	2	2	0.439877
8	2	3	1	0.340328
8	2	3	2	0.413505
8	2	4	1	0.246870
8	2	4	2	0.290921
8	2	5	1	0.384103
8	2	5	2	0.660973
8	5	1	1	0.534355
8	5	1	2	1.173866
8	5	2	1	0.310446
8	5	2	2	0.439877
8	5	3	1	0.280358
8	5	3	2	0.346196
8	5	4	1	0.269695
8	5	4	2	0.334278
8	5	5	1	0.510132
8	5	5	2	1.087298
8	9	1	1	0.360770
8	9	1	2	0.587924
8	9	2	1	0.253223
8	9	2	2	0.298561
8	9	3	1	0.456768
8	9	3	2	0.513825
8	9	4	1	0.246187
8	9	4	2	0.287745
8	9	5	1	0.471770
8	9	5	2	0.952865
8	14	1	1	0.402749
8	14	1	2	0.720940
8	14	2	1	0.286163
8	14	2	2	0.374817
8	14	3	1	0.248870
8	14	3	2	0.295725
8	14	4	1	0.266846
8	14	4	2	0.327669
8	14	5	1	0.486811
8	14	5	2	1.005161
8	3	1	1	0.471770
8	3	1	2	0.952865
8	3	2	1	0.247870
8	3	2	2	0.289292
8	3	3	1	0.280358
8	3	3	2	0.346196
8	3	4	1	0.247702
8	3	4	2	0.293050
8	3	5	1	0.551002
8	3	5	2	1.234039
8	7	1	1	0.435957
8	7	1	2	0.830744
8	7	2	1	0.253223
8	7	2	2	0.298561
8	7	3	1	0.424417
8	7	3	2	0.487653
8	7	4	1	0.301833
8	7	4	2	0.416205
8	7	5	1	0.384103
8	7	5	2	0.660973
8	11	1	1	0.378104
8	11	1	2	0.641971
8	11	2	1	0.253223
8	11	2	2	0.298561
8	11	3	1	0.287219
8	11	3	2	0.355115
8	11	4	1	0.246870
8	11	4	2	0.290921
8	11	5	1	0.551002
8	11	5	2	1.234039
8	10	1	1	0.576712
8	10	1	2	1.327989
8	10	2	1	0.275847
8	10	2	2	0.348998
8	10	3	1	0.257483
8	10	3	2	0.312044
8	10	4	1	0.246187
8	10	4	2	0.287745
8	10	5	1	0.442913
8	10	5	2	0.854183
8	6	1	1	0.494484
8	6	1	2	1.032048
8	6	2	1	0.259262
8	6	2	2	0.310848
8	6	3	1	0.248870
8	6	3	2	0.295725
8	6	4	1	0.289880
8	6	4	2	0.384419
8	6	5	1	0.576712
8	6	5	2	1.327989
8	13	1	1	0.390210
8	13	1	2	0.680469
8	13	2	1	0.248870
8	13	2	2	0.295725
8	13	3	1	0.295088
8	13	3	2	0.364835
8	13	4	1	0.286163
8	13	4	2	0.374817
8	13	5	1	0.471770
8	13	5	2	0.952865
9	1	1	1	0.568043
9	1	1	2	1.296180
9	1	2	1	0.306076
9	1	2	2	0.427793
9	1	3	1	0.269185
9	1	3	2	0.330552
9	1	4	1	0.264155
9	1	4	2	0.321560
9	1	5	1	0.442913
9	1	5	2	0.854183
9	15	1	1	0.551002
9	15	1	2	1.234039
9	15	2	1	0.248870
9	15	2	2	0.295725
9	15	3	1	0.356456
9	15	3	2	0.428864
9	15	4	1	0.286163
9	15	4	2	0.374817
9	15	5	1	0.372215
9	15	5	2	0.623462
9	5	1	1	0.366437
9	5	1	2	0.605446
9	5	2	1	0.248870
9	5	2	2	0.295725
9	5	3	1	0.375359
9	5	3	2	0.446007
9	5	4	1	0.306076
9	5	4	2	0.427793
9	5	5	1	0.372215
9	5	5	2	0.623462
9	10	1	1	0.449973
9	10	1	2	0.878115
9	10	2	1	0.275847
9	10	2	2	0.348998
9	10	3	1	0.326472
9	10	3	2	0.399619
9	10	4	1	0.264155
9	10	4	2	0.321560
9	10	5	1	0.486811
9	10	5	2	1.005161
9	8	1	1	0.576712
9	8	1	2	1.327989
9	8	2	1	0.279143
9	8	2	2	0.357106
9	8	3	1	0.456768
9	8	3	2	0.513825
9	8	4	1	0.247702
9	8	4	2	0.293050
9	8	5	1	0.551002
9	8	5	2	1.234039
9	12	1	1	0.435957
9	12	1	2	0.830744
9	12	2	1	0.297717
9	12	2	2	0.405114
9	12	3	1	0.356456
9	12	3	2	0.428864
9	12	4	1	0.246187
9	12	4	2	0.287745
9	12	5	1	0.471770
9	12	5	2	0.952865
9	13	1	1	0.415716
9	13	1	2	0.763383
9	13	2	1	0.251580
9	13	2	2	0.295478
9	13	3	1	0.250401
9	13	3	2	0.298951
9	13	4	1	0.246187
9	13	4	2	0.287745
9	13	5	1	0.576712
9	13	5	2	1.327989
9	14	1	1	0.502258
9	14	1	2	1.059427
9	14	2	1	0.250135
9	14	2	2	0.292905
9	14	3	1	0.295088
9	14	3	2	0.364835
9	14	4	1	0.269695
9	14	4	2	0.334278
9	14	5	1	0.372215
9	14	5	2	0.623462
9	7	1	1	0.559473
9	7	1	2	1.264864
9	7	2	1	0.255055
9	7	2	2	0.302151
9	7	3	1	0.287219
9	7	3	2	0.355115
9	7	4	1	0.272696
9	7	4	2	0.341388
9	7	5	1	0.396426
9	7	5	2	0.700458
9	2	1	1	0.518107
9	2	1	2	1.115662
9	2	2	1	0.264155
9	2	2	2	0.321560
9	2	3	1	0.250401
9	2	3	2	0.298951
9	2	4	1	0.246504
9	2	4	2	0.287741
9	2	5	1	0.510132
9	2	5	2	1.087298
9	4	1	1	0.551002
9	4	1	2	1.234039
9	4	2	1	0.246187
9	4	2	2	0.287745
9	4	3	1	0.250401
9	4	3	2	0.298951
9	4	4	1	0.272696
9	4	4	2	0.341388
9	4	5	1	0.479240
9	4	5	2	0.978767
9	11	1	1	0.435957
9	11	1	2	0.830744
9	11	2	1	0.289880
9	11	2	2	0.384419
9	11	3	1	0.260803
9	11	3	2	0.317588
9	11	4	1	0.253223
9	11	4	2	0.298561
9	11	5	1	0.435957
9	11	5	2	0.830744
9	3	1	1	0.409180
9	3	1	2	0.741915
9	3	2	1	0.293733
9	3	2	2	0.394518
9	3	3	1	0.260803
9	3	3	2	0.317588
9	3	4	1	0.289880
9	3	4	2	0.384419
9	3	5	1	0.366437
9	3	5	2	0.605446
9	6	1	1	0.502258
9	6	1	2	1.059427
9	6	2	1	0.246353
9	6	2	2	0.289331
9	6	3	1	0.356456
9	6	3	2	0.428864
9	6	4	1	0.301833
9	6	4	2	0.416205
9	6	5	1	0.542629
9	6	5	2	1.203706
10	9	1	1	0.360770
10	9	1	2	0.587924
10	9	2	1	0.297717
10	9	2	2	0.405114
10	9	3	1	0.397708
10	9	3	2	0.465383
10	9	4	1	0.269695
10	9	4	2	0.334278
10	9	5	1	0.390210
10	9	5	2	0.680469
10	13	1	1	0.435957
10	13	1	2	0.830744
10	13	2	1	0.310446
10	13	2	2	0.439877
10	13	3	1	0.356456
10	13	3	2	0.428864
10	13	4	1	0.246504
10	13	4	2	0.287741
10	13	5	1	0.429105
10	13	5	2	0.807797
10	15	1	1	0.422358
10	15	1	2	0.785344
10	15	2	1	0.266846
10	15	2	2	0.327669
10	15	3	1	0.287219
10	15	3	2	0.355115
10	15	4	1	0.257070
10	15	4	2	0.306247
10	15	5	1	0.551002
10	15	5	2	1.234039
10	1	1	1	0.409180
10	1	1	2	0.741915
10	1	2	1	0.246353
10	1	2	2	0.289331
10	1	3	1	0.340328
10	1	3	2	0.413505
10	1	4	1	0.257070
10	1	4	2	0.306247
10	1	5	1	0.510132
10	1	5	2	1.087298
10	5	1	1	0.378104
10	5	1	2	0.641971
10	5	2	1	0.257070
10	5	2	2	0.306247
10	5	3	1	0.257483
10	5	3	2	0.312044
10	5	4	1	0.301833
10	5	4	2	0.416205
10	5	5	1	0.360770
10	5	5	2	0.587924
10	14	1	1	0.429105
10	14	1	2	0.807797
10	14	2	1	0.272696
10	14	2	2	0.341388
10	14	3	1	0.456768
10	14	3	2	0.513825
10	14	4	1	0.289880
10	14	4	2	0.384419
10	14	5	1	0.559473
10	14	5	2	1.264864
10	8	1	1	0.510132
10	8	1	2	1.087298
10	8	2	1	0.289880
10	8	2	2	0.384419
10	8	3	1	0.375359
10	8	3	2	0.446007
10	8	4	1	0.250135
10	8	4	2	0.292905
10	8	5	1	0.464402
10	8	5	2	0.927456
10	12	1	1	0.429105
10	12	1	2	0.807797
10	12	2	1	0.293733
10	12	2	2	0.394518
10	12	3	1	0.274382
10	12	3	2	0.338023
10	12	4	1	0.282583
10	12	4	2	0.365713
10	12	5	1	0.396426
10	12	5	2	0.700458
10	7	1	1	0.464402
10	7	1	2	0.927456
10	7	2	1	0.293733
10	7	2	2	0.394518
10	7	3	1	0.456768
10	7	3	2	0.513825
10	7	4	1	0.250135
10	7	4	2	0.292905
10	7	5	1	0.415716
10	7	5	2	0.763383
10	2	1	1	0.409180
10	2	1	2	0.741915
10	2	2	1	0.293733
10	2	2	2	0.394518
10	2	3	1	0.269185
10	2	3	2	0.330552
10	2	4	1	0.257070
10	2	4	2	0.306247
10	2	5	1	0.435957
10	2	5	2	0.830744
10	4	1	1	0.542629
10	4	1	2	1.203706
10	4	2	1	0.248895
10	4	2	2	0.290842
10	4	3	1	0.397708
10	4	3	2	0.465383
10	4	4	1	0.248870
10	4	4	2	0.295725
10	4	5	1	0.534355
10	4	5	2	1.173866
10	11	1	1	0.471770
10	11	1	2	0.952865
10	11	2	1	0.257070
10	11	2	2	0.306247
10	11	3	1	0.326472
10	11	3	2	0.399619
10	11	4	1	0.279143
10	11	4	2	0.357106
10	11	5	1	0.534355
10	11	5	2	1.173866
10	3	1	1	0.429105
10	3	1	2	0.807797
10	3	2	1	0.259262
10	3	2	2	0.310848
10	3	3	1	0.326472
10	3	3	2	0.399619
10	3	4	1	0.310446
10	3	4	2	0.439877
10	3	5	1	0.372215
10	3	5	2	0.623462
10	6	1	1	0.551002
10	6	1	2	1.234039
10	6	2	1	0.247069
10	6	2	2	0.288257
10	6	3	1	0.340328
10	6	3	2	0.413505
10	6	4	1	0.253223
10	6	4	2	0.298561
10	6	5	1	0.471770
10	6	5	2	0.952865
11	7	1	1	0.390210
11	7	1	2	0.680469
11	7	2	1	0.282583
11	7	2	2	0.365713
11	7	3	1	0.248870
11	7	3	2	0.295725
11	7	4	1	0.246870
11	7	4	2	0.290921
11	7	5	1	0.415716
11	7	5	2	0.763383
11	6	1	1	0.494484
11	6	1	2	1.032048
11	6	2	1	0.272696
11	6	2	2	0.341388
11	6	3	1	0.326472
11	6	3	2	0.399619
11	6	4	1	0.247870
11	6	4	2	0.289292
11	6	5	1	0.559473
11	6	5	2	1.264864
11	12	1	1	0.409180
11	12	1	2	0.741915
11	12	2	1	0.297717
11	12	2	2	0.405114
11	12	3	1	0.254672
11	12	3	2	0.307099
11	12	4	1	0.257070
11	12	4	2	0.306247
11	12	5	1	0.422358
11	12	5	2	0.785344
11	2	1	1	0.534355
11	2	1	2	1.173866
11	2	2	1	0.247870
11	2	2	2	0.289292
11	2	3	1	0.397708
11	2	3	2	0.465383
11	2	4	1	0.264155
11	2	4	2	0.321560
11	2	5	1	0.422358
11	2	5	2	0.785344
11	5	1	1	0.510132
11	5	1	2	1.087298
11	5	2	1	0.248870
11	5	2	2	0.295725
11	5	3	1	0.456768
11	5	3	2	0.513825
11	5	4	1	0.261626
11	5	4	2	0.315953
11	5	5	1	0.542629
11	5	5	2	1.203706
11	3	1	1	0.442913
11	3	1	2	0.854183
11	3	2	1	0.301833
11	3	2	2	0.416205
11	3	3	1	0.260803
11	3	3	2	0.317588
11	3	4	1	0.293733
11	3	4	2	0.394518
11	3	5	1	0.551002
11	3	5	2	1.234039
11	1	1	1	0.526181
11	1	1	2	1.144518
11	1	2	1	0.275847
11	1	2	2	0.348998
11	1	3	1	0.356456
11	1	3	2	0.428864
11	1	4	1	0.246504
11	1	4	2	0.287741
11	1	5	1	0.449973
11	1	5	2	0.878115
11	4	1	1	0.551002
11	4	1	2	1.234039
11	4	2	1	0.310446
11	4	2	2	0.439877
11	4	3	1	0.269185
11	4	3	2	0.330552
11	4	4	1	0.251580
11	4	4	2	0.295478
11	4	5	1	0.435957
11	4	5	2	0.830744
11	8	1	1	0.390210
11	8	1	2	0.680469
11	8	2	1	0.293733
11	8	2	2	0.394518
11	8	3	1	0.375359
11	8	3	2	0.446007
11	8	4	1	0.301833
11	8	4	2	0.416205
11	8	5	1	0.422358
11	8	5	2	0.785344
11	15	1	1	0.378104
11	15	1	2	0.641971
11	15	2	1	0.279143
11	15	2	2	0.357106
11	15	3	1	0.397708
11	15	3	2	0.465383
11	15	4	1	0.272696
11	15	4	2	0.341388
11	15	5	1	0.449973
11	15	5	2	0.878115
11	9	1	1	0.378104
11	9	1	2	0.641971
11	9	2	1	0.246353
11	9	2	2	0.289331
11	9	3	1	0.295088
11	9	3	2	0.364835
11	9	4	1	0.251580
11	9	4	2	0.295478
11	9	5	1	0.494484
11	9	5	2	1.032048
11	13	1	1	0.518107
11	13	1	2	1.115662
11	13	2	1	0.246870
11	13	2	2	0.290921
11	13	3	1	0.456768
11	13	3	2	0.513825
11	13	4	1	0.246187
11	13	4	2	0.287745
11	13	5	1	0.510132
11	13	5	2	1.087298
11	10	1	1	0.435957
11	10	1	2	0.830744
11	10	2	1	0.301833
11	10	2	2	0.416205
11	10	3	1	0.280358
11	10	3	2	0.346196
11	10	4	1	0.275847
11	10	4	2	0.348998
11	10	5	1	0.518107
11	10	5	2	1.115662
11	14	1	1	0.542629
11	14	1	2	1.203706
11	14	2	1	0.279143
11	14	2	2	0.357106
11	14	3	1	0.456768
11	14	3	2	0.513825
11	14	4	1	0.246870
11	14	4	2	0.290921
11	14	5	1	0.422358
11	14	5	2	0.785344
12	1	1	1	0.518107
12	1	1	2	1.115662
12	1	2	1	0.279143
12	1	2	2	0.357106
12	1	3	1	0.304119
12	1	3	2	0.375426
12	1	4	1	0.246504
12	1	4	2	0.287741
12	1	5	1	0.502258
12	1	5	2	1.059427
12	2	1	1	0.402749
12	2	1	2	0.720940
12	2	2	1	0.286163
12	2	2	2	0.374817
12	2	3	1	0.295088
12	2	3	2	0.364835
12	2	4	1	0.264155
12	2	4	2	0.321560
12	2	5	1	0.409180
12	2	5	2	0.741915
12	5	1	1	0.551002
12	5	1	2	1.234039
12	5	2	1	0.246187
12	5	2	2	0.287745
12	5	3	1	0.356456
12	5	3	2	0.428864
12	5	4	1	0.279143
12	5	4	2	0.357106
12	5	5	1	0.442913
12	5	5	2	0.854183
12	8	1	1	0.471770
12	8	1	2	0.952865
12	8	2	1	0.246870
12	8	2	2	0.290921
12	8	3	1	0.295088
12	8	3	2	0.364835
12	8	4	1	0.248895
12	8	4	2	0.290842
12	8	5	1	0.429105
12	8	5	2	0.807797
12	4	1	1	0.435957
12	4	1	2	0.830744
12	4	2	1	0.246870
12	4	2	2	0.290921
12	4	3	1	0.304119
12	4	3	2	0.375426
12	4	4	1	0.261626
12	4	4	2	0.315953
12	4	5	1	0.384103
12	4	5	2	0.660973
12	7	1	1	0.457136
12	7	1	2	0.902539
12	7	2	1	0.246504
12	7	2	2	0.287741
12	7	3	1	0.356456
12	7	3	2	0.428864
12	7	4	1	0.246870
12	7	4	2	0.290921
12	7	5	1	0.486811
12	7	5	2	1.005161
12	11	1	1	0.378104
12	11	1	2	0.641971
12	11	2	1	0.251580
12	11	2	2	0.295478
12	11	3	1	0.424417
12	11	3	2	0.487653
12	11	4	1	0.310446
12	11	4	2	0.439877
12	11	5	1	0.378104
12	11	5	2	0.641971
12	15	1	1	0.449973
12	15	1	2	0.878115
12	15	2	1	0.306076
12	15	2	2	0.427793
12	15	3	1	0.260803
12	15	3	2	0.317588
12	15	4	1	0.286163
12	15	4	2	0.374817
12	15	5	1	0.435957
12	15	5	2	0.830744
12	9	1	1	0.409180
12	9	1	2	0.741915
12	9	2	1	0.272696
12	9	2	2	0.341388
12	9	3	1	0.397708
12	9	3	2	0.465383
12	9	4	1	0.275847
12	9	4	2	0.348998
12	9	5	1	0.409180
12	9	5	2	0.741915
12	3	1	1	0.449973
12	3	1	2	0.878115
12	3	2	1	0.310446
12	3	2	2	0.439877
12	3	3	1	0.340328
12	3	3	2	0.413505
12	3	4	1	0.261626
12	3	4	2	0.315953
12	3	5	1	0.464402
12	3	5	2	0.927456
12	6	1	1	0.526181
12	6	1	2	1.144518
12	6	2	1	0.250135
12	6	2	2	0.292905
12	6	3	1	0.254672
12	6	3	2	0.307099
12	6	4	1	0.266846
12	6	4	2	0.327669
12	6	5	1	0.378104
12	6	5	2	0.641971
12	13	1	1	0.576712
12	13	1	2	1.327989
12	13	2	1	0.255055
12	13	2	2	0.302151
12	13	3	1	0.260803
12	13	3	2	0.317588
12	13	4	1	0.264155
12	13	4	2	0.321560
12	13	5	1	0.449973
12	13	5	2	0.878115
12	14	1	1	0.378104
12	14	1	2	0.641971
12	14	2	1	0.272696
12	14	2	2	0.341388
12	14	3	1	0.326472
12	14	3	2	0.399619
12	14	4	1	0.289880
12	14	4	2	0.384419
12	14	5	1	0.449973
12	14	5	2	0.878115
12	10	1	1	0.526181
12	10	1	2	1.144518
12	10	2	1	0.293733
12	10	2	2	0.394518
12	10	3	1	0.257483
12	10	3	2	0.312044
12	10	4	1	0.247069
12	10	4	2	0.288257
12	10	5	1	0.435957
12	10	5	2	0.830744
13	10	1	1	0.396426
13	10	1	2	0.700458
13	10	2	1	0.250135
13	10	2	2	0.292905
13	10	3	1	0.250401
13	10	3	2	0.298951
13	10	4	1	0.247069
13	10	4	2	0.288257
13	10	5	1	0.510132
13	10	5	2	1.087298
13	9	1	1	0.502258
13	9	1	2	1.059427
13	9	2	1	0.275847
13	9	2	2	0.348998
13	9	3	1	0.456768
13	9	3	2	0.513825
13	9	4	1	0.275847
13	9	4	2	0.348998
13	9	5	1	0.576712
13	9	5	2	1.327989
13	5	1	1	0.471770
13	5	1	2	0.952865
13	5	2	1	0.246131
13	5	2	2	0.288274
13	5	3	1	0.304119
13	5	3	2	0.375426
13	5	4	1	0.247069
13	5	4	2	0.288257
13	5	5	1	0.429105
13	5	5	2	0.807797
13	7	1	1	0.429105
13	7	1	2	0.807797
13	7	2	1	0.261626
13	7	2	2	0.315953
13	7	3	1	0.326472
13	7	3	2	0.399619
13	7	4	1	0.246353
13	7	4	2	0.289331
13	7	5	1	0.486811
13	7	5	2	1.005161
13	1	1	1	0.568043
13	1	1	2	1.296180
13	1	2	1	0.248895
13	1	2	2	0.290842
13	1	3	1	0.280358
13	1	3	2	0.346196
13	1	4	1	0.246870
13	1	4	2	0.290921
13	1	5	1	0.402749
13	1	5	2	0.720940
13	12	1	1	0.429105
13	12	1	2	0.807797
13	12	2	1	0.310446
13	12	2	2	0.439877
13	12	3	1	0.252324
13	12	3	2	0.302739
13	12	4	1	0.259262
13	12	4	2	0.310848
13	12	5	1	0.510132
13	12	5	2	1.087298
13	15	1	1	0.542629
13	15	1	2	1.203706
13	15	2	1	0.246870
13	15	2	2	0.290921
13	15	3	1	0.280358
13	15	3	2	0.346196
13	15	4	1	0.266846
13	15	4	2	0.327669
13	15	5	1	0.486811
13	15	5	2	1.005161
13	8	1	1	0.559473
13	8	1	2	1.264864
13	8	2	1	0.306076
13	8	2	2	0.427793
13	8	3	1	0.269185
13	8	3	2	0.330552
13	8	4	1	0.310446
13	8	4	2	0.439877
13	8	5	1	0.372215
13	8	5	2	0.623462
13	11	1	1	0.518107
13	11	1	2	1.115662
13	11	2	1	0.279143
13	11	2	2	0.357106
13	11	3	1	0.314502
13	11	3	2	0.386980
13	11	4	1	0.269695
13	11	4	2	0.334278
13	11	5	1	0.576712
13	11	5	2	1.327989
13	2	1	1	0.559473
13	2	1	2	1.264864
13	2	2	1	0.248870
13	2	2	2	0.295725
13	2	3	1	0.326472
13	2	3	2	0.399619
13	2	4	1	0.251580
13	2	4	2	0.295478
13	2	5	1	0.542629
13	2	5	2	1.203706
13	14	1	1	0.435957
13	14	1	2	0.830744
13	14	2	1	0.247702
13	14	2	2	0.293050
13	14	3	1	0.314502
13	14	3	2	0.386980
13	14	4	1	0.289880
13	14	4	2	0.384419
13	14	5	1	0.390210
13	14	5	2	0.680469
13	4	1	1	0.534355
13	4	1	2	1.173866
13	4	2	1	0.306076
13	4	2	2	0.427793
13	4	3	1	0.456768
13	4	3	2	0.513825
13	4	4	1	0.246504
13	4	4	2	0.287741
13	4	5	1	0.471770
13	4	5	2	0.952865
13	3	1	1	0.422358
13	3	1	2	0.785344
13	3	2	1	0.248895
13	3	2	2	0.290842
13	3	3	1	0.280358
13	3	3	2	0.346196
13	3	4	1	0.246870
13	3	4	2	0.290921
13	3	5	1	0.486811
13	3	5	2	1.005161
13	6	1	1	0.390210
13	6	1	2	0.680469
13	6	2	1	0.248895
13	6	2	2	0.290842
13	6	3	1	0.254672
13	6	3	2	0.307099
13	6	4	1	0.251580
13	6	4	2	0.295478
13	6	5	1	0.396426
13	6	5	2	0.700458
14	15	1	1	0.568043
14	15	1	2	1.296180
14	15	2	1	0.247870
14	15	2	2	0.289292
14	15	3	1	0.295088
14	15	3	2	0.364835
14	15	4	1	0.248895
14	15	4	2	0.290842
14	15	5	1	0.534355
14	15	5	2	1.173866
14	8	1	1	0.526181
14	8	1	2	1.144518
14	8	2	1	0.286163
14	8	2	2	0.374817
14	8	3	1	0.295088
14	8	3	2	0.364835
14	8	4	1	0.282583
14	8	4	2	0.365713
14	8	5	1	0.415716
14	8	5	2	0.763383
14	9	1	1	0.576712
14	9	1	2	1.327989
14	9	2	1	0.306076
14	9	2	2	0.427793
14	9	3	1	0.295088
14	9	3	2	0.364835
14	9	4	1	0.293733
14	9	4	2	0.394518
14	9	5	1	0.366437
14	9	5	2	0.605446
14	4	1	1	0.449973
14	4	1	2	0.878115
14	4	2	1	0.289880
14	4	2	2	0.384419
14	4	3	1	0.424417
14	4	3	2	0.487653
14	4	4	1	0.246131
14	4	4	2	0.288274
14	4	5	1	0.479240
14	4	5	2	0.978767
14	1	1	1	0.510132
14	1	1	2	1.087298
14	1	2	1	0.246870
14	1	2	2	0.290921
14	1	3	1	0.304119
14	1	3	2	0.375426
14	1	4	1	0.251580
14	1	4	2	0.295478
14	1	5	1	0.486811
14	1	5	2	1.005161
14	10	1	1	0.542629
14	10	1	2	1.203706
14	10	2	1	0.246131
14	10	2	2	0.288274
14	10	3	1	0.250401
14	10	3	2	0.298951
14	10	4	1	0.250135
14	10	4	2	0.292905
14	10	5	1	0.568043
14	10	5	2	1.296180
14	12	1	1	0.576712
14	12	1	2	1.327989
14	12	2	1	0.266846
14	12	2	2	0.327669
14	12	3	1	0.304119
14	12	3	2	0.375426
14	12	4	1	0.257070
14	12	4	2	0.306247
14	12	5	1	0.568043
14	12	5	2	1.296180
14	2	1	1	0.390210
14	2	1	2	0.680469
14	2	2	1	0.310446
14	2	2	2	0.439877
14	2	3	1	0.314502
14	2	3	2	0.386980
14	2	4	1	0.275847
14	2	4	2	0.348998
14	2	5	1	0.471770
14	2	5	2	0.952865
14	5	1	1	0.542629
14	5	1	2	1.203706
14	5	2	1	0.286163
14	5	2	2	0.374817
14	5	3	1	0.257483
14	5	3	2	0.312044
14	5	4	1	0.246870
14	5	4	2	0.290921
14	5	5	1	0.494484
14	5	5	2	1.032048
14	3	1	1	0.372215
14	3	1	2	0.623462
14	3	2	1	0.310446
14	3	2	2	0.439877
14	3	3	1	0.326472
14	3	3	2	0.399619
14	3	4	1	0.248870
14	3	4	2	0.295725
14	3	5	1	0.534355
14	3	5	2	1.173866
14	7	1	1	0.366437
14	7	1	2	0.605446
14	7	2	1	0.251580
14	7	2	2	0.295478
14	7	3	1	0.314502
14	7	3	2	0.386980
14	7	4	1	0.246187
14	7	4	2	0.287745
14	7	5	1	0.366437
14	7	5	2	0.605446
14	13	1	1	0.559473
14	13	1	2	1.264864
14	13	2	1	0.247870
14	13	2	2	0.289292
14	13	3	1	0.250401
14	13	3	2	0.298951
14	13	4	1	0.248895
14	13	4	2	0.290842
14	13	5	1	0.384103
14	13	5	2	0.660973
14	11	1	1	0.415716
14	11	1	2	0.763383
14	11	2	1	0.246353
14	11	2	2	0.289331
14	11	3	1	0.424417
14	11	3	2	0.487653
14	11	4	1	0.253223
14	11	4	2	0.298561
14	11	5	1	0.494484
14	11	5	2	1.032048
14	6	1	1	0.402749
14	6	1	2	0.720940
14	6	2	1	0.310446
14	6	2	2	0.439877
14	6	3	1	0.280358
14	6	3	2	0.346196
14	6	4	1	0.301833
14	6	4	2	0.416205
14	6	5	1	0.415716
14	6	5	2	0.763383
15	8	1	1	0.415716
15	8	1	2	0.763383
15	8	2	1	0.272696
15	8	2	2	0.341388
15	8	3	1	0.314502
15	8	3	2	0.386980
15	8	4	1	0.246187
15	8	4	2	0.287745
15	8	5	1	0.502258
15	8	5	2	1.059427
15	1	1	1	0.486811
15	1	1	2	1.005161
15	1	2	1	0.261626
15	1	2	2	0.315953
15	1	3	1	0.264683
15	1	3	2	0.323750
15	1	4	1	0.253223
15	1	4	2	0.298561
15	1	5	1	0.494484
15	1	5	2	1.032048
15	9	1	1	0.576712
15	9	1	2	1.327989
15	9	2	1	0.253223
15	9	2	2	0.298561
15	9	3	1	0.252324
15	9	3	2	0.302739
15	9	4	1	0.306076
15	9	4	2	0.427793
15	9	5	1	0.449973
15	9	5	2	0.878115
15	14	1	1	0.559473
15	14	1	2	1.264864
15	14	2	1	0.246870
15	14	2	2	0.290921
15	14	3	1	0.252324
15	14	3	2	0.302739
15	14	4	1	0.246870
15	14	4	2	0.290921
15	14	5	1	0.360770
15	14	5	2	0.587924
15	12	1	1	0.366437
15	12	1	2	0.605446
15	12	2	1	0.297717
15	12	2	2	0.405114
15	12	3	1	0.252324
15	12	3	2	0.302739
15	12	4	1	0.293733
15	12	4	2	0.394518
15	12	5	1	0.449973
15	12	5	2	0.878115
15	5	1	1	0.409180
15	5	1	2	0.741915
15	5	2	1	0.246353
15	5	2	2	0.289331
15	5	3	1	0.280358
15	5	3	2	0.346196
15	5	4	1	0.247702
15	5	4	2	0.293050
15	5	5	1	0.526181
15	5	5	2	1.144518
15	4	1	1	0.518107
15	4	1	2	1.115662
15	4	2	1	0.257070
15	4	2	2	0.306247
15	4	3	1	0.326472
15	4	3	2	0.399619
15	4	4	1	0.310446
15	4	4	2	0.439877
15	4	5	1	0.494484
15	4	5	2	1.032048
15	2	1	1	0.372215
15	2	1	2	0.623462
15	2	2	1	0.293733
15	2	2	2	0.394518
15	2	3	1	0.424417
15	2	3	2	0.487653
15	2	4	1	0.257070
15	2	4	2	0.306247
15	2	5	1	0.518107
15	2	5	2	1.115662
15	10	1	1	0.435957
15	10	1	2	0.830744
15	10	2	1	0.248870
15	10	2	2	0.295725
15	10	3	1	0.356456
15	10	3	2	0.428864
15	10	4	1	0.246131
15	10	4	2	0.288274
15	10	5	1	0.384103
15	10	5	2	0.660973
15	7	1	1	0.442913
15	7	1	2	0.854183
15	7	2	1	0.264155
15	7	2	2	0.321560
15	7	3	1	0.424417
15	7	3	2	0.487653
15	7	4	1	0.286163
15	7	4	2	0.374817
15	7	5	1	0.518107
15	7	5	2	1.115662
15	3	1	1	0.378104
15	3	1	2	0.641971
15	3	2	1	0.248895
15	3	2	2	0.290842
15	3	3	1	0.356456
15	3	3	2	0.428864
15	3	4	1	0.247702
15	3	4	2	0.293050
15	3	5	1	0.542629
15	3	5	2	1.203706
15	11	1	1	0.479240
15	11	1	2	0.978767
15	11	2	1	0.246131
15	11	2	2	0.288274
15	11	3	1	0.257483
15	11	3	2	0.312044
15	11	4	1	0.289880
15	11	4	2	0.384419
15	11	5	1	0.442913
15	11	5	2	0.854183
15	13	1	1	0.542629
15	13	1	2	1.203706
15	13	2	1	0.279143
15	13	2	2	0.357106
15	13	3	1	0.397708
15	13	3	2	0.465383
15	13	4	1	0.246353
15	13	4	2	0.289331
15	13	5	1	0.479240
15	13	5	2	0.978767
15	6	1	1	0.360770
15	6	1	2	0.587924
15	6	2	1	0.286163
15	6	2	2	0.374817
15	6	3	1	0.326472
15	6	3	2	0.399619
15	6	4	1	0.297717
15	6	4	2	0.405114
15	6	5	1	0.390210
15	6	5	2	0.680469
0	4	1	1	0.502258
0	4	1	2	1.059427
0	4	2	1	0.289880
0	4	2	2	0.384419
0	4	3	1	0.287219
0	4	3	2	0.355115
0	4	4	1	0.248895
0	4	4	2	0.290842
0	4	5	1	0.442913
0	4	5	2	0.854183
0	2	1	1	0.526181
0	2	1	2	1.144518
0	2	2	1	0.246187
0	2	2	2	0.287745
0	2	3	1	0.314502
0	2	3	2	0.386980
0	2	4	1	0.248895
0	2	4	2	0.290842
0	2	5	1	0.479240
0	2	5	2	0.978767
0	8	1	1	0.409180
0	8	1	2	0.741915
0	8	2	1	0.297717
0	8	2	2	0.405114
0	8	3	1	0.375359
0	8	3	2	0.446007
0	8	4	1	0.250135
0	8	4	2	0.292905
0	8	5	1	0.542629
0	8	5	2	1.203706
0	12	1	1	0.479240
0	12	1	2	0.978767
0	12	2	1	0.246870
0	12	2	2	0.290921
0	12	3	1	0.326472
0	12	3	2	0.399619
0	12	4	1	0.261626
0	12	4	2	0.315953
0	12	5	1	0.442913
0	12	5	2	0.854183
0	3	1	1	0.390210
0	3	1	2	0.680469
0	3	2	1	0.247702
0	3	2	2	0.293050
0	3	3	1	0.250401
0	3	3	2	0.298951
0	3	4	1	0.306076
0	3	4	2	0.427793
0	3	5	1	0.415716
0	3	5	2	0.763383
0	1	1	1	0.559473
0	1	1	2	1.264864
0	1	2	1	0.279143
0	1	2	2	0.357106
0	1	3	1	0.375359
0	1	3	2	0.446007
0	1	4	1	0.289880
0	1	4	2	0.384419
0	1	5	1	0.518107
0	1	5	2	1.115662
0	15	1	1	0.402749
0	15	1	2	0.720940
0	15	2	1	0.253223
0	15	2	2	0.298561
0	15	3	1	0.295088
0	15	3	2	0.364835
0	15	4	1	0.246504
0	15	4	2	0.287741
0	15	5	1	0.479240
0	15	5	2	0.978767
0	5	1	1	0.415716
0	5	1	2	0.763383
0	5	2	1	0.306076
0	5	2	2	0.427793
0	5	3	1	0.257483
0	5	3	2	0.312044
0	5	4	1	0.306076
0	5	4	2	0.427793
0	5	5	1	0.464402
0	5	5	2	0.927456
0	9	1	1	0.422358
0	9	1	2	0.785344
0	9	2	1	0.247069
0	9	2	2	0.288257
0	9	3	1	0.280358
0	9	3	2	0.346196
0	9	4	1	0.247702
0	9	4	2	0.293050
0	9	5	1	0.396426
0	9	5	2	0.700458
0	11	1	1	0.542629
0	11	1	2	1.203706
0	11	2	1	0.286163
0	11	2	2	0.374817
0	11	3	1	0.287219
0	11	3	2	0.355115
0	11	4	1	0.301833
0	11	4	2	0.416205
0	11	5	1	0.494484
0	11	5	2	1.032048
0	7	1	1	0.502258
0	7	1	2	1.059427
0	7	2	1	0.275847
0	7	2	2	0.348998
0	7	3	1	0.274382
0	7	3	2	0.338023
0	7	4	1	0.293733
0	7	4	2	0.394518
0	7	5	1	0.422358
0	7	5	2	0.785344
0	14	1	1	0.372215
0	14	1	2	0.623462
0	14	2	1	0.306076
0	14	2	2	0.427793
0	14	3	1	0.456768
0	14	3	2	0.513825
0	14	4	1	0.297717
0	14	4	2	0.405114
0	14	5	1	0.471770
0	14	5	2	0.952865
0	6	1	1	0.568043
0	6	1	2	1.296180
0	6	2	1	0.297717
0	6	2	2	0.405114
0	6	3	1	0.314502
0	6	3	2	0.386980
0	6	4	1	0.250135
0	6	4	2	0.292905
0	6	5	1	0.502258
0	6	5	2	1.059427
0	10	1	1	0.510132
0	10	1	2	1.087298
0	10	2	1	0.272696
0	10	2	2	0.341388
0	10	3	1	0.254672
0	10	3	2	0.307099
0	10	4	1	0.282583
0	10	4	2	0.365713
0	10	5	1	0.457136
0	10	5	2	0.902539
0	13	1	1	0.526181
0	13	1	2	1.144518
0	13	2	1	0.301833
0	13	2	2	0.416205
0	13	3	1	0.397708
0	13	3	2	0.465383
0	13	4	1	0.247069
0	13	4	2	0.288257
0	13	5	1	0.435957
0	13	5	2	0.830744
4	0	1	1	0.442913
4	0	1	2	0.854183
4	0	2	1	0.248895
4	0	2	2	0.290842
4	0	3	1	0.274382
4	0	3	2	0.338023
4	0	4	1	0.310446
4	0	4	2	0.439877
4	0	5	1	0.486811
4	0	5	2	1.005161
2	0	1	1	0.415716
2	0	1	2	0.763383
2	0	2	1	0.246353
2	0	2	2	0.289331
2	0	3	1	0.264683
2	0	3	2	0.323750
2	0	4	1	0.310446
2	0	4	2	0.439877
2	0	5	1	0.502258
2	0	5	2	1.059427
8	0	1	1	0.396426
8	0	1	2	0.700458
8	0	2	1	0.247702
8	0	2	2	0.293050
8	0	3	1	0.456768
8	0	3	2	0.513825
8	0	4	1	0.250135
8	0	4	2	0.292905
8	0	5	1	0.568043
8	0	5	2	1.296180
12	0	1	1	0.360770
12	0	1	2	0.587924
12	0	2	1	0.248895
12	0	2	2	0.290842
12	0	3	1	0.257483
12	0	3	2	0.312044
12	0	4	1	0.246504
12	0	4	2	0.287741
12	0	5	1	0.378104
12	0	5	2	0.641971
3	0	1	1	0.390210
3	0	1	2	0.680469
3	0	2	1	0.246187
3	0	2	2	0.287745
3	0	3	1	0.269185
3	0	3	2	0.330552
3	0	4	1	0.279143
3	0	4	2	0.357106
3	0	5	1	0.390210
3	0	5	2	0.680469
1	0	1	1	0.435957
1	0	1	2	0.830744
1	0	2	1	0.264155
1	0	2	2	0.321560
1	0	3	1	0.356456
1	0	3	2	0.428864
1	0	4	1	0.275847
1	0	4	2	0.348998
1	0	5	1	0.542629
1	0	5	2	1.203706
15	0	1	1	0.422358
15	0	1	2	0.785344
15	0	2	1	0.306076
15	0	2	2	0.427793
15	0	3	1	0.269185
15	0	3	2	0.330552
15	0	4	1	0.279143
15	0	4	2	0.357106
15	0	5	1	0.442913
15	0	5	2	0.854183
5	0	1	1	0.559473
5	0	1	2	1.264864
5	0	2	1	0.246131
5	0	2	2	0.288274
5	0	3	1	0.304119
5	0	3	2	0.375426
5	0	4	1	0.289880
5	0	4	2	0.384419
5	0	5	1	0.510132
5	0	5	2	1.087298
9	0	1	1	0.442913
9	0	1	2	0.854183
9	0	2	1	0.246131
9	0	2	2	0.288274
9	0	3	1	0.314502
9	0	3	2	0.386980
9	0	4	1	0.259262
9	0	4	2	0.310848
9	0	5	1	0.435957
9	0	5	2	0.830744
11	0	1	1	0.486811
11	0	1	2	1.005161
11	0	2	1	0.297717
11	0	2	2	0.405114
11	0	3	1	0.340328
11	0	3	2	0.413505
11	0	4	1	0.286163
11	0	4	2	0.374817
11	0	5	1	0.396426
11	0	5	2	0.700458
7	0	1	1	0.526181
7	0	1	2	1.144518
7	0	2	1	0.264155
7	0	2	2	0.321560
7	0	3	1	0.456768
7	0	3	2	0.513825
7	0	4	1	0.306076
7	0	4	2	0.427793
7	0	5	1	0.360770
7	0	5	2	0.587924
14	0	1	1	0.526181
14	0	1	2	1.144518
14	0	2	1	0.248895
14	0	2	2	0.290842
14	0	3	1	0.252324
14	0	3	2	0.302739
14	0	4	1	0.255055
14	0	4	2	0.302151
14	0	5	1	0.360770
14	0	5	2	0.587924
6	0	1	1	0.479240
6	0	1	2	0.978767
6	0	2	1	0.246187
6	0	2	2	0.287745
6	0	3	1	0.274382
6	0	3	2	0.338023
6	0	4	1	0.264155
6	0	4	2	0.321560
6	0	5	1	0.422358
6	0	5	2	0.785344
10	0	1	1	0.396426
10	0	1	2	0.700458
10	0	2	1	0.279143
10	0	2	2	0.357106
10	0	3	1	0.257483
10	0	3	2	0.312044
10	0	4	1	0.248895
10	0	4	2	0.290842
10	0	5	1	0.360770
10	0	5	2	0.587924
13	0	1	1	0.442913
13	0	1	2	0.854183
13	0	2	1	0.301833
13	0	2	2	0.416205
13	0	3	1	0.264683
13	0	3	2	0.323750
13	0	4	1	0.251580
13	0	4	2	0.295478
13	0	5	1	0.518107
13	0	5	2	1.115662
;
