param:	TIME:	Ts	Te:=
1	0   108
2	108   216
3	216   324
4	324   432
5	432   540
;
param:	NODE:	r	st	WS	WE:=
0	0	0	0	540
1	1584	18	86	411
2	2325	26	43	387
3	1440	16	27	364
4	885	10	34	371
5	2238	25	45	383
6	792	9	44	364
7	1923	21	86	436
8	888	10	72	389
9	1713	19	11	338
10	1551	17	73	392
11	2385	26	42	378
12	774	9	44	363
13	2025	22	63	405
14	1962	22	33	365
15	684	8	29	341
;
param: VEHICLE:	Ch	Lh	Ph	ch:=
1	10000	150	2.2384e-005	2.66374
2	15000	200	1.79961e-005	2.66374
3	10000	150	2.2384e-005	2.66374
4	15000	200	1.79961e-005	2.66374
;
param q_real:=3;
param	nth:=14;
param	nth1:=15;
param:	ARC:	D:=
1	2	45.459999
1	9	46.779999
1	4	52.250000
1	3	64.559998
1	7	75.239998
1	13	80.230003
1	14	86.570000
1	15	99.550003
1	6	102.360001
1	12	107.449997
1	8	109.830002
1	11	110.910004
1	10	158.181000
1	5	189.621002
2	14	44.090000
2	1	45.310001
2	3	46.889999
2	9	61.480000
2	4	64.570999
2	7	76.050003
2	13	79.629997
2	15	96.510002
2	6	99.320000
2	12	108.260002
2	8	108.790001
2	11	111.720001
2	10	158.990997
2	5	192.600998
3	14	33.389999
3	13	44.630001
3	7	45.220001
3	2	46.980000
3	9	49.669998
3	4	52.761002
3	15	60.000000
3	6	62.810001
3	1	64.199997
3	8	72.279999
3	12	77.959999
3	11	80.440002
3	10	125.300003
3	5	150.800003
4	9	8.440000
4	3	51.250999
4	1	52.400002
4	7	54.891998
4	13	59.882000
4	2	64.473000
4	15	80.421997
4	14	81.880997
4	6	83.552002
4	12	87.101997
4	8	89.482002
4	11	90.561996
4	10	135.772995
4	5	167.212997
5	10	34.090000
5	11	76.809998
5	8	81.699997
5	12	84.680000
5	6	91.930000
5	15	96.839996
5	13	112.300003
5	7	119.330002
5	14	148.979996
5	3	151.591003
5	9	164.481995
5	4	167.582993
5	1	189.770996
5	2	192.893005
6	15	6.030000
6	8	11.010000
6	11	21.080000
6	13	24.000000
6	7	31.379999
6	12	36.709999
6	3	62.910999
6	10	63.790001
6	14	64.010002
6	9	81.431000
6	4	84.522003
6	5	91.639999
6	2	99.349998
6	1	102.059998
7	13	6.970000
7	15	27.510000
7	6	30.760000
7	8	37.520000
7	11	42.680000
7	12	43.279999
7	3	45.230000
7	9	53.441002
7	4	56.532001
7	14	58.431000
7	1	75.930000
7	2	77.050003
7	10	90.339996
7	5	118.190002
8	11	10.880000
8	6	11.220000
8	15	16.129999
8	12	29.020000
8	13	31.240000
8	7	38.270000
8	10	53.590000
8	3	72.341003
8	14	73.440002
8	5	81.440002
8	9	87.481003
8	4	90.582001
8	2	108.779999
8	1	109.970001
9	4	8.430000
9	1	46.900002
9	3	48.720001
9	7	52.361000
9	13	57.351002
9	2	61.942001
9	15	77.890999
9	14	79.349998
9	6	81.021004
9	12	84.570999
9	8	86.950996
9	11	88.030998
9	10	133.242004
9	5	164.682007
10	5	33.869999
10	11	48.549999
10	8	53.439999
10	12	54.639999
10	6	63.669998
10	15	68.580002
10	13	84.040001
10	7	91.070000
10	3	124.990997
10	14	126.089996
10	9	134.001999
10	4	137.102997
10	1	156.490997
10	2	157.610992
11	8	10.950000
11	6	21.180000
11	12	23.209999
11	15	26.090000
11	13	36.380001
11	7	43.410000
11	10	48.549999
11	5	76.400002
11	3	80.330002
11	14	83.400002
11	9	88.380997
11	4	91.482002
11	1	110.870003
11	2	111.989998
12	11	23.040001
12	8	29.030001
12	6	36.630001
12	13	37.799999
12	15	39.779999
12	7	42.650002
12	10	54.700001
12	3	78.041000
12	5	84.580002
12	9	85.031998
12	4	88.123001
12	14	92.690002
12	1	107.521004
12	2	108.640999
13	7	7.590000
13	15	20.660000
13	6	24.030001
13	8	31.200001
13	11	36.360001
13	12	37.840000
13	3	44.509998
13	14	55.450001
13	9	57.631001
13	4	60.731998
13	2	79.519997
13	1	80.120003
13	10	84.019997
13	5	111.870003
14	3	33.369999
14	2	44.060001
14	13	55.630001
14	7	58.480000
14	15	61.700001
14	6	64.510002
14	8	73.980003
14	9	80.720001
14	4	83.820999
14	11	84.050003
14	1	86.410004
14	12	92.919998
14	10	127.000000
14	5	149.000000
15	6	6.110000
15	8	16.190001
15	13	20.570000
15	11	26.260000
15	7	28.040001
15	12	39.669998
15	3	60.101002
15	14	61.200001
15	10	68.970001
15	9	78.081001
15	4	81.171997
15	2	96.540001
15	5	96.820000
15	1	99.250000
0	8	15.180000
0	11	16.049999
0	12	17.549999
0	6	19.910000
0	13	20.930000
0	15	23.059999
0	7	27.959999
0	10	63.709999
0	3	64.879997
0	9	72.931000
0	14	75.820000
0	4	76.022003
0	5	91.559998
0	1	95.419998
0	2	96.540001
8	0	15.310000
11	0	16.129999
12	0	17.570000
6	0	19.930000
13	0	21.059999
15	0	22.889999
7	0	27.379999
10	0	63.790001
3	0	65.139999
9	0	72.731003
4	0	75.262001
14	0	76.139999
5	0	92.050003
1	0	95.610001
2	0	96.419998
;
param:	v:=
1	2	1	97
1	2	2	30
1	2	3	14
1	2	4	40
1	2	5	79
1	9	1	87
1	9	2	57
1	9	3	12
1	9	4	44
1	9	5	78
1	4	1	92
1	4	2	37
1	4	3	19
1	4	4	44
1	4	5	81
1	3	1	90
1	3	2	37
1	3	3	30
1	3	4	36
1	3	5	91
1	7	1	79
1	7	2	30
1	7	3	11
1	7	4	54
1	7	5	78
1	13	1	98
1	13	2	42
1	13	3	16
1	13	4	31
1	13	5	91
1	14	1	78
1	14	2	40
1	14	3	17
1	14	4	35
1	14	5	73
1	15	1	90
1	15	2	50
1	15	3	26
1	15	4	55
1	15	5	95
1	6	1	100
1	6	2	48
1	6	3	28
1	6	4	42
1	6	5	74
1	12	1	93
1	12	2	45
1	12	3	11
1	12	4	49
1	12	5	76
1	8	1	74
1	8	2	49
1	8	3	17
1	8	4	41
1	8	5	76
1	11	1	88
1	11	2	49
1	11	3	16
1	11	4	47
1	11	5	93
1	10	1	70
1	10	2	51
1	10	3	13
1	10	4	47
1	10	5	76
1	5	1	94
1	5	2	57
1	5	3	12
1	5	4	40
1	5	5	72
2	14	1	91
2	14	2	56
2	14	3	14
2	14	4	45
2	14	5	83
2	1	1	80
2	1	2	38
2	1	3	12
2	1	4	60
2	1	5	97
2	3	1	96
2	3	2	44
2	3	3	26
2	3	4	40
2	3	5	93
2	9	1	71
2	9	2	58
2	9	3	11
2	9	4	56
2	9	5	99
2	4	1	78
2	4	2	52
2	4	3	26
2	4	4	60
2	4	5	86
2	7	1	70
2	7	2	32
2	7	3	16
2	7	4	38
2	7	5	90
2	13	1	98
2	13	2	58
2	13	3	18
2	13	4	47
2	13	5	85
2	15	1	83
2	15	2	52
2	15	3	22
2	15	4	39
2	15	5	92
2	6	1	95
2	6	2	36
2	6	3	12
2	6	4	34
2	6	5	83
2	12	1	96
2	12	2	40
2	12	3	13
2	12	4	31
2	12	5	92
2	8	1	94
2	8	2	40
2	8	3	11
2	8	4	35
2	8	5	86
2	11	1	71
2	11	2	50
2	11	3	20
2	11	4	31
2	11	5	97
2	10	1	87
2	10	2	42
2	10	3	20
2	10	4	53
2	10	5	80
2	5	1	74
2	5	2	34
2	5	3	19
2	5	4	49
2	5	5	91
3	14	1	71
3	14	2	43
3	14	3	12
3	14	4	57
3	14	5	71
3	13	1	100
3	13	2	35
3	13	3	14
3	13	4	32
3	13	5	97
3	7	1	83
3	7	2	58
3	7	3	10
3	7	4	45
3	7	5	72
3	2	1	98
3	2	2	30
3	2	3	30
3	2	4	52
3	2	5	81
3	9	1	76
3	9	2	33
3	9	3	19
3	9	4	33
3	9	5	75
3	4	1	85
3	4	2	38
3	4	3	28
3	4	4	54
3	4	5	92
3	15	1	89
3	15	2	34
3	15	3	28
3	15	4	34
3	15	5	79
3	6	1	73
3	6	2	59
3	6	3	18
3	6	4	52
3	6	5	89
3	1	1	91
3	1	2	44
3	1	3	14
3	1	4	34
3	1	5	99
3	8	1	98
3	8	2	34
3	8	3	14
3	8	4	48
3	8	5	83
3	12	1	89
3	12	2	46
3	12	3	11
3	12	4	41
3	12	5	82
3	11	1	85
3	11	2	51
3	11	3	30
3	11	4	34
3	11	5	88
3	10	1	80
3	10	2	33
3	10	3	25
3	10	4	39
3	10	5	90
3	5	1	73
3	5	2	46
3	5	3	11
3	5	4	49
3	5	5	92
4	9	1	94
4	9	2	52
4	9	3	20
4	9	4	43
4	9	5	76
4	3	1	79
4	3	2	48
4	3	3	11
4	3	4	47
4	3	5	75
4	1	1	74
4	1	2	43
4	1	3	24
4	1	4	57
4	1	5	88
4	7	1	97
4	7	2	35
4	7	3	14
4	7	4	40
4	7	5	74
4	13	1	94
4	13	2	30
4	13	3	28
4	13	4	55
4	13	5	83
4	2	1	74
4	2	2	59
4	2	3	30
4	2	4	44
4	2	5	95
4	15	1	79
4	15	2	50
4	15	3	27
4	15	4	41
4	15	5	83
4	14	1	75
4	14	2	34
4	14	3	11
4	14	4	53
4	14	5	88
4	6	1	100
4	6	2	34
4	6	3	11
4	6	4	36
4	6	5	99
4	12	1	89
4	12	2	53
4	12	3	27
4	12	4	46
4	12	5	99
4	8	1	83
4	8	2	49
4	8	3	30
4	8	4	34
4	8	5	96
4	11	1	75
4	11	2	38
4	11	3	30
4	11	4	58
4	11	5	70
4	10	1	78
4	10	2	49
4	10	3	20
4	10	4	33
4	10	5	71
4	5	1	70
4	5	2	51
4	5	3	30
4	5	4	37
4	5	5	73
5	10	1	86
5	10	2	50
5	10	3	19
5	10	4	50
5	10	5	85
5	11	1	80
5	11	2	55
5	11	3	18
5	11	4	58
5	11	5	76
5	8	1	77
5	8	2	50
5	8	3	30
5	8	4	49
5	8	5	85
5	12	1	75
5	12	2	35
5	12	3	23
5	12	4	59
5	12	5	83
5	6	1	90
5	6	2	54
5	6	3	12
5	6	4	52
5	6	5	81
5	15	1	87
5	15	2	56
5	15	3	19
5	15	4	51
5	15	5	99
5	13	1	92
5	13	2	46
5	13	3	26
5	13	4	41
5	13	5	96
5	7	1	96
5	7	2	37
5	7	3	16
5	7	4	42
5	7	5	71
5	14	1	84
5	14	2	41
5	14	3	25
5	14	4	36
5	14	5	72
5	3	1	86
5	3	2	54
5	3	3	21
5	3	4	43
5	3	5	77
5	9	1	88
5	9	2	32
5	9	3	22
5	9	4	46
5	9	5	89
5	4	1	99
5	4	2	31
5	4	3	29
5	4	4	32
5	4	5	76
5	1	1	98
5	1	2	31
5	1	3	22
5	1	4	31
5	1	5	90
5	2	1	96
5	2	2	46
5	2	3	24
5	2	4	60
5	2	5	71
6	15	1	71
6	15	2	36
6	15	3	27
6	15	4	30
6	15	5	86
6	8	1	74
6	8	2	46
6	8	3	19
6	8	4	36
6	8	5	74
6	11	1	79
6	11	2	54
6	11	3	16
6	11	4	60
6	11	5	74
6	13	1	74
6	13	2	37
6	13	3	20
6	13	4	59
6	13	5	93
6	7	1	82
6	7	2	48
6	7	3	20
6	7	4	56
6	7	5	75
6	12	1	95
6	12	2	60
6	12	3	21
6	12	4	38
6	12	5	70
6	3	1	81
6	3	2	55
6	3	3	18
6	3	4	45
6	3	5	72
6	10	1	91
6	10	2	55
6	10	3	11
6	10	4	41
6	10	5	85
6	14	1	89
6	14	2	40
6	14	3	17
6	14	4	37
6	14	5	74
6	9	1	74
6	9	2	47
6	9	3	21
6	9	4	43
6	9	5	71
6	4	1	84
6	4	2	54
6	4	3	20
6	4	4	32
6	4	5	84
6	5	1	76
6	5	2	60
6	5	3	29
6	5	4	51
6	5	5	94
6	2	1	96
6	2	2	60
6	2	3	30
6	2	4	57
6	2	5	80
6	1	1	75
6	1	2	33
6	1	3	24
6	1	4	32
6	1	5	100
7	13	1	70
7	13	2	42
7	13	3	15
7	13	4	41
7	13	5	77
7	15	1	100
7	15	2	47
7	15	3	22
7	15	4	45
7	15	5	79
7	6	1	78
7	6	2	40
7	6	3	23
7	6	4	39
7	6	5	96
7	8	1	87
7	8	2	37
7	8	3	10
7	8	4	59
7	8	5	71
7	11	1	95
7	11	2	57
7	11	3	17
7	11	4	35
7	11	5	99
7	12	1	79
7	12	2	31
7	12	3	12
7	12	4	35
7	12	5	70
7	3	1	86
7	3	2	47
7	3	3	23
7	3	4	30
7	3	5	89
7	9	1	91
7	9	2	35
7	9	3	21
7	9	4	40
7	9	5	90
7	4	1	76
7	4	2	36
7	4	3	14
7	4	4	59
7	4	5	86
7	14	1	86
7	14	2	49
7	14	3	30
7	14	4	51
7	14	5	93
7	1	1	99
7	1	2	52
7	1	3	28
7	1	4	43
7	1	5	96
7	2	1	98
7	2	2	39
7	2	3	30
7	2	4	41
7	2	5	71
7	10	1	82
7	10	2	52
7	10	3	13
7	10	4	42
7	10	5	89
7	5	1	71
7	5	2	44
7	5	3	15
7	5	4	34
7	5	5	86
8	11	1	77
8	11	2	45
8	11	3	13
8	11	4	31
8	11	5	80
8	6	1	79
8	6	2	39
8	6	3	22
8	6	4	39
8	6	5	91
8	15	1	74
8	15	2	47
8	15	3	21
8	15	4	45
8	15	5	98
8	12	1	76
8	12	2	40
8	12	3	12
8	12	4	30
8	12	5	98
8	13	1	77
8	13	2	49
8	13	3	12
8	13	4	30
8	13	5	87
8	7	1	81
8	7	2	60
8	7	3	11
8	7	4	60
8	7	5	71
8	10	1	99
8	10	2	46
8	10	3	14
8	10	4	35
8	10	5	91
8	3	1	84
8	3	2	50
8	3	3	24
8	3	4	34
8	3	5	70
8	14	1	83
8	14	2	55
8	14	3	18
8	14	4	47
8	14	5	75
8	5	1	81
8	5	2	59
8	5	3	23
8	5	4	33
8	5	5	81
8	9	1	77
8	9	2	31
8	9	3	11
8	9	4	37
8	9	5	99
8	4	1	98
8	4	2	35
8	4	3	11
8	4	4	42
8	4	5	86
8	2	1	87
8	2	2	34
8	2	3	22
8	2	4	47
8	2	5	94
8	1	1	93
8	1	2	54
8	1	3	28
8	1	4	54
8	1	5	73
9	4	1	88
9	4	2	58
9	4	3	22
9	4	4	37
9	4	5	88
9	1	1	94
9	1	2	44
9	1	3	24
9	1	4	53
9	1	5	78
9	3	1	73
9	3	2	50
9	3	3	18
9	3	4	35
9	3	5	89
9	7	1	100
9	7	2	50
9	7	3	13
9	7	4	36
9	7	5	77
9	13	1	91
9	13	2	58
9	13	3	12
9	13	4	34
9	13	5	97
9	2	1	94
9	2	2	57
9	2	3	23
9	2	4	59
9	2	5	92
9	15	1	96
9	15	2	39
9	15	3	30
9	15	4	30
9	15	5	95
9	14	1	71
9	14	2	30
9	14	3	19
9	14	4	50
9	14	5	85
9	6	1	87
9	6	2	33
9	6	3	23
9	6	4	55
9	6	5	87
9	12	1	100
9	12	2	32
9	12	3	18
9	12	4	30
9	12	5	74
9	8	1	97
9	8	2	37
9	8	3	21
9	8	4	42
9	8	5	93
9	11	1	75
9	11	2	53
9	11	3	22
9	11	4	32
9	11	5	95
9	10	1	78
9	10	2	50
9	10	3	29
9	10	4	55
9	10	5	100
9	5	1	81
9	5	2	31
9	5	3	19
9	5	4	40
9	5	5	81
10	5	1	86
10	5	2	36
10	5	3	12
10	5	4	56
10	5	5	75
10	11	1	86
10	11	2	34
10	11	3	22
10	11	4	30
10	11	5	97
10	8	1	74
10	8	2	35
10	8	3	19
10	8	4	51
10	8	5	100
10	12	1	83
10	12	2	43
10	12	3	25
10	12	4	37
10	12	5	86
10	6	1	82
10	6	2	39
10	6	3	12
10	6	4	39
10	6	5	90
10	15	1	88
10	15	2	37
10	15	3	29
10	15	4	48
10	15	5	83
10	13	1	90
10	13	2	49
10	13	3	13
10	13	4	32
10	13	5	85
10	7	1	81
10	7	2	37
10	7	3	21
10	7	4	43
10	7	5	82
10	3	1	91
10	3	2	51
10	3	3	21
10	3	4	49
10	3	5	95
10	14	1	87
10	14	2	49
10	14	3	11
10	14	4	46
10	14	5	74
10	9	1	84
10	9	2	48
10	9	3	29
10	9	4	52
10	9	5	81
10	4	1	80
10	4	2	55
10	4	3	28
10	4	4	56
10	4	5	86
10	1	1	84
10	1	2	38
10	1	3	10
10	1	4	46
10	1	5	77
10	2	1	96
10	2	2	60
10	2	3	26
10	2	4	30
10	2	5	87
11	8	1	80
11	8	2	33
11	8	3	17
11	8	4	48
11	8	5	84
11	6	1	77
11	6	2	57
11	6	3	13
11	6	4	42
11	6	5	97
11	12	1	94
11	12	2	37
11	12	3	15
11	12	4	37
11	12	5	94
11	15	1	96
11	15	2	44
11	15	3	30
11	15	4	45
11	15	5	93
11	13	1	92
11	13	2	35
11	13	3	19
11	13	4	35
11	13	5	73
11	7	1	70
11	7	2	35
11	7	3	17
11	7	4	37
11	7	5	85
11	10	1	77
11	10	2	41
11	10	3	27
11	10	4	60
11	10	5	79
11	5	1	75
11	5	2	40
11	5	3	25
11	5	4	56
11	5	5	81
11	3	1	98
11	3	2	43
11	3	3	10
11	3	4	48
11	3	5	100
11	14	1	88
11	14	2	38
11	14	3	21
11	14	4	38
11	14	5	100
11	9	1	91
11	9	2	47
11	9	3	29
11	9	4	56
11	9	5	99
11	4	1	81
11	4	2	39
11	4	3	16
11	4	4	30
11	4	5	98
11	1	1	100
11	1	2	33
11	1	3	28
11	1	4	39
11	1	5	83
11	2	1	100
11	2	2	49
11	2	3	16
11	2	4	49
11	2	5	77
12	11	1	95
12	11	2	36
12	11	3	22
12	11	4	57
12	11	5	76
12	8	1	88
12	8	2	59
12	8	3	28
12	8	4	53
12	8	5	79
12	6	1	72
12	6	2	56
12	6	3	19
12	6	4	40
12	6	5	85
12	13	1	76
12	13	2	40
12	13	3	12
12	13	4	40
12	13	5	93
12	15	1	73
12	15	2	38
12	15	3	12
12	15	4	35
12	15	5	95
12	7	1	81
12	7	2	59
12	7	3	21
12	7	4	56
12	7	5	94
12	10	1	75
12	10	2	33
12	10	3	13
12	10	4	34
12	10	5	100
12	3	1	100
12	3	2	46
12	3	3	24
12	3	4	33
12	3	5	99
12	5	1	80
12	5	2	30
12	5	3	20
12	5	4	41
12	5	5	97
12	9	1	71
12	9	2	36
12	9	3	26
12	9	4	51
12	9	5	96
12	4	1	76
12	4	2	58
12	4	3	15
12	4	4	34
12	4	5	74
12	14	1	79
12	14	2	36
12	14	3	20
12	14	4	43
12	14	5	97
12	1	1	90
12	1	2	33
12	1	3	28
12	1	4	54
12	1	5	79
12	2	1	77
12	2	2	56
12	2	3	16
12	2	4	39
12	2	5	85
13	7	1	94
13	7	2	39
13	7	3	24
13	7	4	43
13	7	5	79
13	15	1	85
13	15	2	34
13	15	3	29
13	15	4	34
13	15	5	79
13	6	1	91
13	6	2	36
13	6	3	23
13	6	4	57
13	6	5	78
13	8	1	83
13	8	2	56
13	8	3	27
13	8	4	48
13	8	5	100
13	11	1	75
13	11	2	43
13	11	3	11
13	11	4	47
13	11	5	82
13	12	1	85
13	12	2	55
13	12	3	20
13	12	4	39
13	12	5	100
13	3	1	73
13	3	2	50
13	3	3	16
13	3	4	44
13	3	5	81
13	14	1	70
13	14	2	48
13	14	3	24
13	14	4	47
13	14	5	85
13	9	1	82
13	9	2	40
13	9	3	18
13	9	4	30
13	9	5	84
13	4	1	98
13	4	2	35
13	4	3	27
13	4	4	49
13	4	5	94
13	2	1	72
13	2	2	33
13	2	3	23
13	2	4	58
13	2	5	90
13	1	1	97
13	1	2	46
13	1	3	19
13	1	4	54
13	1	5	91
13	10	1	78
13	10	2	41
13	10	3	17
13	10	4	49
13	10	5	78
13	5	1	77
13	5	2	57
13	5	3	21
13	5	4	52
13	5	5	85
14	3	1	91
14	3	2	50
14	3	3	10
14	3	4	32
14	3	5	97
14	2	1	71
14	2	2	35
14	2	3	17
14	2	4	32
14	2	5	75
14	13	1	78
14	13	2	47
14	13	3	29
14	13	4	31
14	13	5	70
14	7	1	82
14	7	2	54
14	7	3	24
14	7	4	33
14	7	5	78
14	15	1	74
14	15	2	37
14	15	3	26
14	15	4	56
14	15	5	96
14	6	1	81
14	6	2	34
14	6	3	24
14	6	4	56
14	6	5	95
14	8	1	99
14	8	2	60
14	8	3	14
14	8	4	42
14	8	5	95
14	9	1	100
14	9	2	31
14	9	3	26
14	9	4	58
14	9	5	93
14	4	1	88
14	4	2	38
14	4	3	26
14	4	4	38
14	4	5	71
14	11	1	75
14	11	2	46
14	11	3	22
14	11	4	43
14	11	5	75
14	1	1	99
14	1	2	57
14	1	3	17
14	1	4	39
14	1	5	83
14	12	1	76
14	12	2	56
14	12	3	26
14	12	4	54
14	12	5	86
14	10	1	75
14	10	2	42
14	10	3	22
14	10	4	32
14	10	5	98
14	5	1	97
14	5	2	50
14	5	3	29
14	5	4	45
14	5	5	92
15	6	1	98
15	6	2	46
15	6	3	24
15	6	4	34
15	6	5	73
15	8	1	81
15	8	2	60
15	8	3	25
15	8	4	49
15	8	5	99
15	13	1	73
15	13	2	44
15	13	3	13
15	13	4	35
15	13	5	84
15	11	1	96
15	11	2	53
15	11	3	15
15	11	4	58
15	11	5	93
15	7	1	83
15	7	2	30
15	7	3	11
15	7	4	54
15	7	5	70
15	12	1	80
15	12	2	34
15	12	3	11
15	12	4	54
15	12	5	97
15	3	1	100
15	3	2	33
15	3	3	13
15	3	4	55
15	3	5	74
15	14	1	75
15	14	2	32
15	14	3	17
15	14	4	39
15	14	5	76
15	10	1	91
15	10	2	45
15	10	3	12
15	10	4	50
15	10	5	88
15	9	1	91
15	9	2	48
15	9	3	17
15	9	4	52
15	9	5	81
15	4	1	83
15	4	2	33
15	4	3	10
15	4	4	51
15	4	5	78
15	2	1	81
15	2	2	50
15	2	3	29
15	2	4	43
15	2	5	70
15	5	1	91
15	5	2	34
15	5	3	19
15	5	4	40
15	5	5	98
15	1	1	82
15	1	2	35
15	1	3	29
15	1	4	56
15	1	5	72
0	8	1	70
0	8	2	40
0	8	3	28
0	8	4	40
0	8	5	88
0	11	1	89
0	11	2	51
0	11	3	30
0	11	4	40
0	11	5	91
0	12	1	76
0	12	2	36
0	12	3	12
0	12	4	56
0	12	5	94
0	6	1	92
0	6	2	58
0	6	3	26
0	6	4	32
0	6	5	88
0	13	1	80
0	13	2	43
0	13	3	24
0	13	4	49
0	13	5	72
0	15	1	87
0	15	2	41
0	15	3	17
0	15	4	48
0	15	5	82
0	7	1	79
0	7	2	43
0	7	3	24
0	7	4	48
0	7	5	99
0	10	1	88
0	10	2	30
0	10	3	30
0	10	4	35
0	10	5	75
0	3	1	90
0	3	2	55
0	3	3	30
0	3	4	60
0	3	5	84
0	9	1	92
0	9	2	33
0	9	3	18
0	9	4	33
0	9	5	82
0	14	1	93
0	14	2	53
0	14	3	14
0	14	4	58
0	14	5	84
0	4	1	80
0	4	2	59
0	4	3	14
0	4	4	38
0	4	5	77
0	5	1	92
0	5	2	43
0	5	3	28
0	5	4	45
0	5	5	78
0	1	1	94
0	1	2	42
0	1	3	18
0	1	4	48
0	1	5	84
0	2	1	88
0	2	2	40
0	2	3	15
0	2	4	37
0	2	5	86
8	0	1	71
8	0	2	57
8	0	3	19
8	0	4	45
8	0	5	88
11	0	1	81
11	0	2	49
11	0	3	24
11	0	4	36
11	0	5	99
12	0	1	72
12	0	2	60
12	0	3	17
12	0	4	53
12	0	5	83
6	0	1	93
6	0	2	48
6	0	3	11
6	0	4	56
6	0	5	97
13	0	1	82
13	0	2	60
13	0	3	13
13	0	4	43
13	0	5	95
15	0	1	73
15	0	2	43
15	0	3	28
15	0	4	50
15	0	5	75
7	0	1	72
7	0	2	35
7	0	3	21
7	0	4	48
7	0	5	95
10	0	1	95
10	0	2	37
10	0	3	22
10	0	4	35
10	0	5	99
3	0	1	79
3	0	2	38
3	0	3	12
3	0	4	41
3	0	5	89
9	0	1	87
9	0	2	41
9	0	3	19
9	0	4	30
9	0	5	89
4	0	1	84
4	0	2	31
4	0	3	27
4	0	4	46
4	0	5	83
14	0	1	70
14	0	2	37
14	0	3	25
14	0	4	54
14	0	5	90
5	0	1	94
5	0	2	37
5	0	3	17
5	0	4	38
5	0	5	90
1	0	1	91
1	0	2	42
1	0	3	11
1	0	4	60
1	0	5	72
2	0	1	82
2	0	2	35
2	0	3	23
2	0	4	34
2	0	5	82
;
param:	g:=
1	2	1	1	0.551002
1	2	1	2	1.234039
1	2	2	1	0.248870
1	2	2	2	0.295725
1	2	3	1	0.356456
1	2	3	2	0.428864
1	2	4	1	0.250135
1	2	4	2	0.292905
1	2	5	1	0.415716
1	2	5	2	0.763383
1	9	1	1	0.471770
1	9	1	2	0.952865
1	9	2	1	0.297717
1	9	2	2	0.405114
1	9	3	1	0.397708
1	9	3	2	0.465383
1	9	4	1	0.257070
1	9	4	2	0.306247
1	9	5	1	0.409180
1	9	5	2	0.741915
1	4	1	1	0.510132
1	4	1	2	1.087298
1	4	2	1	0.247069
1	4	2	2	0.288257
1	4	3	1	0.295088
1	4	3	2	0.364835
1	4	4	1	0.257070
1	4	4	2	0.306247
1	4	5	1	0.429105
1	4	5	2	0.807797
1	3	1	1	0.494484
1	3	1	2	1.032048
1	3	2	1	0.247069
1	3	2	2	0.288257
1	3	3	1	0.248870
1	3	3	2	0.295725
1	3	4	1	0.246504
1	3	4	2	0.287741
1	3	5	1	0.502258
1	3	5	2	1.059427
1	7	1	1	0.415716
1	7	1	2	0.763383
1	7	2	1	0.248870
1	7	2	2	0.295725
1	7	3	1	0.424417
1	7	3	2	0.487653
1	7	4	1	0.286163
1	7	4	2	0.374817
1	7	5	1	0.409180
1	7	5	2	0.741915
1	13	1	1	0.559473
1	13	1	2	1.264864
1	13	2	1	0.253223
1	13	2	2	0.298561
1	13	3	1	0.326472
1	13	3	2	0.399619
1	13	4	1	0.247702
1	13	4	2	0.293050
1	13	5	1	0.502258
1	13	5	2	1.059427
1	14	1	1	0.409180
1	14	1	2	0.741915
1	14	2	1	0.250135
1	14	2	2	0.292905
1	14	3	1	0.314502
1	14	3	2	0.386980
1	14	4	1	0.246187
1	14	4	2	0.287745
1	14	5	1	0.378104
1	14	5	2	0.641971
1	15	1	1	0.494484
1	15	1	2	1.032048
1	15	2	1	0.272696
1	15	2	2	0.341388
1	15	3	1	0.257483
1	15	3	2	0.312044
1	15	4	1	0.289880
1	15	4	2	0.384419
1	15	5	1	0.534355
1	15	5	2	1.173866
1	6	1	1	0.576712
1	6	1	2	1.327989
1	6	2	1	0.266846
1	6	2	2	0.327669
1	6	3	1	0.252324
1	6	3	2	0.302739
1	6	4	1	0.253223
1	6	4	2	0.298561
1	6	5	1	0.384103
1	6	5	2	0.660973
1	12	1	1	0.518107
1	12	1	2	1.115662
1	12	2	1	0.259262
1	12	2	2	0.310848
1	12	3	1	0.424417
1	12	3	2	0.487653
1	12	4	1	0.269695
1	12	4	2	0.334278
1	12	5	1	0.396426
1	12	5	2	0.700458
1	8	1	1	0.384103
1	8	1	2	0.660973
1	8	2	1	0.269695
1	8	2	2	0.334278
1	8	3	1	0.314502
1	8	3	2	0.386980
1	8	4	1	0.251580
1	8	4	2	0.295478
1	8	5	1	0.396426
1	8	5	2	0.700458
1	11	1	1	0.479240
1	11	1	2	0.978767
1	11	2	1	0.269695
1	11	2	2	0.334278
1	11	3	1	0.326472
1	11	3	2	0.399619
1	11	4	1	0.264155
1	11	4	2	0.321560
1	11	5	1	0.518107
1	11	5	2	1.115662
1	10	1	1	0.360770
1	10	1	2	0.587924
1	10	2	1	0.275847
1	10	2	2	0.348998
1	10	3	1	0.375359
1	10	3	2	0.446007
1	10	4	1	0.264155
1	10	4	2	0.321560
1	10	5	1	0.396426
1	10	5	2	0.700458
1	5	1	1	0.526181
1	5	1	2	1.144518
1	5	2	1	0.297717
1	5	2	2	0.405114
1	5	3	1	0.397708
1	5	3	2	0.465383
1	5	4	1	0.250135
1	5	4	2	0.292905
1	5	5	1	0.372215
1	5	5	2	0.623462
2	14	1	1	0.502258
2	14	1	2	1.059427
2	14	2	1	0.293733
2	14	2	2	0.394518
2	14	3	1	0.356456
2	14	3	2	0.428864
2	14	4	1	0.259262
2	14	4	2	0.310848
2	14	5	1	0.442913
2	14	5	2	0.854183
2	1	1	1	0.422358
2	1	1	2	0.785344
2	1	2	1	0.247870
2	1	2	2	0.289292
2	1	3	1	0.397708
2	1	3	2	0.465383
2	1	4	1	0.310446
2	1	4	2	0.439877
2	1	5	1	0.551002
2	1	5	2	1.234039
2	3	1	1	0.542629
2	3	1	2	1.203706
2	3	2	1	0.257070
2	3	2	2	0.306247
2	3	3	1	0.257483
2	3	3	2	0.312044
2	3	4	1	0.250135
2	3	4	2	0.292905
2	3	5	1	0.518107
2	3	5	2	1.115662
2	9	1	1	0.366437
2	9	1	2	0.605446
2	9	2	1	0.301833
2	9	2	2	0.416205
2	9	3	1	0.424417
2	9	3	2	0.487653
2	9	4	1	0.293733
2	9	4	2	0.394518
2	9	5	1	0.568043
2	9	5	2	1.296180
2	4	1	1	0.409180
2	4	1	2	0.741915
2	4	2	1	0.279143
2	4	2	2	0.357106
2	4	3	1	0.257483
2	4	3	2	0.312044
2	4	4	1	0.310446
2	4	4	2	0.439877
2	4	5	1	0.464402
2	4	5	2	0.927456
2	7	1	1	0.360770
2	7	1	2	0.587924
2	7	2	1	0.246870
2	7	2	2	0.290921
2	7	3	1	0.326472
2	7	3	2	0.399619
2	7	4	1	0.247870
2	7	4	2	0.289292
2	7	5	1	0.494484
2	7	5	2	1.032048
2	13	1	1	0.559473
2	13	1	2	1.264864
2	13	2	1	0.301833
2	13	2	2	0.416205
2	13	3	1	0.304119
2	13	3	2	0.375426
2	13	4	1	0.264155
2	13	4	2	0.321560
2	13	5	1	0.457136
2	13	5	2	0.902539
2	15	1	1	0.442913
2	15	1	2	0.854183
2	15	2	1	0.279143
2	15	2	2	0.357106
2	15	3	1	0.274382
2	15	3	2	0.338023
2	15	4	1	0.248895
2	15	4	2	0.290842
2	15	5	1	0.510132
2	15	5	2	1.087298
2	6	1	1	0.534355
2	6	1	2	1.173866
2	6	2	1	0.246504
2	6	2	2	0.287741
2	6	3	1	0.397708
2	6	3	2	0.465383
2	6	4	1	0.246131
2	6	4	2	0.288274
2	6	5	1	0.442913
2	6	5	2	0.854183
2	12	1	1	0.542629
2	12	1	2	1.203706
2	12	2	1	0.250135
2	12	2	2	0.292905
2	12	3	1	0.375359
2	12	3	2	0.446007
2	12	4	1	0.247702
2	12	4	2	0.293050
2	12	5	1	0.510132
2	12	5	2	1.087298
2	8	1	1	0.526181
2	8	1	2	1.144518
2	8	2	1	0.250135
2	8	2	2	0.292905
2	8	3	1	0.424417
2	8	3	2	0.487653
2	8	4	1	0.246187
2	8	4	2	0.287745
2	8	5	1	0.464402
2	8	5	2	0.927456
2	11	1	1	0.366437
2	11	1	2	0.605446
2	11	2	1	0.272696
2	11	2	2	0.341388
2	11	3	1	0.287219
2	11	3	2	0.355115
2	11	4	1	0.247702
2	11	4	2	0.293050
2	11	5	1	0.551002
2	11	5	2	1.234039
2	10	1	1	0.471770
2	10	1	2	0.952865
2	10	2	1	0.253223
2	10	2	2	0.298561
2	10	3	1	0.287219
2	10	3	2	0.355115
2	10	4	1	0.282583
2	10	4	2	0.365713
2	10	5	1	0.422358
2	10	5	2	0.785344
2	5	1	1	0.384103
2	5	1	2	0.660973
2	5	2	1	0.246131
2	5	2	2	0.288274
2	5	3	1	0.295088
2	5	3	2	0.364835
2	5	4	1	0.269695
2	5	4	2	0.334278
2	5	5	1	0.502258
2	5	5	2	1.059427
3	14	1	1	0.366437
3	14	1	2	0.605446
3	14	2	1	0.255055
3	14	2	2	0.302151
3	14	3	1	0.397708
3	14	3	2	0.465383
3	14	4	1	0.297717
3	14	4	2	0.405114
3	14	5	1	0.366437
3	14	5	2	0.605446
3	13	1	1	0.576712
3	13	1	2	1.327989
3	13	2	1	0.246187
3	13	2	2	0.287745
3	13	3	1	0.356456
3	13	3	2	0.428864
3	13	4	1	0.246870
3	13	4	2	0.290921
3	13	5	1	0.551002
3	13	5	2	1.234039
3	7	1	1	0.442913
3	7	1	2	0.854183
3	7	2	1	0.301833
3	7	2	2	0.416205
3	7	3	1	0.456768
3	7	3	2	0.513825
3	7	4	1	0.259262
3	7	4	2	0.310848
3	7	5	1	0.372215
3	7	5	2	0.623462
3	2	1	1	0.559473
3	2	1	2	1.264864
3	2	2	1	0.248870
3	2	2	2	0.295725
3	2	3	1	0.248870
3	2	3	2	0.295725
3	2	4	1	0.279143
3	2	4	2	0.357106
3	2	5	1	0.429105
3	2	5	2	0.807797
3	9	1	1	0.396426
3	9	1	2	0.700458
3	9	2	1	0.246353
3	9	2	2	0.289331
3	9	3	1	0.295088
3	9	3	2	0.364835
3	9	4	1	0.246353
3	9	4	2	0.289331
3	9	5	1	0.390210
3	9	5	2	0.680469
3	4	1	1	0.457136
3	4	1	2	0.902539
3	4	2	1	0.247870
3	4	2	2	0.289292
3	4	3	1	0.252324
3	4	3	2	0.302739
3	4	4	1	0.286163
3	4	4	2	0.374817
3	4	5	1	0.510132
3	4	5	2	1.087298
3	15	1	1	0.486811
3	15	1	2	1.005161
3	15	2	1	0.246131
3	15	2	2	0.288274
3	15	3	1	0.252324
3	15	3	2	0.302739
3	15	4	1	0.246131
3	15	4	2	0.288274
3	15	5	1	0.415716
3	15	5	2	0.763383
3	6	1	1	0.378104
3	6	1	2	0.641971
3	6	2	1	0.306076
3	6	2	2	0.427793
3	6	3	1	0.304119
3	6	3	2	0.375426
3	6	4	1	0.279143
3	6	4	2	0.357106
3	6	5	1	0.486811
3	6	5	2	1.005161
3	1	1	1	0.502258
3	1	1	2	1.059427
3	1	2	1	0.257070
3	1	2	2	0.306247
3	1	3	1	0.356456
3	1	3	2	0.428864
3	1	4	1	0.246131
3	1	4	2	0.288274
3	1	5	1	0.568043
3	1	5	2	1.296180
3	8	1	1	0.559473
3	8	1	2	1.264864
3	8	2	1	0.246131
3	8	2	2	0.288274
3	8	3	1	0.356456
3	8	3	2	0.428864
3	8	4	1	0.266846
3	8	4	2	0.327669
3	8	5	1	0.442913
3	8	5	2	0.854183
3	12	1	1	0.486811
3	12	1	2	1.005161
3	12	2	1	0.261626
3	12	2	2	0.315953
3	12	3	1	0.424417
3	12	3	2	0.487653
3	12	4	1	0.251580
3	12	4	2	0.295478
3	12	5	1	0.435957
3	12	5	2	0.830744
3	11	1	1	0.457136
3	11	1	2	0.902539
3	11	2	1	0.275847
3	11	2	2	0.348998
3	11	3	1	0.248870
3	11	3	2	0.295725
3	11	4	1	0.246131
3	11	4	2	0.288274
3	11	5	1	0.479240
3	11	5	2	0.978767
3	10	1	1	0.422358
3	10	1	2	0.785344
3	10	2	1	0.246353
3	10	2	2	0.289331
3	10	3	1	0.260803
3	10	3	2	0.317588
3	10	4	1	0.248895
3	10	4	2	0.290842
3	10	5	1	0.494484
3	10	5	2	1.032048
3	5	1	1	0.378104
3	5	1	2	0.641971
3	5	2	1	0.261626
3	5	2	2	0.315953
3	5	3	1	0.424417
3	5	3	2	0.487653
3	5	4	1	0.269695
3	5	4	2	0.334278
3	5	5	1	0.510132
3	5	5	2	1.087298
4	9	1	1	0.526181
4	9	1	2	1.144518
4	9	2	1	0.279143
4	9	2	2	0.357106
4	9	3	1	0.287219
4	9	3	2	0.355115
4	9	4	1	0.255055
4	9	4	2	0.302151
4	9	5	1	0.396426
4	9	5	2	0.700458
4	3	1	1	0.415716
4	3	1	2	0.763383
4	3	2	1	0.266846
4	3	2	2	0.327669
4	3	3	1	0.424417
4	3	3	2	0.487653
4	3	4	1	0.264155
4	3	4	2	0.321560
4	3	5	1	0.390210
4	3	5	2	0.680469
4	1	1	1	0.384103
4	1	1	2	0.660973
4	1	2	1	0.255055
4	1	2	2	0.302151
4	1	3	1	0.264683
4	1	3	2	0.323750
4	1	4	1	0.297717
4	1	4	2	0.405114
4	1	5	1	0.479240
4	1	5	2	0.978767
4	7	1	1	0.551002
4	7	1	2	1.234039
4	7	2	1	0.246187
4	7	2	2	0.287745
4	7	3	1	0.356456
4	7	3	2	0.428864
4	7	4	1	0.250135
4	7	4	2	0.292905
4	7	5	1	0.384103
4	7	5	2	0.660973
4	13	1	1	0.526181
4	13	1	2	1.144518
4	13	2	1	0.248870
4	13	2	2	0.295725
4	13	3	1	0.252324
4	13	3	2	0.302739
4	13	4	1	0.289880
4	13	4	2	0.384419
4	13	5	1	0.442913
4	13	5	2	0.854183
4	2	1	1	0.384103
4	2	1	2	0.660973
4	2	2	1	0.306076
4	2	2	2	0.427793
4	2	3	1	0.248870
4	2	3	2	0.295725
4	2	4	1	0.257070
4	2	4	2	0.306247
4	2	5	1	0.534355
4	2	5	2	1.173866
4	15	1	1	0.415716
4	15	1	2	0.763383
4	15	2	1	0.272696
4	15	2	2	0.341388
4	15	3	1	0.254672
4	15	3	2	0.307099
4	15	4	1	0.251580
4	15	4	2	0.295478
4	15	5	1	0.442913
4	15	5	2	0.854183
4	14	1	1	0.390210
4	14	1	2	0.680469
4	14	2	1	0.246131
4	14	2	2	0.288274
4	14	3	1	0.424417
4	14	3	2	0.487653
4	14	4	1	0.282583
4	14	4	2	0.365713
4	14	5	1	0.479240
4	14	5	2	0.978767
4	6	1	1	0.576712
4	6	1	2	1.327989
4	6	2	1	0.246131
4	6	2	2	0.288274
4	6	3	1	0.424417
4	6	3	2	0.487653
4	6	4	1	0.246504
4	6	4	2	0.287741
4	6	5	1	0.568043
4	6	5	2	1.296180
4	12	1	1	0.486811
4	12	1	2	1.005161
4	12	2	1	0.282583
4	12	2	2	0.365713
4	12	3	1	0.254672
4	12	3	2	0.307099
4	12	4	1	0.261626
4	12	4	2	0.315953
4	12	5	1	0.568043
4	12	5	2	1.296180
4	8	1	1	0.442913
4	8	1	2	0.854183
4	8	2	1	0.269695
4	8	2	2	0.334278
4	8	3	1	0.248870
4	8	3	2	0.295725
4	8	4	1	0.246131
4	8	4	2	0.288274
4	8	5	1	0.542629
4	8	5	2	1.203706
4	11	1	1	0.390210
4	11	1	2	0.680469
4	11	2	1	0.247870
4	11	2	2	0.289292
4	11	3	1	0.248870
4	11	3	2	0.295725
4	11	4	1	0.301833
4	11	4	2	0.416205
4	11	5	1	0.360770
4	11	5	2	0.587924
4	10	1	1	0.409180
4	10	1	2	0.741915
4	10	2	1	0.269695
4	10	2	2	0.334278
4	10	3	1	0.287219
4	10	3	2	0.355115
4	10	4	1	0.246353
4	10	4	2	0.289331
4	10	5	1	0.366437
4	10	5	2	0.605446
4	5	1	1	0.360770
4	5	1	2	0.587924
4	5	2	1	0.275847
4	5	2	2	0.348998
4	5	3	1	0.248870
4	5	3	2	0.295725
4	5	4	1	0.247069
4	5	4	2	0.288257
4	5	5	1	0.378104
4	5	5	2	0.641971
5	10	1	1	0.464402
5	10	1	2	0.927456
5	10	2	1	0.272696
5	10	2	2	0.341388
5	10	3	1	0.295088
5	10	3	2	0.364835
5	10	4	1	0.272696
5	10	4	2	0.341388
5	10	5	1	0.457136
5	10	5	2	0.902539
5	11	1	1	0.422358
5	11	1	2	0.785344
5	11	2	1	0.289880
5	11	2	2	0.384419
5	11	3	1	0.304119
5	11	3	2	0.375426
5	11	4	1	0.301833
5	11	4	2	0.416205
5	11	5	1	0.396426
5	11	5	2	0.700458
5	8	1	1	0.402749
5	8	1	2	0.720940
5	8	2	1	0.272696
5	8	2	2	0.341388
5	8	3	1	0.248870
5	8	3	2	0.295725
5	8	4	1	0.269695
5	8	4	2	0.334278
5	8	5	1	0.457136
5	8	5	2	0.902539
5	12	1	1	0.390210
5	12	1	2	0.680469
5	12	2	1	0.246187
5	12	2	2	0.287745
5	12	3	1	0.269185
5	12	3	2	0.330552
5	12	4	1	0.306076
5	12	4	2	0.427793
5	12	5	1	0.442913
5	12	5	2	0.854183
5	6	1	1	0.494484
5	6	1	2	1.032048
5	6	2	1	0.286163
5	6	2	2	0.374817
5	6	3	1	0.397708
5	6	3	2	0.465383
5	6	4	1	0.279143
5	6	4	2	0.357106
5	6	5	1	0.429105
5	6	5	2	0.807797
5	15	1	1	0.471770
5	15	1	2	0.952865
5	15	2	1	0.293733
5	15	2	2	0.394518
5	15	3	1	0.295088
5	15	3	2	0.364835
5	15	4	1	0.275847
5	15	4	2	0.348998
5	15	5	1	0.568043
5	15	5	2	1.296180
5	13	1	1	0.510132
5	13	1	2	1.087298
5	13	2	1	0.261626
5	13	2	2	0.315953
5	13	3	1	0.257483
5	13	3	2	0.312044
5	13	4	1	0.251580
5	13	4	2	0.295478
5	13	5	1	0.542629
5	13	5	2	1.203706
5	7	1	1	0.542629
5	7	1	2	1.203706
5	7	2	1	0.247069
5	7	2	2	0.288257
5	7	3	1	0.326472
5	7	3	2	0.399619
5	7	4	1	0.253223
5	7	4	2	0.298561
5	7	5	1	0.366437
5	7	5	2	0.605446
5	14	1	1	0.449973
5	14	1	2	0.878115
5	14	2	1	0.251580
5	14	2	2	0.295478
5	14	3	1	0.260803
5	14	3	2	0.317588
5	14	4	1	0.246504
5	14	4	2	0.287741
5	14	5	1	0.372215
5	14	5	2	0.623462
5	3	1	1	0.464402
5	3	1	2	0.927456
5	3	2	1	0.286163
5	3	2	2	0.374817
5	3	3	1	0.280358
5	3	3	2	0.346196
5	3	4	1	0.255055
5	3	4	2	0.302151
5	3	5	1	0.402749
5	3	5	2	0.720940
5	9	1	1	0.479240
5	9	1	2	0.978767
5	9	2	1	0.246870
5	9	2	2	0.290921
5	9	3	1	0.274382
5	9	3	2	0.338023
5	9	4	1	0.261626
5	9	4	2	0.315953
5	9	5	1	0.486811
5	9	5	2	1.005161
5	4	1	1	0.568043
5	4	1	2	1.296180
5	4	2	1	0.247702
5	4	2	2	0.293050
5	4	3	1	0.250401
5	4	3	2	0.298951
5	4	4	1	0.246870
5	4	4	2	0.290921
5	4	5	1	0.396426
5	4	5	2	0.700458
5	1	1	1	0.559473
5	1	1	2	1.264864
5	1	2	1	0.247702
5	1	2	2	0.293050
5	1	3	1	0.274382
5	1	3	2	0.338023
5	1	4	1	0.247702
5	1	4	2	0.293050
5	1	5	1	0.494484
5	1	5	2	1.032048
5	2	1	1	0.542629
5	2	1	2	1.203706
5	2	2	1	0.261626
5	2	2	2	0.315953
5	2	3	1	0.264683
5	2	3	2	0.323750
5	2	4	1	0.310446
5	2	4	2	0.439877
5	2	5	1	0.366437
5	2	5	2	0.605446
6	15	1	1	0.366437
6	15	1	2	0.605446
6	15	2	1	0.246504
6	15	2	2	0.287741
6	15	3	1	0.254672
6	15	3	2	0.307099
6	15	4	1	0.248870
6	15	4	2	0.295725
6	15	5	1	0.464402
6	15	5	2	0.927456
6	8	1	1	0.384103
6	8	1	2	0.660973
6	8	2	1	0.261626
6	8	2	2	0.315953
6	8	3	1	0.295088
6	8	3	2	0.364835
6	8	4	1	0.246504
6	8	4	2	0.287741
6	8	5	1	0.384103
6	8	5	2	0.660973
6	11	1	1	0.415716
6	11	1	2	0.763383
6	11	2	1	0.286163
6	11	2	2	0.374817
6	11	3	1	0.326472
6	11	3	2	0.399619
6	11	4	1	0.310446
6	11	4	2	0.439877
6	11	5	1	0.384103
6	11	5	2	0.660973
6	13	1	1	0.384103
6	13	1	2	0.660973
6	13	2	1	0.247069
6	13	2	2	0.288257
6	13	3	1	0.287219
6	13	3	2	0.355115
6	13	4	1	0.306076
6	13	4	2	0.427793
6	13	5	1	0.518107
6	13	5	2	1.115662
6	7	1	1	0.435957
6	7	1	2	0.830744
6	7	2	1	0.266846
6	7	2	2	0.327669
6	7	3	1	0.287219
6	7	3	2	0.355115
6	7	4	1	0.293733
6	7	4	2	0.394518
6	7	5	1	0.390210
6	7	5	2	0.680469
6	12	1	1	0.534355
6	12	1	2	1.173866
6	12	2	1	0.310446
6	12	2	2	0.439877
6	12	3	1	0.280358
6	12	3	2	0.346196
6	12	4	1	0.247870
6	12	4	2	0.289292
6	12	5	1	0.360770
6	12	5	2	0.587924
6	3	1	1	0.429105
6	3	1	2	0.807797
6	3	2	1	0.289880
6	3	2	2	0.384419
6	3	3	1	0.304119
6	3	3	2	0.375426
6	3	4	1	0.259262
6	3	4	2	0.310848
6	3	5	1	0.372215
6	3	5	2	0.623462
6	10	1	1	0.502258
6	10	1	2	1.059427
6	10	2	1	0.289880
6	10	2	2	0.384419
6	10	3	1	0.424417
6	10	3	2	0.487653
6	10	4	1	0.251580
6	10	4	2	0.295478
6	10	5	1	0.457136
6	10	5	2	0.902539
6	14	1	1	0.486811
6	14	1	2	1.005161
6	14	2	1	0.250135
6	14	2	2	0.292905
6	14	3	1	0.314502
6	14	3	2	0.386980
6	14	4	1	0.247069
6	14	4	2	0.288257
6	14	5	1	0.384103
6	14	5	2	0.660973
6	9	1	1	0.384103
6	9	1	2	0.660973
6	9	2	1	0.264155
6	9	2	2	0.321560
6	9	3	1	0.280358
6	9	3	2	0.346196
6	9	4	1	0.255055
6	9	4	2	0.302151
6	9	5	1	0.366437
6	9	5	2	0.605446
6	4	1	1	0.449973
6	4	1	2	0.878115
6	4	2	1	0.286163
6	4	2	2	0.374817
6	4	3	1	0.287219
6	4	3	2	0.355115
6	4	4	1	0.246870
6	4	4	2	0.290921
6	4	5	1	0.449973
6	4	5	2	0.878115
6	5	1	1	0.396426
6	5	1	2	0.700458
6	5	2	1	0.310446
6	5	2	2	0.439877
6	5	3	1	0.250401
6	5	3	2	0.298951
6	5	4	1	0.275847
6	5	4	2	0.348998
6	5	5	1	0.526181
6	5	5	2	1.144518
6	2	1	1	0.542629
6	2	1	2	1.203706
6	2	2	1	0.310446
6	2	2	2	0.439877
6	2	3	1	0.248870
6	2	3	2	0.295725
6	2	4	1	0.297717
6	2	4	2	0.405114
6	2	5	1	0.422358
6	2	5	2	0.785344
6	1	1	1	0.390210
6	1	1	2	0.680469
6	1	2	1	0.246353
6	1	2	2	0.289331
6	1	3	1	0.264683
6	1	3	2	0.323750
6	1	4	1	0.246870
6	1	4	2	0.290921
6	1	5	1	0.576712
6	1	5	2	1.327989
7	13	1	1	0.360770
7	13	1	2	0.587924
7	13	2	1	0.253223
7	13	2	2	0.298561
7	13	3	1	0.340328
7	13	3	2	0.413505
7	13	4	1	0.251580
7	13	4	2	0.295478
7	13	5	1	0.402749
7	13	5	2	0.720940
7	15	1	1	0.576712
7	15	1	2	1.327989
7	15	2	1	0.264155
7	15	2	2	0.321560
7	15	3	1	0.274382
7	15	3	2	0.338023
7	15	4	1	0.259262
7	15	4	2	0.310848
7	15	5	1	0.415716
7	15	5	2	0.763383
7	6	1	1	0.409180
7	6	1	2	0.741915
7	6	2	1	0.250135
7	6	2	2	0.292905
7	6	3	1	0.269185
7	6	3	2	0.330552
7	6	4	1	0.248895
7	6	4	2	0.290842
7	6	5	1	0.542629
7	6	5	2	1.203706
7	8	1	1	0.471770
7	8	1	2	0.952865
7	8	2	1	0.247069
7	8	2	2	0.288257
7	8	3	1	0.456768
7	8	3	2	0.513825
7	8	4	1	0.306076
7	8	4	2	0.427793
7	8	5	1	0.366437
7	8	5	2	0.605446
7	11	1	1	0.534355
7	11	1	2	1.173866
7	11	2	1	0.297717
7	11	2	2	0.405114
7	11	3	1	0.314502
7	11	3	2	0.386980
7	11	4	1	0.246187
7	11	4	2	0.287745
7	11	5	1	0.568043
7	11	5	2	1.296180
7	12	1	1	0.415716
7	12	1	2	0.763383
7	12	2	1	0.247702
7	12	2	2	0.293050
7	12	3	1	0.397708
7	12	3	2	0.465383
7	12	4	1	0.246187
7	12	4	2	0.287745
7	12	5	1	0.360770
7	12	5	2	0.587924
7	3	1	1	0.464402
7	3	1	2	0.927456
7	3	2	1	0.264155
7	3	2	2	0.321560
7	3	3	1	0.269185
7	3	3	2	0.330552
7	3	4	1	0.248870
7	3	4	2	0.295725
7	3	5	1	0.486811
7	3	5	2	1.005161
7	9	1	1	0.502258
7	9	1	2	1.059427
7	9	2	1	0.246187
7	9	2	2	0.287745
7	9	3	1	0.280358
7	9	3	2	0.346196
7	9	4	1	0.250135
7	9	4	2	0.292905
7	9	5	1	0.494484
7	9	5	2	1.032048
7	4	1	1	0.396426
7	4	1	2	0.700458
7	4	2	1	0.246504
7	4	2	2	0.287741
7	4	3	1	0.356456
7	4	3	2	0.428864
7	4	4	1	0.306076
7	4	4	2	0.427793
7	4	5	1	0.464402
7	4	5	2	0.927456
7	14	1	1	0.464402
7	14	1	2	0.927456
7	14	2	1	0.269695
7	14	2	2	0.334278
7	14	3	1	0.248870
7	14	3	2	0.295725
7	14	4	1	0.275847
7	14	4	2	0.348998
7	14	5	1	0.518107
7	14	5	2	1.115662
7	1	1	1	0.568043
7	1	1	2	1.296180
7	1	2	1	0.279143
7	1	2	2	0.357106
7	1	3	1	0.252324
7	1	3	2	0.302739
7	1	4	1	0.255055
7	1	4	2	0.302151
7	1	5	1	0.542629
7	1	5	2	1.203706
7	2	1	1	0.559473
7	2	1	2	1.264864
7	2	2	1	0.248895
7	2	2	2	0.290842
7	2	3	1	0.248870
7	2	3	2	0.295725
7	2	4	1	0.251580
7	2	4	2	0.295478
7	2	5	1	0.366437
7	2	5	2	0.605446
7	10	1	1	0.435957
7	10	1	2	0.830744
7	10	2	1	0.279143
7	10	2	2	0.357106
7	10	3	1	0.375359
7	10	3	2	0.446007
7	10	4	1	0.253223
7	10	4	2	0.298561
7	10	5	1	0.486811
7	10	5	2	1.005161
7	5	1	1	0.366437
7	5	1	2	0.605446
7	5	2	1	0.257070
7	5	2	2	0.306247
7	5	3	1	0.340328
7	5	3	2	0.413505
7	5	4	1	0.246131
7	5	4	2	0.288274
7	5	5	1	0.464402
7	5	5	2	0.927456
8	11	1	1	0.402749
8	11	1	2	0.720940
8	11	2	1	0.259262
8	11	2	2	0.310848
8	11	3	1	0.375359
8	11	3	2	0.446007
8	11	4	1	0.247702
8	11	4	2	0.293050
8	11	5	1	0.422358
8	11	5	2	0.785344
8	6	1	1	0.415716
8	6	1	2	0.763383
8	6	2	1	0.248895
8	6	2	2	0.290842
8	6	3	1	0.274382
8	6	3	2	0.338023
8	6	4	1	0.248895
8	6	4	2	0.290842
8	6	5	1	0.502258
8	6	5	2	1.059427
8	15	1	1	0.384103
8	15	1	2	0.660973
8	15	2	1	0.264155
8	15	2	2	0.321560
8	15	3	1	0.280358
8	15	3	2	0.346196
8	15	4	1	0.259262
8	15	4	2	0.310848
8	15	5	1	0.559473
8	15	5	2	1.264864
8	12	1	1	0.396426
8	12	1	2	0.700458
8	12	2	1	0.250135
8	12	2	2	0.292905
8	12	3	1	0.397708
8	12	3	2	0.465383
8	12	4	1	0.248870
8	12	4	2	0.295725
8	12	5	1	0.559473
8	12	5	2	1.264864
8	13	1	1	0.402749
8	13	1	2	0.720940
8	13	2	1	0.269695
8	13	2	2	0.334278
8	13	3	1	0.397708
8	13	3	2	0.465383
8	13	4	1	0.248870
8	13	4	2	0.295725
8	13	5	1	0.471770
8	13	5	2	0.952865
8	7	1	1	0.429105
8	7	1	2	0.807797
8	7	2	1	0.310446
8	7	2	2	0.439877
8	7	3	1	0.424417
8	7	3	2	0.487653
8	7	4	1	0.310446
8	7	4	2	0.439877
8	7	5	1	0.366437
8	7	5	2	0.605446
8	10	1	1	0.568043
8	10	1	2	1.296180
8	10	2	1	0.261626
8	10	2	2	0.315953
8	10	3	1	0.356456
8	10	3	2	0.428864
8	10	4	1	0.246187
8	10	4	2	0.287745
8	10	5	1	0.502258
8	10	5	2	1.059427
8	3	1	1	0.449973
8	3	1	2	0.878115
8	3	2	1	0.272696
8	3	2	2	0.341388
8	3	3	1	0.264683
8	3	3	2	0.323750
8	3	4	1	0.246131
8	3	4	2	0.288274
8	3	5	1	0.360770
8	3	5	2	0.587924
8	14	1	1	0.442913
8	14	1	2	0.854183
8	14	2	1	0.289880
8	14	2	2	0.384419
8	14	3	1	0.304119
8	14	3	2	0.375426
8	14	4	1	0.264155
8	14	4	2	0.321560
8	14	5	1	0.390210
8	14	5	2	0.680469
8	5	1	1	0.429105
8	5	1	2	0.807797
8	5	2	1	0.306076
8	5	2	2	0.427793
8	5	3	1	0.269185
8	5	3	2	0.330552
8	5	4	1	0.246353
8	5	4	2	0.289331
8	5	5	1	0.429105
8	5	5	2	0.807797
8	9	1	1	0.402749
8	9	1	2	0.720940
8	9	2	1	0.247702
8	9	2	2	0.293050
8	9	3	1	0.424417
8	9	3	2	0.487653
8	9	4	1	0.247069
8	9	4	2	0.288257
8	9	5	1	0.568043
8	9	5	2	1.296180
8	4	1	1	0.559473
8	4	1	2	1.264864
8	4	2	1	0.246187
8	4	2	2	0.287745
8	4	3	1	0.424417
8	4	3	2	0.487653
8	4	4	1	0.253223
8	4	4	2	0.298561
8	4	5	1	0.464402
8	4	5	2	0.927456
8	2	1	1	0.471770
8	2	1	2	0.952865
8	2	2	1	0.246131
8	2	2	2	0.288274
8	2	3	1	0.274382
8	2	3	2	0.338023
8	2	4	1	0.264155
8	2	4	2	0.321560
8	2	5	1	0.526181
8	2	5	2	1.144518
8	1	1	1	0.518107
8	1	1	2	1.115662
8	1	2	1	0.286163
8	1	2	2	0.374817
8	1	3	1	0.252324
8	1	3	2	0.302739
8	1	4	1	0.286163
8	1	4	2	0.374817
8	1	5	1	0.378104
8	1	5	2	0.641971
9	4	1	1	0.479240
9	4	1	2	0.978767
9	4	2	1	0.301833
9	4	2	2	0.416205
9	4	3	1	0.274382
9	4	3	2	0.338023
9	4	4	1	0.247069
9	4	4	2	0.288257
9	4	5	1	0.479240
9	4	5	2	0.978767
9	1	1	1	0.526181
9	1	1	2	1.144518
9	1	2	1	0.257070
9	1	2	2	0.306247
9	1	3	1	0.264683
9	1	3	2	0.323750
9	1	4	1	0.282583
9	1	4	2	0.365713
9	1	5	1	0.409180
9	1	5	2	0.741915
9	3	1	1	0.378104
9	3	1	2	0.641971
9	3	2	1	0.272696
9	3	2	2	0.341388
9	3	3	1	0.304119
9	3	3	2	0.375426
9	3	4	1	0.246187
9	3	4	2	0.287745
9	3	5	1	0.486811
9	3	5	2	1.005161
9	7	1	1	0.576712
9	7	1	2	1.327989
9	7	2	1	0.272696
9	7	2	2	0.341388
9	7	3	1	0.375359
9	7	3	2	0.446007
9	7	4	1	0.246504
9	7	4	2	0.287741
9	7	5	1	0.402749
9	7	5	2	0.720940
9	13	1	1	0.502258
9	13	1	2	1.059427
9	13	2	1	0.301833
9	13	2	2	0.416205
9	13	3	1	0.397708
9	13	3	2	0.465383
9	13	4	1	0.246131
9	13	4	2	0.288274
9	13	5	1	0.551002
9	13	5	2	1.234039
9	2	1	1	0.526181
9	2	1	2	1.144518
9	2	2	1	0.297717
9	2	2	2	0.405114
9	2	3	1	0.269185
9	2	3	2	0.330552
9	2	4	1	0.306076
9	2	4	2	0.427793
9	2	5	1	0.510132
9	2	5	2	1.087298
9	15	1	1	0.542629
9	15	1	2	1.203706
9	15	2	1	0.248895
9	15	2	2	0.290842
9	15	3	1	0.248870
9	15	3	2	0.295725
9	15	4	1	0.248870
9	15	4	2	0.295725
9	15	5	1	0.534355
9	15	5	2	1.173866
9	14	1	1	0.366437
9	14	1	2	0.605446
9	14	2	1	0.248870
9	14	2	2	0.295725
9	14	3	1	0.295088
9	14	3	2	0.364835
9	14	4	1	0.272696
9	14	4	2	0.341388
9	14	5	1	0.457136
9	14	5	2	0.902539
9	6	1	1	0.471770
9	6	1	2	0.952865
9	6	2	1	0.246353
9	6	2	2	0.289331
9	6	3	1	0.269185
9	6	3	2	0.330552
9	6	4	1	0.289880
9	6	4	2	0.384419
9	6	5	1	0.471770
9	6	5	2	0.952865
9	12	1	1	0.576712
9	12	1	2	1.327989
9	12	2	1	0.246870
9	12	2	2	0.290921
9	12	3	1	0.304119
9	12	3	2	0.375426
9	12	4	1	0.248870
9	12	4	2	0.295725
9	12	5	1	0.384103
9	12	5	2	0.660973
9	8	1	1	0.551002
9	8	1	2	1.234039
9	8	2	1	0.247069
9	8	2	2	0.288257
9	8	3	1	0.280358
9	8	3	2	0.346196
9	8	4	1	0.253223
9	8	4	2	0.298561
9	8	5	1	0.518107
9	8	5	2	1.115662
9	11	1	1	0.390210
9	11	1	2	0.680469
9	11	2	1	0.282583
9	11	2	2	0.365713
9	11	3	1	0.274382
9	11	3	2	0.338023
9	11	4	1	0.246870
9	11	4	2	0.290921
9	11	5	1	0.534355
9	11	5	2	1.173866
9	10	1	1	0.409180
9	10	1	2	0.741915
9	10	2	1	0.272696
9	10	2	2	0.341388
9	10	3	1	0.250401
9	10	3	2	0.298951
9	10	4	1	0.289880
9	10	4	2	0.384419
9	10	5	1	0.576712
9	10	5	2	1.327989
9	5	1	1	0.429105
9	5	1	2	0.807797
9	5	2	1	0.247702
9	5	2	2	0.293050
9	5	3	1	0.295088
9	5	3	2	0.364835
9	5	4	1	0.250135
9	5	4	2	0.292905
9	5	5	1	0.429105
9	5	5	2	0.807797
10	5	1	1	0.464402
10	5	1	2	0.927456
10	5	2	1	0.246504
10	5	2	2	0.287741
10	5	3	1	0.397708
10	5	3	2	0.465383
10	5	4	1	0.293733
10	5	4	2	0.394518
10	5	5	1	0.390210
10	5	5	2	0.680469
10	11	1	1	0.464402
10	11	1	2	0.927456
10	11	2	1	0.246131
10	11	2	2	0.288274
10	11	3	1	0.274382
10	11	3	2	0.338023
10	11	4	1	0.248870
10	11	4	2	0.295725
10	11	5	1	0.551002
10	11	5	2	1.234039
10	8	1	1	0.384103
10	8	1	2	0.660973
10	8	2	1	0.246187
10	8	2	2	0.287745
10	8	3	1	0.295088
10	8	3	2	0.364835
10	8	4	1	0.275847
10	8	4	2	0.348998
10	8	5	1	0.576712
10	8	5	2	1.327989
10	12	1	1	0.442913
10	12	1	2	0.854183
10	12	2	1	0.255055
10	12	2	2	0.302151
10	12	3	1	0.260803
10	12	3	2	0.317588
10	12	4	1	0.247069
10	12	4	2	0.288257
10	12	5	1	0.464402
10	12	5	2	0.927456
10	6	1	1	0.435957
10	6	1	2	0.830744
10	6	2	1	0.248895
10	6	2	2	0.290842
10	6	3	1	0.397708
10	6	3	2	0.465383
10	6	4	1	0.248895
10	6	4	2	0.290842
10	6	5	1	0.494484
10	6	5	2	1.032048
10	15	1	1	0.479240
10	15	1	2	0.978767
10	15	2	1	0.247069
10	15	2	2	0.288257
10	15	3	1	0.250401
10	15	3	2	0.298951
10	15	4	1	0.266846
10	15	4	2	0.327669
10	15	5	1	0.442913
10	15	5	2	0.854183
10	13	1	1	0.494484
10	13	1	2	1.032048
10	13	2	1	0.269695
10	13	2	2	0.334278
10	13	3	1	0.375359
10	13	3	2	0.446007
10	13	4	1	0.246870
10	13	4	2	0.290921
10	13	5	1	0.457136
10	13	5	2	0.902539
10	7	1	1	0.429105
10	7	1	2	0.807797
10	7	2	1	0.247069
10	7	2	2	0.288257
10	7	3	1	0.280358
10	7	3	2	0.346196
10	7	4	1	0.255055
10	7	4	2	0.302151
10	7	5	1	0.435957
10	7	5	2	0.830744
10	3	1	1	0.502258
10	3	1	2	1.059427
10	3	2	1	0.275847
10	3	2	2	0.348998
10	3	3	1	0.280358
10	3	3	2	0.346196
10	3	4	1	0.269695
10	3	4	2	0.334278
10	3	5	1	0.534355
10	3	5	2	1.173866
10	14	1	1	0.471770
10	14	1	2	0.952865
10	14	2	1	0.269695
10	14	2	2	0.334278
10	14	3	1	0.424417
10	14	3	2	0.487653
10	14	4	1	0.261626
10	14	4	2	0.315953
10	14	5	1	0.384103
10	14	5	2	0.660973
10	9	1	1	0.449973
10	9	1	2	0.878115
10	9	2	1	0.266846
10	9	2	2	0.327669
10	9	3	1	0.250401
10	9	3	2	0.298951
10	9	4	1	0.279143
10	9	4	2	0.357106
10	9	5	1	0.429105
10	9	5	2	0.807797
10	4	1	1	0.422358
10	4	1	2	0.785344
10	4	2	1	0.289880
10	4	2	2	0.384419
10	4	3	1	0.252324
10	4	3	2	0.302739
10	4	4	1	0.293733
10	4	4	2	0.394518
10	4	5	1	0.464402
10	4	5	2	0.927456
10	1	1	1	0.449973
10	1	1	2	0.878115
10	1	2	1	0.247870
10	1	2	2	0.289292
10	1	3	1	0.456768
10	1	3	2	0.513825
10	1	4	1	0.261626
10	1	4	2	0.315953
10	1	5	1	0.402749
10	1	5	2	0.720940
10	2	1	1	0.542629
10	2	1	2	1.203706
10	2	2	1	0.310446
10	2	2	2	0.439877
10	2	3	1	0.257483
10	2	3	2	0.312044
10	2	4	1	0.248870
10	2	4	2	0.295725
10	2	5	1	0.471770
10	2	5	2	0.952865
11	8	1	1	0.422358
11	8	1	2	0.785344
11	8	2	1	0.246353
11	8	2	2	0.289331
11	8	3	1	0.314502
11	8	3	2	0.386980
11	8	4	1	0.266846
11	8	4	2	0.327669
11	8	5	1	0.449973
11	8	5	2	0.878115
11	6	1	1	0.402749
11	6	1	2	0.720940
11	6	2	1	0.297717
11	6	2	2	0.405114
11	6	3	1	0.375359
11	6	3	2	0.446007
11	6	4	1	0.253223
11	6	4	2	0.298561
11	6	5	1	0.551002
11	6	5	2	1.234039
11	12	1	1	0.526181
11	12	1	2	1.144518
11	12	2	1	0.247069
11	12	2	2	0.288257
11	12	3	1	0.340328
11	12	3	2	0.413505
11	12	4	1	0.247069
11	12	4	2	0.288257
11	12	5	1	0.526181
11	12	5	2	1.144518
11	15	1	1	0.542629
11	15	1	2	1.203706
11	15	2	1	0.257070
11	15	2	2	0.306247
11	15	3	1	0.248870
11	15	3	2	0.295725
11	15	4	1	0.259262
11	15	4	2	0.310848
11	15	5	1	0.518107
11	15	5	2	1.115662
11	13	1	1	0.510132
11	13	1	2	1.087298
11	13	2	1	0.246187
11	13	2	2	0.287745
11	13	3	1	0.295088
11	13	3	2	0.364835
11	13	4	1	0.246187
11	13	4	2	0.287745
11	13	5	1	0.378104
11	13	5	2	0.641971
11	7	1	1	0.360770
11	7	1	2	0.587924
11	7	2	1	0.246187
11	7	2	2	0.287745
11	7	3	1	0.314502
11	7	3	2	0.386980
11	7	4	1	0.247069
11	7	4	2	0.288257
11	7	5	1	0.457136
11	7	5	2	0.902539
11	10	1	1	0.402749
11	10	1	2	0.720940
11	10	2	1	0.251580
11	10	2	2	0.295478
11	10	3	1	0.254672
11	10	3	2	0.307099
11	10	4	1	0.310446
11	10	4	2	0.439877
11	10	5	1	0.415716
11	10	5	2	0.763383
11	5	1	1	0.390210
11	5	1	2	0.680469
11	5	2	1	0.250135
11	5	2	2	0.292905
11	5	3	1	0.260803
11	5	3	2	0.317588
11	5	4	1	0.293733
11	5	4	2	0.394518
11	5	5	1	0.429105
11	5	5	2	0.807797
11	3	1	1	0.559473
11	3	1	2	1.264864
11	3	2	1	0.255055
11	3	2	2	0.302151
11	3	3	1	0.456768
11	3	3	2	0.513825
11	3	4	1	0.266846
11	3	4	2	0.327669
11	3	5	1	0.576712
11	3	5	2	1.327989
11	14	1	1	0.479240
11	14	1	2	0.978767
11	14	2	1	0.247870
11	14	2	2	0.289292
11	14	3	1	0.280358
11	14	3	2	0.346196
11	14	4	1	0.247870
11	14	4	2	0.289292
11	14	5	1	0.576712
11	14	5	2	1.327989
11	9	1	1	0.502258
11	9	1	2	1.059427
11	9	2	1	0.264155
11	9	2	2	0.321560
11	9	3	1	0.250401
11	9	3	2	0.298951
11	9	4	1	0.293733
11	9	4	2	0.394518
11	9	5	1	0.568043
11	9	5	2	1.296180
11	4	1	1	0.429105
11	4	1	2	0.807797
11	4	2	1	0.248895
11	4	2	2	0.290842
11	4	3	1	0.326472
11	4	3	2	0.399619
11	4	4	1	0.248870
11	4	4	2	0.295725
11	4	5	1	0.559473
11	4	5	2	1.264864
11	1	1	1	0.576712
11	1	1	2	1.327989
11	1	2	1	0.246353
11	1	2	2	0.289331
11	1	3	1	0.252324
11	1	3	2	0.302739
11	1	4	1	0.248895
11	1	4	2	0.290842
11	1	5	1	0.442913
11	1	5	2	0.854183
11	2	1	1	0.576712
11	2	1	2	1.327989
11	2	2	1	0.269695
11	2	2	2	0.334278
11	2	3	1	0.326472
11	2	3	2	0.399619
11	2	4	1	0.269695
11	2	4	2	0.334278
11	2	5	1	0.402749
11	2	5	2	0.720940
12	11	1	1	0.534355
12	11	1	2	1.173866
12	11	2	1	0.246504
12	11	2	2	0.287741
12	11	3	1	0.274382
12	11	3	2	0.338023
12	11	4	1	0.297717
12	11	4	2	0.405114
12	11	5	1	0.396426
12	11	5	2	0.700458
12	8	1	1	0.479240
12	8	1	2	0.978767
12	8	2	1	0.306076
12	8	2	2	0.427793
12	8	3	1	0.252324
12	8	3	2	0.302739
12	8	4	1	0.282583
12	8	4	2	0.365713
12	8	5	1	0.415716
12	8	5	2	0.763383
12	6	1	1	0.372215
12	6	1	2	0.623462
12	6	2	1	0.293733
12	6	2	2	0.394518
12	6	3	1	0.295088
12	6	3	2	0.364835
12	6	4	1	0.250135
12	6	4	2	0.292905
12	6	5	1	0.457136
12	6	5	2	0.902539
12	13	1	1	0.396426
12	13	1	2	0.700458
12	13	2	1	0.250135
12	13	2	2	0.292905
12	13	3	1	0.397708
12	13	3	2	0.465383
12	13	4	1	0.250135
12	13	4	2	0.292905
12	13	5	1	0.518107
12	13	5	2	1.115662
12	15	1	1	0.378104
12	15	1	2	0.641971
12	15	2	1	0.247870
12	15	2	2	0.289292
12	15	3	1	0.397708
12	15	3	2	0.465383
12	15	4	1	0.246187
12	15	4	2	0.287745
12	15	5	1	0.534355
12	15	5	2	1.173866
12	7	1	1	0.429105
12	7	1	2	0.807797
12	7	2	1	0.306076
12	7	2	2	0.427793
12	7	3	1	0.280358
12	7	3	2	0.346196
12	7	4	1	0.293733
12	7	4	2	0.394518
12	7	5	1	0.526181
12	7	5	2	1.144518
12	10	1	1	0.390210
12	10	1	2	0.680469
12	10	2	1	0.246353
12	10	2	2	0.289331
12	10	3	1	0.375359
12	10	3	2	0.446007
12	10	4	1	0.246131
12	10	4	2	0.288274
12	10	5	1	0.576712
12	10	5	2	1.327989
12	3	1	1	0.576712
12	3	1	2	1.327989
12	3	2	1	0.261626
12	3	2	2	0.315953
12	3	3	1	0.264683
12	3	3	2	0.323750
12	3	4	1	0.246353
12	3	4	2	0.289331
12	3	5	1	0.568043
12	3	5	2	1.296180
12	5	1	1	0.422358
12	5	1	2	0.785344
12	5	2	1	0.248870
12	5	2	2	0.295725
12	5	3	1	0.287219
12	5	3	2	0.355115
12	5	4	1	0.251580
12	5	4	2	0.295478
12	5	5	1	0.551002
12	5	5	2	1.234039
12	9	1	1	0.366437
12	9	1	2	0.605446
12	9	2	1	0.246504
12	9	2	2	0.287741
12	9	3	1	0.257483
12	9	3	2	0.312044
12	9	4	1	0.275847
12	9	4	2	0.348998
12	9	5	1	0.542629
12	9	5	2	1.203706
12	4	1	1	0.396426
12	4	1	2	0.700458
12	4	2	1	0.301833
12	4	2	2	0.416205
12	4	3	1	0.340328
12	4	3	2	0.413505
12	4	4	1	0.246131
12	4	4	2	0.288274
12	4	5	1	0.384103
12	4	5	2	0.660973
12	14	1	1	0.415716
12	14	1	2	0.763383
12	14	2	1	0.246504
12	14	2	2	0.287741
12	14	3	1	0.287219
12	14	3	2	0.355115
12	14	4	1	0.255055
12	14	4	2	0.302151
12	14	5	1	0.551002
12	14	5	2	1.234039
12	1	1	1	0.494484
12	1	1	2	1.032048
12	1	2	1	0.246353
12	1	2	2	0.289331
12	1	3	1	0.252324
12	1	3	2	0.302739
12	1	4	1	0.286163
12	1	4	2	0.374817
12	1	5	1	0.415716
12	1	5	2	0.763383
12	2	1	1	0.402749
12	2	1	2	0.720940
12	2	2	1	0.293733
12	2	2	2	0.394518
12	2	3	1	0.326472
12	2	3	2	0.399619
12	2	4	1	0.248895
12	2	4	2	0.290842
12	2	5	1	0.457136
12	2	5	2	0.902539
13	7	1	1	0.526181
13	7	1	2	1.144518
13	7	2	1	0.248895
13	7	2	2	0.290842
13	7	3	1	0.264683
13	7	3	2	0.323750
13	7	4	1	0.255055
13	7	4	2	0.302151
13	7	5	1	0.415716
13	7	5	2	0.763383
13	15	1	1	0.457136
13	15	1	2	0.902539
13	15	2	1	0.246131
13	15	2	2	0.288274
13	15	3	1	0.250401
13	15	3	2	0.298951
13	15	4	1	0.246131
13	15	4	2	0.288274
13	15	5	1	0.415716
13	15	5	2	0.763383
13	6	1	1	0.502258
13	6	1	2	1.059427
13	6	2	1	0.246504
13	6	2	2	0.287741
13	6	3	1	0.269185
13	6	3	2	0.330552
13	6	4	1	0.297717
13	6	4	2	0.405114
13	6	5	1	0.409180
13	6	5	2	0.741915
13	8	1	1	0.442913
13	8	1	2	0.854183
13	8	2	1	0.293733
13	8	2	2	0.394518
13	8	3	1	0.254672
13	8	3	2	0.307099
13	8	4	1	0.266846
13	8	4	2	0.327669
13	8	5	1	0.576712
13	8	5	2	1.327989
13	11	1	1	0.390210
13	11	1	2	0.680469
13	11	2	1	0.255055
13	11	2	2	0.302151
13	11	3	1	0.424417
13	11	3	2	0.487653
13	11	4	1	0.264155
13	11	4	2	0.321560
13	11	5	1	0.435957
13	11	5	2	0.830744
13	12	1	1	0.457136
13	12	1	2	0.902539
13	12	2	1	0.289880
13	12	2	2	0.384419
13	12	3	1	0.287219
13	12	3	2	0.355115
13	12	4	1	0.248895
13	12	4	2	0.290842
13	12	5	1	0.576712
13	12	5	2	1.327989
13	3	1	1	0.378104
13	3	1	2	0.641971
13	3	2	1	0.272696
13	3	2	2	0.341388
13	3	3	1	0.326472
13	3	3	2	0.399619
13	3	4	1	0.257070
13	3	4	2	0.306247
13	3	5	1	0.429105
13	3	5	2	0.807797
13	14	1	1	0.360770
13	14	1	2	0.587924
13	14	2	1	0.266846
13	14	2	2	0.327669
13	14	3	1	0.264683
13	14	3	2	0.323750
13	14	4	1	0.264155
13	14	4	2	0.321560
13	14	5	1	0.457136
13	14	5	2	0.902539
13	9	1	1	0.435957
13	9	1	2	0.830744
13	9	2	1	0.250135
13	9	2	2	0.292905
13	9	3	1	0.304119
13	9	3	2	0.375426
13	9	4	1	0.248870
13	9	4	2	0.295725
13	9	5	1	0.449973
13	9	5	2	0.878115
13	4	1	1	0.559473
13	4	1	2	1.264864
13	4	2	1	0.246187
13	4	2	2	0.287745
13	4	3	1	0.254672
13	4	3	2	0.307099
13	4	4	1	0.269695
13	4	4	2	0.334278
13	4	5	1	0.526181
13	4	5	2	1.144518
13	2	1	1	0.372215
13	2	1	2	0.623462
13	2	2	1	0.246353
13	2	2	2	0.289331
13	2	3	1	0.269185
13	2	3	2	0.330552
13	2	4	1	0.301833
13	2	4	2	0.416205
13	2	5	1	0.494484
13	2	5	2	1.032048
13	1	1	1	0.551002
13	1	1	2	1.234039
13	1	2	1	0.261626
13	1	2	2	0.315953
13	1	3	1	0.295088
13	1	3	2	0.364835
13	1	4	1	0.286163
13	1	4	2	0.374817
13	1	5	1	0.502258
13	1	5	2	1.059427
13	10	1	1	0.409180
13	10	1	2	0.741915
13	10	2	1	0.251580
13	10	2	2	0.295478
13	10	3	1	0.314502
13	10	3	2	0.386980
13	10	4	1	0.269695
13	10	4	2	0.334278
13	10	5	1	0.409180
13	10	5	2	0.741915
13	5	1	1	0.402749
13	5	1	2	0.720940
13	5	2	1	0.297717
13	5	2	2	0.405114
13	5	3	1	0.280358
13	5	3	2	0.346196
13	5	4	1	0.279143
13	5	4	2	0.357106
13	5	5	1	0.457136
13	5	5	2	0.902539
14	3	1	1	0.502258
14	3	1	2	1.059427
14	3	2	1	0.272696
14	3	2	2	0.341388
14	3	3	1	0.456768
14	3	3	2	0.513825
14	3	4	1	0.246870
14	3	4	2	0.290921
14	3	5	1	0.551002
14	3	5	2	1.234039
14	2	1	1	0.366437
14	2	1	2	0.605446
14	2	2	1	0.246187
14	2	2	2	0.287745
14	2	3	1	0.314502
14	2	3	2	0.386980
14	2	4	1	0.246870
14	2	4	2	0.290921
14	2	5	1	0.390210
14	2	5	2	0.680469
14	13	1	1	0.409180
14	13	1	2	0.741915
14	13	2	1	0.264155
14	13	2	2	0.321560
14	13	3	1	0.250401
14	13	3	2	0.298951
14	13	4	1	0.247702
14	13	4	2	0.293050
14	13	5	1	0.360770
14	13	5	2	0.587924
14	7	1	1	0.435957
14	7	1	2	0.830744
14	7	2	1	0.286163
14	7	2	2	0.374817
14	7	3	1	0.264683
14	7	3	2	0.323750
14	7	4	1	0.246353
14	7	4	2	0.289331
14	7	5	1	0.409180
14	7	5	2	0.741915
14	15	1	1	0.384103
14	15	1	2	0.660973
14	15	2	1	0.247069
14	15	2	2	0.288257
14	15	3	1	0.257483
14	15	3	2	0.312044
14	15	4	1	0.293733
14	15	4	2	0.394518
14	15	5	1	0.542629
14	15	5	2	1.203706
14	6	1	1	0.429105
14	6	1	2	0.807797
14	6	2	1	0.246131
14	6	2	2	0.288274
14	6	3	1	0.264683
14	6	3	2	0.323750
14	6	4	1	0.293733
14	6	4	2	0.394518
14	6	5	1	0.534355
14	6	5	2	1.173866
14	8	1	1	0.568043
14	8	1	2	1.296180
14	8	2	1	0.310446
14	8	2	2	0.439877
14	8	3	1	0.356456
14	8	3	2	0.428864
14	8	4	1	0.253223
14	8	4	2	0.298561
14	8	5	1	0.534355
14	8	5	2	1.173866
14	9	1	1	0.576712
14	9	1	2	1.327989
14	9	2	1	0.247702
14	9	2	2	0.293050
14	9	3	1	0.257483
14	9	3	2	0.312044
14	9	4	1	0.301833
14	9	4	2	0.416205
14	9	5	1	0.518107
14	9	5	2	1.115662
14	4	1	1	0.479240
14	4	1	2	0.978767
14	4	2	1	0.247870
14	4	2	2	0.289292
14	4	3	1	0.257483
14	4	3	2	0.312044
14	4	4	1	0.247870
14	4	4	2	0.289292
14	4	5	1	0.366437
14	4	5	2	0.605446
14	11	1	1	0.390210
14	11	1	2	0.680469
14	11	2	1	0.261626
14	11	2	2	0.315953
14	11	3	1	0.274382
14	11	3	2	0.338023
14	11	4	1	0.255055
14	11	4	2	0.302151
14	11	5	1	0.390210
14	11	5	2	0.680469
14	1	1	1	0.568043
14	1	1	2	1.296180
14	1	2	1	0.297717
14	1	2	2	0.405114
14	1	3	1	0.314502
14	1	3	2	0.386980
14	1	4	1	0.248895
14	1	4	2	0.290842
14	1	5	1	0.442913
14	1	5	2	0.854183
14	12	1	1	0.396426
14	12	1	2	0.700458
14	12	2	1	0.293733
14	12	2	2	0.394518
14	12	3	1	0.257483
14	12	3	2	0.312044
14	12	4	1	0.286163
14	12	4	2	0.374817
14	12	5	1	0.464402
14	12	5	2	0.927456
14	10	1	1	0.390210
14	10	1	2	0.680469
14	10	2	1	0.253223
14	10	2	2	0.298561
14	10	3	1	0.274382
14	10	3	2	0.338023
14	10	4	1	0.246870
14	10	4	2	0.290921
14	10	5	1	0.559473
14	10	5	2	1.264864
14	5	1	1	0.551002
14	5	1	2	1.234039
14	5	2	1	0.272696
14	5	2	2	0.341388
14	5	3	1	0.250401
14	5	3	2	0.298951
14	5	4	1	0.259262
14	5	4	2	0.310848
14	5	5	1	0.510132
14	5	5	2	1.087298
15	6	1	1	0.559473
15	6	1	2	1.264864
15	6	2	1	0.261626
15	6	2	2	0.315953
15	6	3	1	0.264683
15	6	3	2	0.323750
15	6	4	1	0.246131
15	6	4	2	0.288274
15	6	5	1	0.378104
15	6	5	2	0.641971
15	8	1	1	0.429105
15	8	1	2	0.807797
15	8	2	1	0.310446
15	8	2	2	0.439877
15	8	3	1	0.260803
15	8	3	2	0.317588
15	8	4	1	0.269695
15	8	4	2	0.334278
15	8	5	1	0.568043
15	8	5	2	1.296180
15	13	1	1	0.378104
15	13	1	2	0.641971
15	13	2	1	0.257070
15	13	2	2	0.306247
15	13	3	1	0.375359
15	13	3	2	0.446007
15	13	4	1	0.246187
15	13	4	2	0.287745
15	13	5	1	0.449973
15	13	5	2	0.878115
15	11	1	1	0.542629
15	11	1	2	1.203706
15	11	2	1	0.282583
15	11	2	2	0.365713
15	11	3	1	0.340328
15	11	3	2	0.413505
15	11	4	1	0.301833
15	11	4	2	0.416205
15	11	5	1	0.518107
15	11	5	2	1.115662
15	7	1	1	0.442913
15	7	1	2	0.854183
15	7	2	1	0.248870
15	7	2	2	0.295725
15	7	3	1	0.424417
15	7	3	2	0.487653
15	7	4	1	0.286163
15	7	4	2	0.374817
15	7	5	1	0.360770
15	7	5	2	0.587924
15	12	1	1	0.422358
15	12	1	2	0.785344
15	12	2	1	0.246131
15	12	2	2	0.288274
15	12	3	1	0.424417
15	12	3	2	0.487653
15	12	4	1	0.286163
15	12	4	2	0.374817
15	12	5	1	0.551002
15	12	5	2	1.234039
15	3	1	1	0.576712
15	3	1	2	1.327989
15	3	2	1	0.246353
15	3	2	2	0.289331
15	3	3	1	0.375359
15	3	3	2	0.446007
15	3	4	1	0.289880
15	3	4	2	0.384419
15	3	5	1	0.384103
15	3	5	2	0.660973
15	14	1	1	0.390210
15	14	1	2	0.680469
15	14	2	1	0.246870
15	14	2	2	0.290921
15	14	3	1	0.314502
15	14	3	2	0.386980
15	14	4	1	0.248895
15	14	4	2	0.290842
15	14	5	1	0.396426
15	14	5	2	0.700458
15	10	1	1	0.502258
15	10	1	2	1.059427
15	10	2	1	0.259262
15	10	2	2	0.310848
15	10	3	1	0.397708
15	10	3	2	0.465383
15	10	4	1	0.272696
15	10	4	2	0.341388
15	10	5	1	0.479240
15	10	5	2	0.978767
15	9	1	1	0.502258
15	9	1	2	1.059427
15	9	2	1	0.266846
15	9	2	2	0.327669
15	9	3	1	0.314502
15	9	3	2	0.386980
15	9	4	1	0.279143
15	9	4	2	0.357106
15	9	5	1	0.429105
15	9	5	2	0.807797
15	4	1	1	0.442913
15	4	1	2	0.854183
15	4	2	1	0.246353
15	4	2	2	0.289331
15	4	3	1	0.456768
15	4	3	2	0.513825
15	4	4	1	0.275847
15	4	4	2	0.348998
15	4	5	1	0.409180
15	4	5	2	0.741915
15	2	1	1	0.429105
15	2	1	2	0.807797
15	2	2	1	0.272696
15	2	2	2	0.341388
15	2	3	1	0.250401
15	2	3	2	0.298951
15	2	4	1	0.255055
15	2	4	2	0.302151
15	2	5	1	0.360770
15	2	5	2	0.587924
15	5	1	1	0.502258
15	5	1	2	1.059427
15	5	2	1	0.246131
15	5	2	2	0.288274
15	5	3	1	0.295088
15	5	3	2	0.364835
15	5	4	1	0.250135
15	5	4	2	0.292905
15	5	5	1	0.559473
15	5	5	2	1.264864
15	1	1	1	0.435957
15	1	1	2	0.830744
15	1	2	1	0.246187
15	1	2	2	0.287745
15	1	3	1	0.250401
15	1	3	2	0.298951
15	1	4	1	0.293733
15	1	4	2	0.394518
15	1	5	1	0.372215
15	1	5	2	0.623462
0	8	1	1	0.360770
0	8	1	2	0.587924
0	8	2	1	0.250135
0	8	2	2	0.292905
0	8	3	1	0.252324
0	8	3	2	0.302739
0	8	4	1	0.250135
0	8	4	2	0.292905
0	8	5	1	0.479240
0	8	5	2	0.978767
0	11	1	1	0.486811
0	11	1	2	1.005161
0	11	2	1	0.275847
0	11	2	2	0.348998
0	11	3	1	0.248870
0	11	3	2	0.295725
0	11	4	1	0.250135
0	11	4	2	0.292905
0	11	5	1	0.502258
0	11	5	2	1.059427
0	12	1	1	0.396426
0	12	1	2	0.700458
0	12	2	1	0.246504
0	12	2	2	0.287741
0	12	3	1	0.397708
0	12	3	2	0.465383
0	12	4	1	0.293733
0	12	4	2	0.394518
0	12	5	1	0.526181
0	12	5	2	1.144518
0	6	1	1	0.510132
0	6	1	2	1.087298
0	6	2	1	0.301833
0	6	2	2	0.416205
0	6	3	1	0.257483
0	6	3	2	0.312044
0	6	4	1	0.246870
0	6	4	2	0.290921
0	6	5	1	0.479240
0	6	5	2	0.978767
0	13	1	1	0.422358
0	13	1	2	0.785344
0	13	2	1	0.255055
0	13	2	2	0.302151
0	13	3	1	0.264683
0	13	3	2	0.323750
0	13	4	1	0.269695
0	13	4	2	0.334278
0	13	5	1	0.372215
0	13	5	2	0.623462
0	15	1	1	0.471770
0	15	1	2	0.952865
0	15	2	1	0.251580
0	15	2	2	0.295478
0	15	3	1	0.314502
0	15	3	2	0.386980
0	15	4	1	0.266846
0	15	4	2	0.327669
0	15	5	1	0.435957
0	15	5	2	0.830744
0	7	1	1	0.415716
0	7	1	2	0.763383
0	7	2	1	0.255055
0	7	2	2	0.302151
0	7	3	1	0.264683
0	7	3	2	0.323750
0	7	4	1	0.266846
0	7	4	2	0.327669
0	7	5	1	0.568043
0	7	5	2	1.296180
0	10	1	1	0.479240
0	10	1	2	0.978767
0	10	2	1	0.248870
0	10	2	2	0.295725
0	10	3	1	0.248870
0	10	3	2	0.295725
0	10	4	1	0.246187
0	10	4	2	0.287745
0	10	5	1	0.390210
0	10	5	2	0.680469
0	3	1	1	0.494484
0	3	1	2	1.032048
0	3	2	1	0.289880
0	3	2	2	0.384419
0	3	3	1	0.248870
0	3	3	2	0.295725
0	3	4	1	0.310446
0	3	4	2	0.439877
0	3	5	1	0.449973
0	3	5	2	0.878115
0	9	1	1	0.510132
0	9	1	2	1.087298
0	9	2	1	0.246353
0	9	2	2	0.289331
0	9	3	1	0.304119
0	9	3	2	0.375426
0	9	4	1	0.246353
0	9	4	2	0.289331
0	9	5	1	0.435957
0	9	5	2	0.830744
0	14	1	1	0.518107
0	14	1	2	1.115662
0	14	2	1	0.282583
0	14	2	2	0.365713
0	14	3	1	0.356456
0	14	3	2	0.428864
0	14	4	1	0.301833
0	14	4	2	0.416205
0	14	5	1	0.449973
0	14	5	2	0.878115
0	4	1	1	0.422358
0	4	1	2	0.785344
0	4	2	1	0.306076
0	4	2	2	0.427793
0	4	3	1	0.356456
0	4	3	2	0.428864
0	4	4	1	0.247870
0	4	4	2	0.289292
0	4	5	1	0.402749
0	4	5	2	0.720940
0	5	1	1	0.510132
0	5	1	2	1.087298
0	5	2	1	0.255055
0	5	2	2	0.302151
0	5	3	1	0.252324
0	5	3	2	0.302739
0	5	4	1	0.259262
0	5	4	2	0.310848
0	5	5	1	0.409180
0	5	5	2	0.741915
0	1	1	1	0.526181
0	1	1	2	1.144518
0	1	2	1	0.253223
0	1	2	2	0.298561
0	1	3	1	0.304119
0	1	3	2	0.375426
0	1	4	1	0.266846
0	1	4	2	0.327669
0	1	5	1	0.449973
0	1	5	2	0.878115
0	2	1	1	0.479240
0	2	1	2	0.978767
0	2	2	1	0.250135
0	2	2	2	0.292905
0	2	3	1	0.340328
0	2	3	2	0.413505
0	2	4	1	0.247069
0	2	4	2	0.288257
0	2	5	1	0.464402
0	2	5	2	0.927456
8	0	1	1	0.366437
8	0	1	2	0.605446
8	0	2	1	0.297717
8	0	2	2	0.405114
8	0	3	1	0.295088
8	0	3	2	0.364835
8	0	4	1	0.259262
8	0	4	2	0.310848
8	0	5	1	0.479240
8	0	5	2	0.978767
11	0	1	1	0.429105
11	0	1	2	0.807797
11	0	2	1	0.269695
11	0	2	2	0.334278
11	0	3	1	0.264683
11	0	3	2	0.323750
11	0	4	1	0.246504
11	0	4	2	0.287741
11	0	5	1	0.568043
11	0	5	2	1.296180
12	0	1	1	0.372215
12	0	1	2	0.623462
12	0	2	1	0.310446
12	0	2	2	0.439877
12	0	3	1	0.314502
12	0	3	2	0.386980
12	0	4	1	0.282583
12	0	4	2	0.365713
12	0	5	1	0.442913
12	0	5	2	0.854183
6	0	1	1	0.518107
6	0	1	2	1.115662
6	0	2	1	0.266846
6	0	2	2	0.327669
6	0	3	1	0.424417
6	0	3	2	0.487653
6	0	4	1	0.293733
6	0	4	2	0.394518
6	0	5	1	0.551002
6	0	5	2	1.234039
13	0	1	1	0.435957
13	0	1	2	0.830744
13	0	2	1	0.310446
13	0	2	2	0.439877
13	0	3	1	0.375359
13	0	3	2	0.446007
13	0	4	1	0.255055
13	0	4	2	0.302151
13	0	5	1	0.534355
13	0	5	2	1.173866
15	0	1	1	0.378104
15	0	1	2	0.641971
15	0	2	1	0.255055
15	0	2	2	0.302151
15	0	3	1	0.252324
15	0	3	2	0.302739
15	0	4	1	0.272696
15	0	4	2	0.341388
15	0	5	1	0.390210
15	0	5	2	0.680469
7	0	1	1	0.372215
7	0	1	2	0.623462
7	0	2	1	0.246187
7	0	2	2	0.287745
7	0	3	1	0.280358
7	0	3	2	0.346196
7	0	4	1	0.266846
7	0	4	2	0.327669
7	0	5	1	0.534355
7	0	5	2	1.173866
10	0	1	1	0.534355
10	0	1	2	1.173866
10	0	2	1	0.247069
10	0	2	2	0.288257
10	0	3	1	0.274382
10	0	3	2	0.338023
10	0	4	1	0.246187
10	0	4	2	0.287745
10	0	5	1	0.568043
10	0	5	2	1.296180
3	0	1	1	0.415716
3	0	1	2	0.763383
3	0	2	1	0.247870
3	0	2	2	0.289292
3	0	3	1	0.397708
3	0	3	2	0.465383
3	0	4	1	0.251580
3	0	4	2	0.295478
3	0	5	1	0.486811
3	0	5	2	1.005161
9	0	1	1	0.471770
9	0	1	2	0.952865
9	0	2	1	0.251580
9	0	2	2	0.295478
9	0	3	1	0.295088
9	0	3	2	0.364835
9	0	4	1	0.248870
9	0	4	2	0.295725
9	0	5	1	0.486811
9	0	5	2	1.005161
4	0	1	1	0.449973
4	0	1	2	0.878115
4	0	2	1	0.247702
4	0	2	2	0.293050
4	0	3	1	0.254672
4	0	3	2	0.307099
4	0	4	1	0.261626
4	0	4	2	0.315953
4	0	5	1	0.442913
4	0	5	2	0.854183
14	0	1	1	0.360770
14	0	1	2	0.587924
14	0	2	1	0.247069
14	0	2	2	0.288257
14	0	3	1	0.260803
14	0	3	2	0.317588
14	0	4	1	0.286163
14	0	4	2	0.374817
14	0	5	1	0.494484
14	0	5	2	1.032048
5	0	1	1	0.526181
5	0	1	2	1.144518
5	0	2	1	0.247069
5	0	2	2	0.288257
5	0	3	1	0.314502
5	0	3	2	0.386980
5	0	4	1	0.247870
5	0	4	2	0.289292
5	0	5	1	0.494484
5	0	5	2	1.032048
1	0	1	1	0.502258
1	0	1	2	1.059427
1	0	2	1	0.253223
1	0	2	2	0.298561
1	0	3	1	0.424417
1	0	3	2	0.487653
1	0	4	1	0.310446
1	0	4	2	0.439877
1	0	5	1	0.372215
1	0	5	2	0.623462
2	0	1	1	0.435957
2	0	1	2	0.830744
2	0	2	1	0.246187
2	0	2	2	0.287745
2	0	3	1	0.269185
2	0	3	2	0.330552
2	0	4	1	0.246131
2	0	4	2	0.288274
2	0	5	1	0.435957
2	0	5	2	0.830744
;
