param:	TIME:	Ts	Te:=
1	0   108
2	108   216
3	216   324
4	324   432
5	432   540
;
param:	NODE:	r	st	WS	WE:=
0	0	0	0	540
1	1830	20	49	394
2	2382	26	52	403
3	1911	21	79	402
4	1563	17	64	387
5	1803	20	11	360
6	471	5	76	401
7	1806	20	68	395
8	675	7	68	390
9	1404	16	56	403
10	2355	26	68	405
11	1557	17	19	364
12	2478	28	19	350
13	1512	17	71	419
14	1761	20	68	406
15	954	11	74	397
;
param: VEHICLE:	Ch	Lh	Ph	ch:=
1	10000	150	2.2384e-005	2.66374
2	15000	200	1.79961e-005	2.66374
3	10000	150	2.2384e-005	2.66374
4	15000	200	1.79961e-005	2.66374
;
param q_real:=3;
param	nth:=14;
param	nth1:=15;
param:	ARC:	D:=
1	9	12.800000
1	13	23.129999
1	2	23.799999
1	4	38.119999
1	5	44.919998
1	14	46.720001
1	3	67.839996
1	8	85.130997
1	10	85.669998
1	15	88.360001
1	11	128.520004
1	7	139.220001
1	6	144.380005
1	12	150.589996
2	1	23.900000
2	9	29.290001
2	13	32.689999
2	4	52.029999
2	5	58.240002
2	14	70.220001
2	3	91.260002
2	8	101.710999
2	10	109.089996
2	15	111.779999
2	11	137.089996
2	7	147.789993
2	12	151.121002
2	6	163.020996
3	10	19.600000
3	15	24.879999
3	14	49.849998
3	4	66.669998
3	1	67.800003
3	9	70.989998
3	5	71.139999
3	8	71.169998
3	13	83.379997
3	2	91.180000
3	6	110.760002
3	11	128.619995
3	7	132.610001
3	12	162.369995
4	5	9.100000
4	1	38.139999
4	9	49.400002
4	2	51.840000
4	8	52.710999
4	13	60.700001
4	3	65.620003
4	14	67.169998
4	10	83.040001
4	15	88.620003
4	11	92.699997
4	7	103.400002
4	6	113.930000
4	12	115.709999
5	4	9.220000
5	1	44.860001
5	8	47.639999
5	9	56.119999
5	2	57.880001
5	13	67.419998
5	3	69.930000
5	14	73.889999
5	11	84.519997
5	10	86.430000
5	15	92.930000
5	7	95.220001
5	12	107.529999
5	6	109.529999
6	8	63.889999
6	7	64.490997
6	11	70.570000
6	10	99.820000
6	5	109.629997
6	3	110.889999
6	12	112.889999
6	15	113.419998
6	4	114.019997
6	1	144.750000
6	9	153.169998
6	14	156.970001
6	2	163.171005
6	13	166.600006
7	11	13.670000
7	12	51.169998
7	8	63.520000
7	6	64.780998
7	5	95.320000
7	4	103.610001
7	10	132.231003
7	3	132.889999
7	1	139.250000
7	15	147.460999
7	2	147.580002
7	9	150.509995
7	13	161.809998
7	14	167.919998
8	5	47.590000
8	4	53.360001
8	11	60.250000
8	7	63.180000
8	6	63.419998
8	3	71.220001
8	10	74.170998
8	1	85.021004
8	15	88.431000
8	12	94.949997
8	9	95.180000
8	2	101.800003
8	14	106.959999
8	13	107.581001
9	1	12.840000
9	13	14.140000
9	2	29.139999
9	14	46.110001
9	4	49.369999
9	5	56.169998
9	3	71.059998
9	10	88.889999
9	15	90.209999
9	8	95.269997
9	11	139.770004
9	7	150.470001
9	6	153.039993
9	12	163.070007
10	15	15.470000
10	3	19.950001
10	14	67.989998
10	8	74.681000
10	4	83.629997
10	1	85.940002
10	5	87.080002
10	9	89.129997
10	6	100.010002
10	13	101.519997
10	2	109.320000
10	11	129.451004
10	7	132.380997
10	12	166.070999
11	7	13.710000
11	12	43.650002
11	8	60.130001
11	6	70.349998
11	5	84.489998
11	4	92.779999
11	1	128.419998
11	10	128.841003
11	3	128.970001
11	2	136.750000
11	9	139.679993
11	15	144.070999
11	13	150.979996
11	14	158.570999
12	11	43.889999
12	7	51.650002
12	8	94.849998
12	5	107.629997
12	6	112.709999
12	4	115.919998
12	1	148.550003
12	2	151.921005
12	9	160.729996
12	3	161.490005
12	10	165.070999
12	13	170.940002
12	14	185.220001
12	15	186.261993
13	9	14.270000
13	1	23.400000
13	2	32.529999
13	14	49.889999
13	4	61.230000
13	5	68.029999
13	3	83.540001
13	15	96.870003
13	10	101.370003
13	8	108.240997
13	11	151.630005
13	7	162.330002
13	6	166.389999
13	12	173.100006
14	9	46.139999
14	1	46.680000
14	3	49.889999
14	13	49.900002
14	15	60.490002
14	4	67.279999
14	10	67.720001
14	2	69.900002
14	5	74.080002
14	8	106.940002
14	6	156.690002
14	11	158.931000
14	7	167.389999
14	12	185.139999
15	10	15.520000
15	3	24.879999
15	14	60.700001
15	8	88.091003
15	1	88.519997
15	4	89.650002
15	9	90.300003
15	5	94.120003
15	13	96.910004
15	2	111.900002
15	6	113.449997
15	11	144.020996
15	7	146.951004
15	12	185.710999
0	5	25.389999
0	8	26.379999
0	4	31.670000
0	11	63.930000
0	1	66.730003
0	3	73.389999
0	7	74.629997
0	9	77.989998
0	2	79.599998
0	10	81.669998
0	6	86.180000
0	13	89.290001
0	12	91.239998
0	14	94.550003
0	15	95.690002
5	0	25.230000
8	0	26.379999
4	0	31.370001
11	0	63.930000
1	0	66.750000
3	0	73.199997
7	0	74.760002
9	0	78.000000
2	0	79.870003
10	0	81.699997
6	0	86.279999
13	0	89.860001
12	0	91.150002
14	0	94.500000
15	0	95.110001
;
param:	v:=
1	9	1	99
1	9	2	41
1	9	3	23
1	9	4	45
1	9	5	95
1	13	1	92
1	13	2	49
1	13	3	10
1	13	4	37
1	13	5	100
1	2	1	80
1	2	2	48
1	2	3	24
1	2	4	59
1	2	5	84
1	4	1	78
1	4	2	34
1	4	3	10
1	4	4	44
1	4	5	84
1	5	1	76
1	5	2	52
1	5	3	30
1	5	4	49
1	5	5	71
1	14	1	75
1	14	2	40
1	14	3	29
1	14	4	43
1	14	5	73
1	3	1	99
1	3	2	35
1	3	3	11
1	3	4	51
1	3	5	92
1	8	1	80
1	8	2	57
1	8	3	25
1	8	4	44
1	8	5	74
1	10	1	97
1	10	2	31
1	10	3	12
1	10	4	42
1	10	5	93
1	15	1	76
1	15	2	48
1	15	3	13
1	15	4	40
1	15	5	73
1	11	1	82
1	11	2	60
1	11	3	14
1	11	4	37
1	11	5	93
1	7	1	80
1	7	2	37
1	7	3	13
1	7	4	38
1	7	5	80
1	6	1	74
1	6	2	41
1	6	3	23
1	6	4	54
1	6	5	87
1	12	1	76
1	12	2	30
1	12	3	16
1	12	4	52
1	12	5	82
2	1	1	87
2	1	2	53
2	1	3	25
2	1	4	54
2	1	5	83
2	9	1	81
2	9	2	57
2	9	3	22
2	9	4	44
2	9	5	70
2	13	1	91
2	13	2	39
2	13	3	11
2	13	4	60
2	13	5	81
2	4	1	89
2	4	2	60
2	4	3	30
2	4	4	43
2	4	5	83
2	5	1	75
2	5	2	54
2	5	3	24
2	5	4	54
2	5	5	86
2	14	1	72
2	14	2	59
2	14	3	28
2	14	4	48
2	14	5	78
2	3	1	82
2	3	2	47
2	3	3	10
2	3	4	48
2	3	5	70
2	8	1	99
2	8	2	45
2	8	3	10
2	8	4	60
2	8	5	94
2	10	1	70
2	10	2	49
2	10	3	15
2	10	4	60
2	10	5	100
2	15	1	80
2	15	2	33
2	15	3	16
2	15	4	60
2	15	5	89
2	11	1	96
2	11	2	36
2	11	3	16
2	11	4	60
2	11	5	94
2	7	1	79
2	7	2	59
2	7	3	30
2	7	4	57
2	7	5	75
2	12	1	70
2	12	2	34
2	12	3	23
2	12	4	57
2	12	5	98
2	6	1	78
2	6	2	49
2	6	3	21
2	6	4	35
2	6	5	80
3	10	1	80
3	10	2	40
3	10	3	10
3	10	4	51
3	10	5	73
3	15	1	77
3	15	2	48
3	15	3	10
3	15	4	49
3	15	5	100
3	14	1	99
3	14	2	31
3	14	3	29
3	14	4	32
3	14	5	95
3	4	1	97
3	4	2	49
3	4	3	23
3	4	4	57
3	4	5	79
3	1	1	75
3	1	2	53
3	1	3	13
3	1	4	54
3	1	5	89
3	9	1	82
3	9	2	49
3	9	3	22
3	9	4	60
3	9	5	70
3	5	1	81
3	5	2	37
3	5	3	15
3	5	4	50
3	5	5	88
3	8	1	84
3	8	2	32
3	8	3	18
3	8	4	55
3	8	5	71
3	13	1	72
3	13	2	39
3	13	3	28
3	13	4	38
3	13	5	80
3	2	1	72
3	2	2	39
3	2	3	26
3	2	4	60
3	2	5	76
3	6	1	82
3	6	2	54
3	6	3	23
3	6	4	44
3	6	5	79
3	11	1	70
3	11	2	50
3	11	3	20
3	11	4	48
3	11	5	90
3	7	1	95
3	7	2	49
3	7	3	27
3	7	4	56
3	7	5	96
3	12	1	91
3	12	2	38
3	12	3	28
3	12	4	32
3	12	5	87
4	5	1	87
4	5	2	35
4	5	3	25
4	5	4	48
4	5	5	91
4	1	1	99
4	1	2	58
4	1	3	21
4	1	4	49
4	1	5	74
4	9	1	89
4	9	2	37
4	9	3	18
4	9	4	30
4	9	5	75
4	2	1	86
4	2	2	33
4	2	3	26
4	2	4	54
4	2	5	86
4	8	1	99
4	8	2	41
4	8	3	30
4	8	4	43
4	8	5	83
4	13	1	100
4	13	2	40
4	13	3	25
4	13	4	54
4	13	5	77
4	3	1	90
4	3	2	53
4	3	3	15
4	3	4	41
4	3	5	77
4	14	1	88
4	14	2	32
4	14	3	23
4	14	4	42
4	14	5	76
4	10	1	94
4	10	2	49
4	10	3	13
4	10	4	52
4	10	5	92
4	15	1	95
4	15	2	51
4	15	3	30
4	15	4	31
4	15	5	89
4	11	1	90
4	11	2	47
4	11	3	28
4	11	4	37
4	11	5	85
4	7	1	84
4	7	2	56
4	7	3	18
4	7	4	37
4	7	5	91
4	6	1	86
4	6	2	48
4	6	3	21
4	6	4	38
4	6	5	85
4	12	1	70
4	12	2	51
4	12	3	10
4	12	4	32
4	12	5	99
5	4	1	82
5	4	2	40
5	4	3	12
5	4	4	56
5	4	5	80
5	1	1	98
5	1	2	42
5	1	3	22
5	1	4	60
5	1	5	72
5	8	1	79
5	8	2	37
5	8	3	24
5	8	4	48
5	8	5	91
5	9	1	74
5	9	2	42
5	9	3	11
5	9	4	36
5	9	5	82
5	2	1	80
5	2	2	33
5	2	3	26
5	2	4	50
5	2	5	84
5	13	1	77
5	13	2	51
5	13	3	16
5	13	4	53
5	13	5	93
5	3	1	97
5	3	2	30
5	3	3	10
5	3	4	58
5	3	5	88
5	14	1	72
5	14	2	38
5	14	3	22
5	14	4	35
5	14	5	76
5	11	1	80
5	11	2	60
5	11	3	17
5	11	4	60
5	11	5	78
5	10	1	80
5	10	2	32
5	10	3	23
5	10	4	59
5	10	5	72
5	15	1	94
5	15	2	48
5	15	3	15
5	15	4	44
5	15	5	91
5	7	1	73
5	7	2	55
5	7	3	13
5	7	4	49
5	7	5	97
5	12	1	73
5	12	2	59
5	12	3	17
5	12	4	50
5	12	5	93
5	6	1	78
5	6	2	54
5	6	3	26
5	6	4	38
5	6	5	99
6	8	1	96
6	8	2	47
6	8	3	28
6	8	4	36
6	8	5	76
6	7	1	79
6	7	2	42
6	7	3	18
6	7	4	44
6	7	5	70
6	11	1	83
6	11	2	50
6	11	3	25
6	11	4	41
6	11	5	86
6	10	1	79
6	10	2	33
6	10	3	30
6	10	4	48
6	10	5	89
6	5	1	88
6	5	2	51
6	5	3	26
6	5	4	36
6	5	5	71
6	3	1	86
6	3	2	54
6	3	3	24
6	3	4	35
6	3	5	90
6	12	1	89
6	12	2	42
6	12	3	15
6	12	4	35
6	12	5	90
6	15	1	92
6	15	2	54
6	15	3	20
6	15	4	39
6	15	5	93
6	4	1	81
6	4	2	45
6	4	3	23
6	4	4	50
6	4	5	94
6	1	1	85
6	1	2	39
6	1	3	21
6	1	4	41
6	1	5	81
6	9	1	98
6	9	2	33
6	9	3	23
6	9	4	36
6	9	5	77
6	14	1	72
6	14	2	59
6	14	3	27
6	14	4	57
6	14	5	96
6	2	1	82
6	2	2	50
6	2	3	12
6	2	4	59
6	2	5	87
6	13	1	84
6	13	2	54
6	13	3	17
6	13	4	31
6	13	5	97
7	11	1	98
7	11	2	32
7	11	3	26
7	11	4	52
7	11	5	95
7	12	1	84
7	12	2	45
7	12	3	29
7	12	4	42
7	12	5	77
7	8	1	75
7	8	2	41
7	8	3	23
7	8	4	54
7	8	5	84
7	6	1	94
7	6	2	50
7	6	3	12
7	6	4	43
7	6	5	96
7	5	1	86
7	5	2	53
7	5	3	13
7	5	4	47
7	5	5	89
7	4	1	81
7	4	2	52
7	4	3	30
7	4	4	40
7	4	5	86
7	10	1	72
7	10	2	41
7	10	3	28
7	10	4	56
7	10	5	93
7	3	1	88
7	3	2	55
7	3	3	21
7	3	4	39
7	3	5	86
7	1	1	86
7	1	2	39
7	1	3	15
7	1	4	57
7	1	5	72
7	15	1	80
7	15	2	52
7	15	3	15
7	15	4	44
7	15	5	71
7	2	1	100
7	2	2	42
7	2	3	22
7	2	4	46
7	2	5	98
7	9	1	80
7	9	2	54
7	9	3	16
7	9	4	38
7	9	5	89
7	13	1	87
7	13	2	42
7	13	3	17
7	13	4	35
7	13	5	92
7	14	1	72
7	14	2	51
7	14	3	15
7	14	4	38
7	14	5	89
8	5	1	87
8	5	2	55
8	5	3	12
8	5	4	48
8	5	5	74
8	4	1	70
8	4	2	33
8	4	3	12
8	4	4	37
8	4	5	92
8	11	1	93
8	11	2	33
8	11	3	26
8	11	4	50
8	11	5	92
8	7	1	100
8	7	2	57
8	7	3	24
8	7	4	47
8	7	5	81
8	6	1	92
8	6	2	38
8	6	3	14
8	6	4	46
8	6	5	95
8	3	1	75
8	3	2	35
8	3	3	22
8	3	4	49
8	3	5	96
8	10	1	74
8	10	2	49
8	10	3	30
8	10	4	43
8	10	5	77
8	1	1	93
8	1	2	47
8	1	3	19
8	1	4	48
8	1	5	86
8	15	1	87
8	15	2	45
8	15	3	19
8	15	4	59
8	15	5	80
8	12	1	74
8	12	2	56
8	12	3	24
8	12	4	36
8	12	5	82
8	9	1	77
8	9	2	50
8	9	3	10
8	9	4	34
8	9	5	78
8	2	1	84
8	2	2	39
8	2	3	19
8	2	4	50
8	2	5	91
8	14	1	87
8	14	2	60
8	14	3	28
8	14	4	57
8	14	5	74
8	13	1	87
8	13	2	53
8	13	3	20
8	13	4	50
8	13	5	80
9	1	1	71
9	1	2	58
9	1	3	30
9	1	4	32
9	1	5	72
9	13	1	99
9	13	2	48
9	13	3	16
9	13	4	47
9	13	5	97
9	2	1	99
9	2	2	38
9	2	3	22
9	2	4	40
9	2	5	94
9	14	1	98
9	14	2	40
9	14	3	23
9	14	4	42
9	14	5	73
9	4	1	83
9	4	2	51
9	4	3	11
9	4	4	40
9	4	5	72
9	5	1	77
9	5	2	59
9	5	3	19
9	5	4	41
9	5	5	74
9	3	1	83
9	3	2	46
9	3	3	10
9	3	4	37
9	3	5	95
9	10	1	77
9	10	2	57
9	10	3	28
9	10	4	52
9	10	5	79
9	15	1	91
9	15	2	35
9	15	3	28
9	15	4	56
9	15	5	93
9	8	1	90
9	8	2	39
9	8	3	29
9	8	4	37
9	8	5	79
9	11	1	98
9	11	2	54
9	11	3	16
9	11	4	39
9	11	5	74
9	7	1	99
9	7	2	56
9	7	3	17
9	7	4	53
9	7	5	99
9	6	1	71
9	6	2	54
9	6	3	12
9	6	4	36
9	6	5	74
9	12	1	70
9	12	2	46
9	12	3	17
9	12	4	32
9	12	5	81
10	15	1	82
10	15	2	60
10	15	3	29
10	15	4	50
10	15	5	86
10	3	1	98
10	3	2	46
10	3	3	25
10	3	4	44
10	3	5	95
10	14	1	76
10	14	2	46
10	14	3	23
10	14	4	31
10	14	5	92
10	8	1	78
10	8	2	55
10	8	3	23
10	8	4	30
10	8	5	100
10	4	1	84
10	4	2	38
10	4	3	24
10	4	4	40
10	4	5	77
10	1	1	83
10	1	2	47
10	1	3	19
10	1	4	54
10	1	5	85
10	5	1	98
10	5	2	44
10	5	3	19
10	5	4	53
10	5	5	89
10	9	1	70
10	9	2	30
10	9	3	11
10	9	4	40
10	9	5	93
10	6	1	98
10	6	2	59
10	6	3	17
10	6	4	32
10	6	5	92
10	13	1	81
10	13	2	31
10	13	3	25
10	13	4	37
10	13	5	78
10	2	1	90
10	2	2	48
10	2	3	26
10	2	4	34
10	2	5	87
10	11	1	99
10	11	2	48
10	11	3	29
10	11	4	36
10	11	5	72
10	7	1	97
10	7	2	51
10	7	3	29
10	7	4	58
10	7	5	92
10	12	1	90
10	12	2	37
10	12	3	28
10	12	4	32
10	12	5	87
11	7	1	74
11	7	2	37
11	7	3	15
11	7	4	46
11	7	5	100
11	12	1	96
11	12	2	35
11	12	3	15
11	12	4	57
11	12	5	79
11	8	1	83
11	8	2	50
11	8	3	20
11	8	4	45
11	8	5	97
11	6	1	93
11	6	2	31
11	6	3	13
11	6	4	56
11	6	5	89
11	5	1	81
11	5	2	37
11	5	3	29
11	5	4	50
11	5	5	85
11	4	1	90
11	4	2	37
11	4	3	27
11	4	4	36
11	4	5	72
11	1	1	80
11	1	2	50
11	1	3	19
11	1	4	38
11	1	5	72
11	10	1	100
11	10	2	50
11	10	3	22
11	10	4	46
11	10	5	78
11	3	1	97
11	3	2	39
11	3	3	19
11	3	4	33
11	3	5	79
11	2	1	90
11	2	2	47
11	2	3	12
11	2	4	42
11	2	5	83
11	9	1	88
11	9	2	35
11	9	3	15
11	9	4	51
11	9	5	70
11	15	1	100
11	15	2	55
11	15	3	16
11	15	4	32
11	15	5	94
11	13	1	87
11	13	2	60
11	13	3	22
11	13	4	37
11	13	5	70
11	14	1	87
11	14	2	48
11	14	3	25
11	14	4	56
11	14	5	100
12	11	1	82
12	11	2	37
12	11	3	28
12	11	4	31
12	11	5	97
12	7	1	80
12	7	2	44
12	7	3	25
12	7	4	37
12	7	5	85
12	8	1	73
12	8	2	43
12	8	3	11
12	8	4	55
12	8	5	88
12	5	1	71
12	5	2	46
12	5	3	13
12	5	4	52
12	5	5	98
12	6	1	83
12	6	2	45
12	6	3	27
12	6	4	37
12	6	5	80
12	4	1	89
12	4	2	34
12	4	3	10
12	4	4	33
12	4	5	86
12	1	1	90
12	1	2	55
12	1	3	25
12	1	4	51
12	1	5	86
12	2	1	89
12	2	2	44
12	2	3	10
12	2	4	45
12	2	5	98
12	9	1	87
12	9	2	40
12	9	3	26
12	9	4	46
12	9	5	84
12	3	1	77
12	3	2	39
12	3	3	25
12	3	4	44
12	3	5	71
12	10	1	77
12	10	2	46
12	10	3	12
12	10	4	30
12	10	5	95
12	13	1	94
12	13	2	34
12	13	3	20
12	13	4	52
12	13	5	86
12	14	1	83
12	14	2	43
12	14	3	24
12	14	4	33
12	14	5	82
12	15	1	77
12	15	2	46
12	15	3	24
12	15	4	44
12	15	5	91
13	9	1	98
13	9	2	57
13	9	3	22
13	9	4	35
13	9	5	72
13	1	1	87
13	1	2	42
13	1	3	25
13	1	4	32
13	1	5	72
13	2	1	99
13	2	2	41
13	2	3	23
13	2	4	46
13	2	5	89
13	14	1	84
13	14	2	38
13	14	3	25
13	14	4	48
13	14	5	92
13	4	1	86
13	4	2	36
13	4	3	15
13	4	4	49
13	4	5	70
13	5	1	100
13	5	2	56
13	5	3	21
13	5	4	30
13	5	5	70
13	3	1	98
13	3	2	39
13	3	3	22
13	3	4	49
13	3	5	87
13	15	1	91
13	15	2	38
13	15	3	28
13	15	4	46
13	15	5	75
13	10	1	92
13	10	2	53
13	10	3	10
13	10	4	56
13	10	5	76
13	8	1	75
13	8	2	34
13	8	3	11
13	8	4	50
13	8	5	73
13	11	1	88
13	11	2	47
13	11	3	20
13	11	4	30
13	11	5	83
13	7	1	76
13	7	2	56
13	7	3	27
13	7	4	42
13	7	5	85
13	6	1	70
13	6	2	41
13	6	3	20
13	6	4	57
13	6	5	87
13	12	1	75
13	12	2	47
13	12	3	28
13	12	4	35
13	12	5	81
14	9	1	76
14	9	2	38
14	9	3	16
14	9	4	52
14	9	5	93
14	1	1	96
14	1	2	48
14	1	3	23
14	1	4	52
14	1	5	80
14	3	1	90
14	3	2	59
14	3	3	16
14	3	4	54
14	3	5	100
14	13	1	81
14	13	2	31
14	13	3	26
14	13	4	59
14	13	5	80
14	15	1	75
14	15	2	48
14	15	3	14
14	15	4	38
14	15	5	71
14	4	1	81
14	4	2	45
14	4	3	16
14	4	4	40
14	4	5	76
14	10	1	100
14	10	2	51
14	10	3	15
14	10	4	59
14	10	5	79
14	2	1	77
14	2	2	33
14	2	3	12
14	2	4	36
14	2	5	86
14	5	1	100
14	5	2	45
14	5	3	23
14	5	4	60
14	5	5	91
14	8	1	97
14	8	2	51
14	8	3	12
14	8	4	31
14	8	5	75
14	6	1	91
14	6	2	58
14	6	3	26
14	6	4	50
14	6	5	97
14	11	1	72
14	11	2	53
14	11	3	26
14	11	4	39
14	11	5	72
14	7	1	90
14	7	2	37
14	7	3	12
14	7	4	57
14	7	5	81
14	12	1	89
14	12	2	55
14	12	3	23
14	12	4	53
14	12	5	99
15	10	1	97
15	10	2	48
15	10	3	15
15	10	4	45
15	10	5	85
15	3	1	76
15	3	2	59
15	3	3	19
15	3	4	55
15	3	5	91
15	14	1	79
15	14	2	36
15	14	3	17
15	14	4	52
15	14	5	78
15	8	1	82
15	8	2	51
15	8	3	29
15	8	4	56
15	8	5	97
15	1	1	72
15	1	2	54
15	1	3	17
15	1	4	47
15	1	5	84
15	4	1	97
15	4	2	42
15	4	3	21
15	4	4	49
15	4	5	86
15	9	1	72
15	9	2	40
15	9	3	15
15	9	4	47
15	9	5	95
15	5	1	70
15	5	2	43
15	5	3	30
15	5	4	57
15	5	5	81
15	13	1	91
15	13	2	30
15	13	3	20
15	13	4	45
15	13	5	98
15	2	1	81
15	2	2	58
15	2	3	22
15	2	4	36
15	2	5	89
15	6	1	79
15	6	2	49
15	6	3	26
15	6	4	49
15	6	5	84
15	11	1	92
15	11	2	58
15	11	3	25
15	11	4	54
15	11	5	79
15	7	1	70
15	7	2	53
15	7	3	29
15	7	4	56
15	7	5	73
15	12	1	86
15	12	2	51
15	12	3	11
15	12	4	38
15	12	5	76
0	5	1	100
0	5	2	60
0	5	3	23
0	5	4	37
0	5	5	80
0	8	1	92
0	8	2	50
0	8	3	25
0	8	4	30
0	8	5	90
0	4	1	89
0	4	2	54
0	4	3	23
0	4	4	40
0	4	5	83
0	11	1	91
0	11	2	40
0	11	3	25
0	11	4	53
0	11	5	100
0	1	1	74
0	1	2	44
0	1	3	15
0	1	4	59
0	1	5	75
0	3	1	100
0	3	2	54
0	3	3	18
0	3	4	52
0	3	5	98
0	7	1	85
0	7	2	54
0	7	3	10
0	7	4	59
0	7	5	85
0	9	1	79
0	9	2	40
0	9	3	14
0	9	4	59
0	9	5	71
0	2	1	84
0	2	2	51
0	2	3	13
0	2	4	42
0	2	5	89
0	10	1	77
0	10	2	59
0	10	3	17
0	10	4	34
0	10	5	91
0	6	1	84
0	6	2	57
0	6	3	28
0	6	4	53
0	6	5	76
0	13	1	82
0	13	2	60
0	13	3	10
0	13	4	31
0	13	5	95
0	12	1	83
0	12	2	59
0	12	3	22
0	12	4	31
0	12	5	83
0	14	1	96
0	14	2	59
0	14	3	17
0	14	4	33
0	14	5	88
0	15	1	78
0	15	2	37
0	15	3	27
0	15	4	44
0	15	5	87
5	0	1	77
5	0	2	44
5	0	3	25
5	0	4	31
5	0	5	74
8	0	1	88
8	0	2	52
8	0	3	19
8	0	4	43
8	0	5	92
4	0	1	85
4	0	2	60
4	0	3	24
4	0	4	54
4	0	5	73
11	0	1	95
11	0	2	54
11	0	3	13
11	0	4	56
11	0	5	84
1	0	1	99
1	0	2	59
1	0	3	21
1	0	4	57
1	0	5	98
3	0	1	79
3	0	2	56
3	0	3	23
3	0	4	42
3	0	5	75
7	0	1	76
7	0	2	33
7	0	3	22
7	0	4	49
7	0	5	76
9	0	1	74
9	0	2	58
9	0	3	18
9	0	4	51
9	0	5	76
2	0	1	77
2	0	2	56
2	0	3	17
2	0	4	46
2	0	5	96
10	0	1	80
10	0	2	46
10	0	3	11
10	0	4	52
10	0	5	82
6	0	1	70
6	0	2	43
6	0	3	16
6	0	4	38
6	0	5	75
13	0	1	80
13	0	2	60
13	0	3	22
13	0	4	30
13	0	5	74
12	0	1	76
12	0	2	41
12	0	3	27
12	0	4	37
12	0	5	72
14	0	1	81
14	0	2	60
14	0	3	29
14	0	4	46
14	0	5	94
15	0	1	81
15	0	2	58
15	0	3	20
15	0	4	43
15	0	5	79
;
param:	g:=
1	9	1	1	0.568043
1	9	1	2	1.296180
1	9	2	1	0.251580
1	9	2	2	0.295478
1	9	3	1	0.269185
1	9	3	2	0.330552
1	9	4	1	0.259262
1	9	4	2	0.310848
1	9	5	1	0.534355
1	9	5	2	1.173866
1	13	1	1	0.510132
1	13	1	2	1.087298
1	13	2	1	0.269695
1	13	2	2	0.334278
1	13	3	1	0.456768
1	13	3	2	0.513825
1	13	4	1	0.247069
1	13	4	2	0.288257
1	13	5	1	0.576712
1	13	5	2	1.327989
1	2	1	1	0.422358
1	2	1	2	0.785344
1	2	2	1	0.266846
1	2	2	2	0.327669
1	2	3	1	0.264683
1	2	3	2	0.323750
1	2	4	1	0.306076
1	2	4	2	0.427793
1	2	5	1	0.449973
1	2	5	2	0.878115
1	4	1	1	0.409180
1	4	1	2	0.741915
1	4	2	1	0.246131
1	4	2	2	0.288274
1	4	3	1	0.456768
1	4	3	2	0.513825
1	4	4	1	0.257070
1	4	4	2	0.306247
1	4	5	1	0.449973
1	4	5	2	0.878115
1	5	1	1	0.396426
1	5	1	2	0.700458
1	5	2	1	0.279143
1	5	2	2	0.357106
1	5	3	1	0.248870
1	5	3	2	0.295725
1	5	4	1	0.269695
1	5	4	2	0.334278
1	5	5	1	0.366437
1	5	5	2	0.605446
1	14	1	1	0.390210
1	14	1	2	0.680469
1	14	2	1	0.250135
1	14	2	2	0.292905
1	14	3	1	0.250401
1	14	3	2	0.298951
1	14	4	1	0.255055
1	14	4	2	0.302151
1	14	5	1	0.378104
1	14	5	2	0.641971
1	3	1	1	0.568043
1	3	1	2	1.296180
1	3	2	1	0.246187
1	3	2	2	0.287745
1	3	3	1	0.424417
1	3	3	2	0.487653
1	3	4	1	0.275847
1	3	4	2	0.348998
1	3	5	1	0.510132
1	3	5	2	1.087298
1	8	1	1	0.422358
1	8	1	2	0.785344
1	8	2	1	0.297717
1	8	2	2	0.405114
1	8	3	1	0.260803
1	8	3	2	0.317588
1	8	4	1	0.257070
1	8	4	2	0.306247
1	8	5	1	0.384103
1	8	5	2	0.660973
1	10	1	1	0.551002
1	10	1	2	1.234039
1	10	2	1	0.247702
1	10	2	2	0.293050
1	10	3	1	0.397708
1	10	3	2	0.465383
1	10	4	1	0.253223
1	10	4	2	0.298561
1	10	5	1	0.518107
1	10	5	2	1.115662
1	15	1	1	0.396426
1	15	1	2	0.700458
1	15	2	1	0.266846
1	15	2	2	0.327669
1	15	3	1	0.375359
1	15	3	2	0.446007
1	15	4	1	0.250135
1	15	4	2	0.292905
1	15	5	1	0.378104
1	15	5	2	0.641971
1	11	1	1	0.435957
1	11	1	2	0.830744
1	11	2	1	0.310446
1	11	2	2	0.439877
1	11	3	1	0.356456
1	11	3	2	0.428864
1	11	4	1	0.247069
1	11	4	2	0.288257
1	11	5	1	0.518107
1	11	5	2	1.115662
1	7	1	1	0.422358
1	7	1	2	0.785344
1	7	2	1	0.247069
1	7	2	2	0.288257
1	7	3	1	0.375359
1	7	3	2	0.446007
1	7	4	1	0.247870
1	7	4	2	0.289292
1	7	5	1	0.422358
1	7	5	2	0.785344
1	6	1	1	0.384103
1	6	1	2	0.660973
1	6	2	1	0.251580
1	6	2	2	0.295478
1	6	3	1	0.269185
1	6	3	2	0.330552
1	6	4	1	0.286163
1	6	4	2	0.374817
1	6	5	1	0.471770
1	6	5	2	0.952865
1	12	1	1	0.396426
1	12	1	2	0.700458
1	12	2	1	0.248870
1	12	2	2	0.295725
1	12	3	1	0.326472
1	12	3	2	0.399619
1	12	4	1	0.279143
1	12	4	2	0.357106
1	12	5	1	0.435957
1	12	5	2	0.830744
2	1	1	1	0.471770
2	1	1	2	0.952865
2	1	2	1	0.282583
2	1	2	2	0.365713
2	1	3	1	0.260803
2	1	3	2	0.317588
2	1	4	1	0.286163
2	1	4	2	0.374817
2	1	5	1	0.442913
2	1	5	2	0.854183
2	9	1	1	0.429105
2	9	1	2	0.807797
2	9	2	1	0.297717
2	9	2	2	0.405114
2	9	3	1	0.274382
2	9	3	2	0.338023
2	9	4	1	0.257070
2	9	4	2	0.306247
2	9	5	1	0.360770
2	9	5	2	0.587924
2	13	1	1	0.502258
2	13	1	2	1.059427
2	13	2	1	0.248895
2	13	2	2	0.290842
2	13	3	1	0.424417
2	13	3	2	0.487653
2	13	4	1	0.310446
2	13	4	2	0.439877
2	13	5	1	0.429105
2	13	5	2	0.807797
2	4	1	1	0.486811
2	4	1	2	1.005161
2	4	2	1	0.310446
2	4	2	2	0.439877
2	4	3	1	0.248870
2	4	3	2	0.295725
2	4	4	1	0.255055
2	4	4	2	0.302151
2	4	5	1	0.442913
2	4	5	2	0.854183
2	5	1	1	0.390210
2	5	1	2	0.680469
2	5	2	1	0.286163
2	5	2	2	0.374817
2	5	3	1	0.264683
2	5	3	2	0.323750
2	5	4	1	0.286163
2	5	4	2	0.374817
2	5	5	1	0.464402
2	5	5	2	0.927456
2	14	1	1	0.372215
2	14	1	2	0.623462
2	14	2	1	0.306076
2	14	2	2	0.427793
2	14	3	1	0.252324
2	14	3	2	0.302739
2	14	4	1	0.266846
2	14	4	2	0.327669
2	14	5	1	0.409180
2	14	5	2	0.741915
2	3	1	1	0.435957
2	3	1	2	0.830744
2	3	2	1	0.264155
2	3	2	2	0.321560
2	3	3	1	0.456768
2	3	3	2	0.513825
2	3	4	1	0.266846
2	3	4	2	0.327669
2	3	5	1	0.360770
2	3	5	2	0.587924
2	8	1	1	0.568043
2	8	1	2	1.296180
2	8	2	1	0.259262
2	8	2	2	0.310848
2	8	3	1	0.456768
2	8	3	2	0.513825
2	8	4	1	0.310446
2	8	4	2	0.439877
2	8	5	1	0.526181
2	8	5	2	1.144518
2	10	1	1	0.360770
2	10	1	2	0.587924
2	10	2	1	0.269695
2	10	2	2	0.334278
2	10	3	1	0.340328
2	10	3	2	0.413505
2	10	4	1	0.310446
2	10	4	2	0.439877
2	10	5	1	0.576712
2	10	5	2	1.327989
2	15	1	1	0.422358
2	15	1	2	0.785344
2	15	2	1	0.246353
2	15	2	2	0.289331
2	15	3	1	0.326472
2	15	3	2	0.399619
2	15	4	1	0.310446
2	15	4	2	0.439877
2	15	5	1	0.486811
2	15	5	2	1.005161
2	11	1	1	0.542629
2	11	1	2	1.203706
2	11	2	1	0.246504
2	11	2	2	0.287741
2	11	3	1	0.326472
2	11	3	2	0.399619
2	11	4	1	0.310446
2	11	4	2	0.439877
2	11	5	1	0.526181
2	11	5	2	1.144518
2	7	1	1	0.415716
2	7	1	2	0.763383
2	7	2	1	0.306076
2	7	2	2	0.427793
2	7	3	1	0.248870
2	7	3	2	0.295725
2	7	4	1	0.297717
2	7	4	2	0.405114
2	7	5	1	0.390210
2	7	5	2	0.680469
2	12	1	1	0.360770
2	12	1	2	0.587924
2	12	2	1	0.246131
2	12	2	2	0.288274
2	12	3	1	0.269185
2	12	3	2	0.330552
2	12	4	1	0.297717
2	12	4	2	0.405114
2	12	5	1	0.559473
2	12	5	2	1.264864
2	6	1	1	0.409180
2	6	1	2	0.741915
2	6	2	1	0.269695
2	6	2	2	0.334278
2	6	3	1	0.280358
2	6	3	2	0.346196
2	6	4	1	0.246187
2	6	4	2	0.287745
2	6	5	1	0.422358
2	6	5	2	0.785344
3	10	1	1	0.422358
3	10	1	2	0.785344
3	10	2	1	0.250135
3	10	2	2	0.292905
3	10	3	1	0.456768
3	10	3	2	0.513825
3	10	4	1	0.275847
3	10	4	2	0.348998
3	10	5	1	0.378104
3	10	5	2	0.641971
3	15	1	1	0.402749
3	15	1	2	0.720940
3	15	2	1	0.266846
3	15	2	2	0.327669
3	15	3	1	0.456768
3	15	3	2	0.513825
3	15	4	1	0.269695
3	15	4	2	0.334278
3	15	5	1	0.576712
3	15	5	2	1.327989
3	14	1	1	0.568043
3	14	1	2	1.296180
3	14	2	1	0.247702
3	14	2	2	0.293050
3	14	3	1	0.250401
3	14	3	2	0.298951
3	14	4	1	0.246870
3	14	4	2	0.290921
3	14	5	1	0.534355
3	14	5	2	1.173866
3	4	1	1	0.551002
3	4	1	2	1.234039
3	4	2	1	0.269695
3	4	2	2	0.334278
3	4	3	1	0.269185
3	4	3	2	0.330552
3	4	4	1	0.297717
3	4	4	2	0.405114
3	4	5	1	0.415716
3	4	5	2	0.763383
3	1	1	1	0.390210
3	1	1	2	0.680469
3	1	2	1	0.282583
3	1	2	2	0.365713
3	1	3	1	0.375359
3	1	3	2	0.446007
3	1	4	1	0.286163
3	1	4	2	0.374817
3	1	5	1	0.486811
3	1	5	2	1.005161
3	9	1	1	0.435957
3	9	1	2	0.830744
3	9	2	1	0.269695
3	9	2	2	0.334278
3	9	3	1	0.274382
3	9	3	2	0.338023
3	9	4	1	0.310446
3	9	4	2	0.439877
3	9	5	1	0.360770
3	9	5	2	0.587924
3	5	1	1	0.429105
3	5	1	2	0.807797
3	5	2	1	0.247069
3	5	2	2	0.288257
3	5	3	1	0.340328
3	5	3	2	0.413505
3	5	4	1	0.272696
3	5	4	2	0.341388
3	5	5	1	0.479240
3	5	5	2	0.978767
3	8	1	1	0.449973
3	8	1	2	0.878115
3	8	2	1	0.246870
3	8	2	2	0.290921
3	8	3	1	0.304119
3	8	3	2	0.375426
3	8	4	1	0.289880
3	8	4	2	0.384419
3	8	5	1	0.366437
3	8	5	2	0.605446
3	13	1	1	0.372215
3	13	1	2	0.623462
3	13	2	1	0.248895
3	13	2	2	0.290842
3	13	3	1	0.252324
3	13	3	2	0.302739
3	13	4	1	0.247870
3	13	4	2	0.289292
3	13	5	1	0.422358
3	13	5	2	0.785344
3	2	1	1	0.372215
3	2	1	2	0.623462
3	2	2	1	0.248895
3	2	2	2	0.290842
3	2	3	1	0.257483
3	2	3	2	0.312044
3	2	4	1	0.310446
3	2	4	2	0.439877
3	2	5	1	0.396426
3	2	5	2	0.700458
3	6	1	1	0.435957
3	6	1	2	0.830744
3	6	2	1	0.286163
3	6	2	2	0.374817
3	6	3	1	0.269185
3	6	3	2	0.330552
3	6	4	1	0.257070
3	6	4	2	0.306247
3	6	5	1	0.415716
3	6	5	2	0.763383
3	11	1	1	0.360770
3	11	1	2	0.587924
3	11	2	1	0.272696
3	11	2	2	0.341388
3	11	3	1	0.287219
3	11	3	2	0.355115
3	11	4	1	0.266846
3	11	4	2	0.327669
3	11	5	1	0.494484
3	11	5	2	1.032048
3	7	1	1	0.534355
3	7	1	2	1.173866
3	7	2	1	0.269695
3	7	2	2	0.334278
3	7	3	1	0.254672
3	7	3	2	0.307099
3	7	4	1	0.293733
3	7	4	2	0.394518
3	7	5	1	0.542629
3	7	5	2	1.203706
3	12	1	1	0.502258
3	12	1	2	1.059427
3	12	2	1	0.247870
3	12	2	2	0.289292
3	12	3	1	0.252324
3	12	3	2	0.302739
3	12	4	1	0.246870
3	12	4	2	0.290921
3	12	5	1	0.471770
3	12	5	2	0.952865
4	5	1	1	0.471770
4	5	1	2	0.952865
4	5	2	1	0.246187
4	5	2	2	0.287745
4	5	3	1	0.260803
4	5	3	2	0.317588
4	5	4	1	0.266846
4	5	4	2	0.327669
4	5	5	1	0.502258
4	5	5	2	1.059427
4	1	1	1	0.568043
4	1	1	2	1.296180
4	1	2	1	0.301833
4	1	2	2	0.416205
4	1	3	1	0.280358
4	1	3	2	0.346196
4	1	4	1	0.269695
4	1	4	2	0.334278
4	1	5	1	0.384103
4	1	5	2	0.660973
4	9	1	1	0.486811
4	9	1	2	1.005161
4	9	2	1	0.247069
4	9	2	2	0.288257
4	9	3	1	0.304119
4	9	3	2	0.375426
4	9	4	1	0.248870
4	9	4	2	0.295725
4	9	5	1	0.390210
4	9	5	2	0.680469
4	2	1	1	0.464402
4	2	1	2	0.927456
4	2	2	1	0.246353
4	2	2	2	0.289331
4	2	3	1	0.257483
4	2	3	2	0.312044
4	2	4	1	0.286163
4	2	4	2	0.374817
4	2	5	1	0.464402
4	2	5	2	0.927456
4	8	1	1	0.568043
4	8	1	2	1.296180
4	8	2	1	0.251580
4	8	2	2	0.295478
4	8	3	1	0.248870
4	8	3	2	0.295725
4	8	4	1	0.255055
4	8	4	2	0.302151
4	8	5	1	0.442913
4	8	5	2	0.854183
4	13	1	1	0.576712
4	13	1	2	1.327989
4	13	2	1	0.250135
4	13	2	2	0.292905
4	13	3	1	0.260803
4	13	3	2	0.317588
4	13	4	1	0.286163
4	13	4	2	0.374817
4	13	5	1	0.402749
4	13	5	2	0.720940
4	3	1	1	0.494484
4	3	1	2	1.032048
4	3	2	1	0.282583
4	3	2	2	0.365713
4	3	3	1	0.340328
4	3	3	2	0.413505
4	3	4	1	0.251580
4	3	4	2	0.295478
4	3	5	1	0.402749
4	3	5	2	0.720940
4	14	1	1	0.479240
4	14	1	2	0.978767
4	14	2	1	0.246870
4	14	2	2	0.290921
4	14	3	1	0.269185
4	14	3	2	0.330552
4	14	4	1	0.253223
4	14	4	2	0.298561
4	14	5	1	0.396426
4	14	5	2	0.700458
4	10	1	1	0.526181
4	10	1	2	1.144518
4	10	2	1	0.269695
4	10	2	2	0.334278
4	10	3	1	0.375359
4	10	3	2	0.446007
4	10	4	1	0.279143
4	10	4	2	0.357106
4	10	5	1	0.510132
4	10	5	2	1.087298
4	15	1	1	0.534355
4	15	1	2	1.173866
4	15	2	1	0.275847
4	15	2	2	0.348998
4	15	3	1	0.248870
4	15	3	2	0.295725
4	15	4	1	0.247702
4	15	4	2	0.293050
4	15	5	1	0.486811
4	15	5	2	1.005161
4	11	1	1	0.494484
4	11	1	2	1.032048
4	11	2	1	0.264155
4	11	2	2	0.321560
4	11	3	1	0.252324
4	11	3	2	0.302739
4	11	4	1	0.247069
4	11	4	2	0.288257
4	11	5	1	0.457136
4	11	5	2	0.902539
4	7	1	1	0.449973
4	7	1	2	0.878115
4	7	2	1	0.293733
4	7	2	2	0.394518
4	7	3	1	0.304119
4	7	3	2	0.375426
4	7	4	1	0.247069
4	7	4	2	0.288257
4	7	5	1	0.502258
4	7	5	2	1.059427
4	6	1	1	0.464402
4	6	1	2	0.927456
4	6	2	1	0.266846
4	6	2	2	0.327669
4	6	3	1	0.280358
4	6	3	2	0.346196
4	6	4	1	0.247870
4	6	4	2	0.289292
4	6	5	1	0.457136
4	6	5	2	0.902539
4	12	1	1	0.360770
4	12	1	2	0.587924
4	12	2	1	0.275847
4	12	2	2	0.348998
4	12	3	1	0.456768
4	12	3	2	0.513825
4	12	4	1	0.246870
4	12	4	2	0.290921
4	12	5	1	0.568043
4	12	5	2	1.296180
5	4	1	1	0.435957
5	4	1	2	0.830744
5	4	2	1	0.250135
5	4	2	2	0.292905
5	4	3	1	0.397708
5	4	3	2	0.465383
5	4	4	1	0.293733
5	4	4	2	0.394518
5	4	5	1	0.422358
5	4	5	2	0.785344
5	1	1	1	0.559473
5	1	1	2	1.264864
5	1	2	1	0.253223
5	1	2	2	0.298561
5	1	3	1	0.274382
5	1	3	2	0.338023
5	1	4	1	0.310446
5	1	4	2	0.439877
5	1	5	1	0.372215
5	1	5	2	0.623462
5	8	1	1	0.415716
5	8	1	2	0.763383
5	8	2	1	0.247069
5	8	2	2	0.288257
5	8	3	1	0.264683
5	8	3	2	0.323750
5	8	4	1	0.266846
5	8	4	2	0.327669
5	8	5	1	0.502258
5	8	5	2	1.059427
5	9	1	1	0.384103
5	9	1	2	0.660973
5	9	2	1	0.253223
5	9	2	2	0.298561
5	9	3	1	0.424417
5	9	3	2	0.487653
5	9	4	1	0.246504
5	9	4	2	0.287741
5	9	5	1	0.435957
5	9	5	2	0.830744
5	2	1	1	0.422358
5	2	1	2	0.785344
5	2	2	1	0.246353
5	2	2	2	0.289331
5	2	3	1	0.257483
5	2	3	2	0.312044
5	2	4	1	0.272696
5	2	4	2	0.341388
5	2	5	1	0.449973
5	2	5	2	0.878115
5	13	1	1	0.402749
5	13	1	2	0.720940
5	13	2	1	0.275847
5	13	2	2	0.348998
5	13	3	1	0.326472
5	13	3	2	0.399619
5	13	4	1	0.282583
5	13	4	2	0.365713
5	13	5	1	0.518107
5	13	5	2	1.115662
5	3	1	1	0.551002
5	3	1	2	1.234039
5	3	2	1	0.248870
5	3	2	2	0.295725
5	3	3	1	0.456768
5	3	3	2	0.513825
5	3	4	1	0.301833
5	3	4	2	0.416205
5	3	5	1	0.479240
5	3	5	2	0.978767
5	14	1	1	0.372215
5	14	1	2	0.623462
5	14	2	1	0.247870
5	14	2	2	0.289292
5	14	3	1	0.274382
5	14	3	2	0.338023
5	14	4	1	0.246187
5	14	4	2	0.287745
5	14	5	1	0.396426
5	14	5	2	0.700458
5	11	1	1	0.422358
5	11	1	2	0.785344
5	11	2	1	0.310446
5	11	2	2	0.439877
5	11	3	1	0.314502
5	11	3	2	0.386980
5	11	4	1	0.310446
5	11	4	2	0.439877
5	11	5	1	0.409180
5	11	5	2	0.741915
5	10	1	1	0.422358
5	10	1	2	0.785344
5	10	2	1	0.246870
5	10	2	2	0.290921
5	10	3	1	0.269185
5	10	3	2	0.330552
5	10	4	1	0.306076
5	10	4	2	0.427793
5	10	5	1	0.372215
5	10	5	2	0.623462
5	15	1	1	0.526181
5	15	1	2	1.144518
5	15	2	1	0.266846
5	15	2	2	0.327669
5	15	3	1	0.340328
5	15	3	2	0.413505
5	15	4	1	0.257070
5	15	4	2	0.306247
5	15	5	1	0.502258
5	15	5	2	1.059427
5	7	1	1	0.378104
5	7	1	2	0.641971
5	7	2	1	0.289880
5	7	2	2	0.384419
5	7	3	1	0.375359
5	7	3	2	0.446007
5	7	4	1	0.269695
5	7	4	2	0.334278
5	7	5	1	0.551002
5	7	5	2	1.234039
5	12	1	1	0.378104
5	12	1	2	0.641971
5	12	2	1	0.306076
5	12	2	2	0.427793
5	12	3	1	0.314502
5	12	3	2	0.386980
5	12	4	1	0.272696
5	12	4	2	0.341388
5	12	5	1	0.518107
5	12	5	2	1.115662
5	6	1	1	0.409180
5	6	1	2	0.741915
5	6	2	1	0.286163
5	6	2	2	0.374817
5	6	3	1	0.257483
5	6	3	2	0.312044
5	6	4	1	0.247870
5	6	4	2	0.289292
5	6	5	1	0.568043
5	6	5	2	1.296180
6	8	1	1	0.542629
6	8	1	2	1.203706
6	8	2	1	0.264155
6	8	2	2	0.321560
6	8	3	1	0.252324
6	8	3	2	0.302739
6	8	4	1	0.246504
6	8	4	2	0.287741
6	8	5	1	0.396426
6	8	5	2	0.700458
6	7	1	1	0.415716
6	7	1	2	0.763383
6	7	2	1	0.253223
6	7	2	2	0.298561
6	7	3	1	0.304119
6	7	3	2	0.375426
6	7	4	1	0.257070
6	7	4	2	0.306247
6	7	5	1	0.360770
6	7	5	2	0.587924
6	11	1	1	0.442913
6	11	1	2	0.854183
6	11	2	1	0.272696
6	11	2	2	0.341388
6	11	3	1	0.260803
6	11	3	2	0.317588
6	11	4	1	0.251580
6	11	4	2	0.295478
6	11	5	1	0.464402
6	11	5	2	0.927456
6	10	1	1	0.415716
6	10	1	2	0.763383
6	10	2	1	0.246353
6	10	2	2	0.289331
6	10	3	1	0.248870
6	10	3	2	0.295725
6	10	4	1	0.266846
6	10	4	2	0.327669
6	10	5	1	0.486811
6	10	5	2	1.005161
6	5	1	1	0.479240
6	5	1	2	0.978767
6	5	2	1	0.275847
6	5	2	2	0.348998
6	5	3	1	0.257483
6	5	3	2	0.312044
6	5	4	1	0.246504
6	5	4	2	0.287741
6	5	5	1	0.366437
6	5	5	2	0.605446
6	3	1	1	0.464402
6	3	1	2	0.927456
6	3	2	1	0.286163
6	3	2	2	0.374817
6	3	3	1	0.264683
6	3	3	2	0.323750
6	3	4	1	0.246187
6	3	4	2	0.287745
6	3	5	1	0.494484
6	3	5	2	1.032048
6	12	1	1	0.486811
6	12	1	2	1.005161
6	12	2	1	0.253223
6	12	2	2	0.298561
6	12	3	1	0.340328
6	12	3	2	0.413505
6	12	4	1	0.246187
6	12	4	2	0.287745
6	12	5	1	0.494484
6	12	5	2	1.032048
6	15	1	1	0.510132
6	15	1	2	1.087298
6	15	2	1	0.286163
6	15	2	2	0.374817
6	15	3	1	0.287219
6	15	3	2	0.355115
6	15	4	1	0.248895
6	15	4	2	0.290842
6	15	5	1	0.518107
6	15	5	2	1.115662
6	4	1	1	0.429105
6	4	1	2	0.807797
6	4	2	1	0.259262
6	4	2	2	0.310848
6	4	3	1	0.269185
6	4	3	2	0.330552
6	4	4	1	0.272696
6	4	4	2	0.341388
6	4	5	1	0.526181
6	4	5	2	1.144518
6	1	1	1	0.457136
6	1	1	2	0.902539
6	1	2	1	0.248895
6	1	2	2	0.290842
6	1	3	1	0.280358
6	1	3	2	0.346196
6	1	4	1	0.251580
6	1	4	2	0.295478
6	1	5	1	0.429105
6	1	5	2	0.807797
6	9	1	1	0.559473
6	9	1	2	1.264864
6	9	2	1	0.246353
6	9	2	2	0.289331
6	9	3	1	0.269185
6	9	3	2	0.330552
6	9	4	1	0.246504
6	9	4	2	0.287741
6	9	5	1	0.402749
6	9	5	2	0.720940
6	14	1	1	0.372215
6	14	1	2	0.623462
6	14	2	1	0.306076
6	14	2	2	0.427793
6	14	3	1	0.254672
6	14	3	2	0.307099
6	14	4	1	0.297717
6	14	4	2	0.405114
6	14	5	1	0.542629
6	14	5	2	1.203706
6	2	1	1	0.435957
6	2	1	2	0.830744
6	2	2	1	0.272696
6	2	2	2	0.341388
6	2	3	1	0.397708
6	2	3	2	0.465383
6	2	4	1	0.306076
6	2	4	2	0.427793
6	2	5	1	0.471770
6	2	5	2	0.952865
6	13	1	1	0.449973
6	13	1	2	0.878115
6	13	2	1	0.286163
6	13	2	2	0.374817
6	13	3	1	0.314502
6	13	3	2	0.386980
6	13	4	1	0.247702
6	13	4	2	0.293050
6	13	5	1	0.551002
6	13	5	2	1.234039
7	11	1	1	0.559473
7	11	1	2	1.264864
7	11	2	1	0.246870
7	11	2	2	0.290921
7	11	3	1	0.257483
7	11	3	2	0.312044
7	11	4	1	0.279143
7	11	4	2	0.357106
7	11	5	1	0.534355
7	11	5	2	1.173866
7	12	1	1	0.449973
7	12	1	2	0.878115
7	12	2	1	0.259262
7	12	2	2	0.310848
7	12	3	1	0.250401
7	12	3	2	0.298951
7	12	4	1	0.253223
7	12	4	2	0.298561
7	12	5	1	0.402749
7	12	5	2	0.720940
7	8	1	1	0.390210
7	8	1	2	0.680469
7	8	2	1	0.251580
7	8	2	2	0.295478
7	8	3	1	0.269185
7	8	3	2	0.330552
7	8	4	1	0.286163
7	8	4	2	0.374817
7	8	5	1	0.449973
7	8	5	2	0.878115
7	6	1	1	0.526181
7	6	1	2	1.144518
7	6	2	1	0.272696
7	6	2	2	0.341388
7	6	3	1	0.397708
7	6	3	2	0.465383
7	6	4	1	0.255055
7	6	4	2	0.302151
7	6	5	1	0.542629
7	6	5	2	1.203706
7	5	1	1	0.464402
7	5	1	2	0.927456
7	5	2	1	0.282583
7	5	2	2	0.365713
7	5	3	1	0.375359
7	5	3	2	0.446007
7	5	4	1	0.264155
7	5	4	2	0.321560
7	5	5	1	0.486811
7	5	5	2	1.005161
7	4	1	1	0.429105
7	4	1	2	0.807797
7	4	2	1	0.279143
7	4	2	2	0.357106
7	4	3	1	0.248870
7	4	3	2	0.295725
7	4	4	1	0.250135
7	4	4	2	0.292905
7	4	5	1	0.464402
7	4	5	2	0.927456
7	10	1	1	0.372215
7	10	1	2	0.623462
7	10	2	1	0.251580
7	10	2	2	0.295478
7	10	3	1	0.252324
7	10	3	2	0.302739
7	10	4	1	0.293733
7	10	4	2	0.394518
7	10	5	1	0.518107
7	10	5	2	1.115662
7	3	1	1	0.479240
7	3	1	2	0.978767
7	3	2	1	0.289880
7	3	2	2	0.384419
7	3	3	1	0.280358
7	3	3	2	0.346196
7	3	4	1	0.248895
7	3	4	2	0.290842
7	3	5	1	0.464402
7	3	5	2	0.927456
7	1	1	1	0.464402
7	1	1	2	0.927456
7	1	2	1	0.248895
7	1	2	2	0.290842
7	1	3	1	0.340328
7	1	3	2	0.413505
7	1	4	1	0.297717
7	1	4	2	0.405114
7	1	5	1	0.372215
7	1	5	2	0.623462
7	15	1	1	0.422358
7	15	1	2	0.785344
7	15	2	1	0.279143
7	15	2	2	0.357106
7	15	3	1	0.340328
7	15	3	2	0.413505
7	15	4	1	0.257070
7	15	4	2	0.306247
7	15	5	1	0.366437
7	15	5	2	0.605446
7	2	1	1	0.576712
7	2	1	2	1.327989
7	2	2	1	0.253223
7	2	2	2	0.298561
7	2	3	1	0.274382
7	2	3	2	0.338023
7	2	4	1	0.261626
7	2	4	2	0.315953
7	2	5	1	0.559473
7	2	5	2	1.264864
7	9	1	1	0.422358
7	9	1	2	0.785344
7	9	2	1	0.286163
7	9	2	2	0.374817
7	9	3	1	0.326472
7	9	3	2	0.399619
7	9	4	1	0.247870
7	9	4	2	0.289292
7	9	5	1	0.486811
7	9	5	2	1.005161
7	13	1	1	0.471770
7	13	1	2	0.952865
7	13	2	1	0.253223
7	13	2	2	0.298561
7	13	3	1	0.314502
7	13	3	2	0.386980
7	13	4	1	0.246187
7	13	4	2	0.287745
7	13	5	1	0.510132
7	13	5	2	1.087298
7	14	1	1	0.372215
7	14	1	2	0.623462
7	14	2	1	0.275847
7	14	2	2	0.348998
7	14	3	1	0.340328
7	14	3	2	0.413505
7	14	4	1	0.247870
7	14	4	2	0.289292
7	14	5	1	0.486811
7	14	5	2	1.005161
8	5	1	1	0.471770
8	5	1	2	0.952865
8	5	2	1	0.289880
8	5	2	2	0.384419
8	5	3	1	0.397708
8	5	3	2	0.465383
8	5	4	1	0.266846
8	5	4	2	0.327669
8	5	5	1	0.384103
8	5	5	2	0.660973
8	4	1	1	0.360770
8	4	1	2	0.587924
8	4	2	1	0.246353
8	4	2	2	0.289331
8	4	3	1	0.397708
8	4	3	2	0.465383
8	4	4	1	0.247069
8	4	4	2	0.288257
8	4	5	1	0.510132
8	4	5	2	1.087298
8	11	1	1	0.518107
8	11	1	2	1.115662
8	11	2	1	0.246353
8	11	2	2	0.289331
8	11	3	1	0.257483
8	11	3	2	0.312044
8	11	4	1	0.272696
8	11	4	2	0.341388
8	11	5	1	0.510132
8	11	5	2	1.087298
8	7	1	1	0.576712
8	7	1	2	1.327989
8	7	2	1	0.297717
8	7	2	2	0.405114
8	7	3	1	0.264683
8	7	3	2	0.323750
8	7	4	1	0.264155
8	7	4	2	0.321560
8	7	5	1	0.429105
8	7	5	2	0.807797
8	6	1	1	0.510132
8	6	1	2	1.087298
8	6	2	1	0.247870
8	6	2	2	0.289292
8	6	3	1	0.356456
8	6	3	2	0.428864
8	6	4	1	0.261626
8	6	4	2	0.315953
8	6	5	1	0.534355
8	6	5	2	1.173866
8	3	1	1	0.390210
8	3	1	2	0.680469
8	3	2	1	0.246187
8	3	2	2	0.287745
8	3	3	1	0.274382
8	3	3	2	0.338023
8	3	4	1	0.269695
8	3	4	2	0.334278
8	3	5	1	0.542629
8	3	5	2	1.203706
8	10	1	1	0.384103
8	10	1	2	0.660973
8	10	2	1	0.269695
8	10	2	2	0.334278
8	10	3	1	0.248870
8	10	3	2	0.295725
8	10	4	1	0.255055
8	10	4	2	0.302151
8	10	5	1	0.402749
8	10	5	2	0.720940
8	1	1	1	0.518107
8	1	1	2	1.115662
8	1	2	1	0.264155
8	1	2	2	0.321560
8	1	3	1	0.295088
8	1	3	2	0.364835
8	1	4	1	0.266846
8	1	4	2	0.327669
8	1	5	1	0.464402
8	1	5	2	0.927456
8	15	1	1	0.471770
8	15	1	2	0.952865
8	15	2	1	0.259262
8	15	2	2	0.310848
8	15	3	1	0.295088
8	15	3	2	0.364835
8	15	4	1	0.306076
8	15	4	2	0.427793
8	15	5	1	0.422358
8	15	5	2	0.785344
8	12	1	1	0.384103
8	12	1	2	0.660973
8	12	2	1	0.293733
8	12	2	2	0.394518
8	12	3	1	0.264683
8	12	3	2	0.323750
8	12	4	1	0.246504
8	12	4	2	0.287741
8	12	5	1	0.435957
8	12	5	2	0.830744
8	9	1	1	0.402749
8	9	1	2	0.720940
8	9	2	1	0.272696
8	9	2	2	0.341388
8	9	3	1	0.456768
8	9	3	2	0.513825
8	9	4	1	0.246131
8	9	4	2	0.288274
8	9	5	1	0.409180
8	9	5	2	0.741915
8	2	1	1	0.449973
8	2	1	2	0.878115
8	2	2	1	0.248895
8	2	2	2	0.290842
8	2	3	1	0.295088
8	2	3	2	0.364835
8	2	4	1	0.272696
8	2	4	2	0.341388
8	2	5	1	0.502258
8	2	5	2	1.059427
8	14	1	1	0.471770
8	14	1	2	0.952865
8	14	2	1	0.310446
8	14	2	2	0.439877
8	14	3	1	0.252324
8	14	3	2	0.302739
8	14	4	1	0.297717
8	14	4	2	0.405114
8	14	5	1	0.384103
8	14	5	2	0.660973
8	13	1	1	0.471770
8	13	1	2	0.952865
8	13	2	1	0.282583
8	13	2	2	0.365713
8	13	3	1	0.287219
8	13	3	2	0.355115
8	13	4	1	0.272696
8	13	4	2	0.341388
8	13	5	1	0.422358
8	13	5	2	0.785344
9	1	1	1	0.366437
9	1	1	2	0.605446
9	1	2	1	0.301833
9	1	2	2	0.416205
9	1	3	1	0.248870
9	1	3	2	0.295725
9	1	4	1	0.246870
9	1	4	2	0.290921
9	1	5	1	0.372215
9	1	5	2	0.623462
9	13	1	1	0.568043
9	13	1	2	1.296180
9	13	2	1	0.266846
9	13	2	2	0.327669
9	13	3	1	0.326472
9	13	3	2	0.399619
9	13	4	1	0.264155
9	13	4	2	0.321560
9	13	5	1	0.551002
9	13	5	2	1.234039
9	2	1	1	0.568043
9	2	1	2	1.296180
9	2	2	1	0.247870
9	2	2	2	0.289292
9	2	3	1	0.274382
9	2	3	2	0.338023
9	2	4	1	0.250135
9	2	4	2	0.292905
9	2	5	1	0.526181
9	2	5	2	1.144518
9	14	1	1	0.559473
9	14	1	2	1.264864
9	14	2	1	0.250135
9	14	2	2	0.292905
9	14	3	1	0.269185
9	14	3	2	0.330552
9	14	4	1	0.253223
9	14	4	2	0.298561
9	14	5	1	0.378104
9	14	5	2	0.641971
9	4	1	1	0.442913
9	4	1	2	0.854183
9	4	2	1	0.275847
9	4	2	2	0.348998
9	4	3	1	0.424417
9	4	3	2	0.487653
9	4	4	1	0.250135
9	4	4	2	0.292905
9	4	5	1	0.372215
9	4	5	2	0.623462
9	5	1	1	0.402749
9	5	1	2	0.720940
9	5	2	1	0.306076
9	5	2	2	0.427793
9	5	3	1	0.295088
9	5	3	2	0.364835
9	5	4	1	0.251580
9	5	4	2	0.295478
9	5	5	1	0.384103
9	5	5	2	0.660973
9	3	1	1	0.442913
9	3	1	2	0.854183
9	3	2	1	0.261626
9	3	2	2	0.315953
9	3	3	1	0.456768
9	3	3	2	0.513825
9	3	4	1	0.247069
9	3	4	2	0.288257
9	3	5	1	0.534355
9	3	5	2	1.173866
9	10	1	1	0.402749
9	10	1	2	0.720940
9	10	2	1	0.297717
9	10	2	2	0.405114
9	10	3	1	0.252324
9	10	3	2	0.302739
9	10	4	1	0.279143
9	10	4	2	0.357106
9	10	5	1	0.415716
9	10	5	2	0.763383
9	15	1	1	0.502258
9	15	1	2	1.059427
9	15	2	1	0.246187
9	15	2	2	0.287745
9	15	3	1	0.252324
9	15	3	2	0.302739
9	15	4	1	0.293733
9	15	4	2	0.394518
9	15	5	1	0.518107
9	15	5	2	1.115662
9	8	1	1	0.494484
9	8	1	2	1.032048
9	8	2	1	0.248895
9	8	2	2	0.290842
9	8	3	1	0.250401
9	8	3	2	0.298951
9	8	4	1	0.247069
9	8	4	2	0.288257
9	8	5	1	0.415716
9	8	5	2	0.763383
9	11	1	1	0.559473
9	11	1	2	1.264864
9	11	2	1	0.286163
9	11	2	2	0.374817
9	11	3	1	0.326472
9	11	3	2	0.399619
9	11	4	1	0.248895
9	11	4	2	0.290842
9	11	5	1	0.384103
9	11	5	2	0.660973
9	7	1	1	0.568043
9	7	1	2	1.296180
9	7	2	1	0.293733
9	7	2	2	0.394518
9	7	3	1	0.314502
9	7	3	2	0.386980
9	7	4	1	0.282583
9	7	4	2	0.365713
9	7	5	1	0.568043
9	7	5	2	1.296180
9	6	1	1	0.366437
9	6	1	2	0.605446
9	6	2	1	0.286163
9	6	2	2	0.374817
9	6	3	1	0.397708
9	6	3	2	0.465383
9	6	4	1	0.246504
9	6	4	2	0.287741
9	6	5	1	0.384103
9	6	5	2	0.660973
9	12	1	1	0.360770
9	12	1	2	0.587924
9	12	2	1	0.261626
9	12	2	2	0.315953
9	12	3	1	0.314502
9	12	3	2	0.386980
9	12	4	1	0.246870
9	12	4	2	0.290921
9	12	5	1	0.429105
9	12	5	2	0.807797
10	15	1	1	0.435957
10	15	1	2	0.830744
10	15	2	1	0.310446
10	15	2	2	0.439877
10	15	3	1	0.250401
10	15	3	2	0.298951
10	15	4	1	0.272696
10	15	4	2	0.341388
10	15	5	1	0.464402
10	15	5	2	0.927456
10	3	1	1	0.559473
10	3	1	2	1.264864
10	3	2	1	0.261626
10	3	2	2	0.315953
10	3	3	1	0.260803
10	3	3	2	0.317588
10	3	4	1	0.257070
10	3	4	2	0.306247
10	3	5	1	0.534355
10	3	5	2	1.173866
10	14	1	1	0.396426
10	14	1	2	0.700458
10	14	2	1	0.261626
10	14	2	2	0.315953
10	14	3	1	0.269185
10	14	3	2	0.330552
10	14	4	1	0.247702
10	14	4	2	0.293050
10	14	5	1	0.510132
10	14	5	2	1.087298
10	8	1	1	0.409180
10	8	1	2	0.741915
10	8	2	1	0.289880
10	8	2	2	0.384419
10	8	3	1	0.269185
10	8	3	2	0.330552
10	8	4	1	0.248870
10	8	4	2	0.295725
10	8	5	1	0.576712
10	8	5	2	1.327989
10	4	1	1	0.449973
10	4	1	2	0.878115
10	4	2	1	0.247870
10	4	2	2	0.289292
10	4	3	1	0.264683
10	4	3	2	0.323750
10	4	4	1	0.250135
10	4	4	2	0.292905
10	4	5	1	0.402749
10	4	5	2	0.720940
10	1	1	1	0.442913
10	1	1	2	0.854183
10	1	2	1	0.264155
10	1	2	2	0.321560
10	1	3	1	0.295088
10	1	3	2	0.364835
10	1	4	1	0.286163
10	1	4	2	0.374817
10	1	5	1	0.457136
10	1	5	2	0.902539
10	5	1	1	0.559473
10	5	1	2	1.264864
10	5	2	1	0.257070
10	5	2	2	0.306247
10	5	3	1	0.295088
10	5	3	2	0.364835
10	5	4	1	0.282583
10	5	4	2	0.365713
10	5	5	1	0.486811
10	5	5	2	1.005161
10	9	1	1	0.360770
10	9	1	2	0.587924
10	9	2	1	0.248870
10	9	2	2	0.295725
10	9	3	1	0.424417
10	9	3	2	0.487653
10	9	4	1	0.250135
10	9	4	2	0.292905
10	9	5	1	0.518107
10	9	5	2	1.115662
10	6	1	1	0.559473
10	6	1	2	1.264864
10	6	2	1	0.306076
10	6	2	2	0.427793
10	6	3	1	0.314502
10	6	3	2	0.386980
10	6	4	1	0.246870
10	6	4	2	0.290921
10	6	5	1	0.510132
10	6	5	2	1.087298
10	13	1	1	0.429105
10	13	1	2	0.807797
10	13	2	1	0.247702
10	13	2	2	0.293050
10	13	3	1	0.260803
10	13	3	2	0.317588
10	13	4	1	0.247069
10	13	4	2	0.288257
10	13	5	1	0.409180
10	13	5	2	0.741915
10	2	1	1	0.494484
10	2	1	2	1.032048
10	2	2	1	0.266846
10	2	2	2	0.327669
10	2	3	1	0.257483
10	2	3	2	0.312044
10	2	4	1	0.246131
10	2	4	2	0.288274
10	2	5	1	0.471770
10	2	5	2	0.952865
10	11	1	1	0.568043
10	11	1	2	1.296180
10	11	2	1	0.266846
10	11	2	2	0.327669
10	11	3	1	0.250401
10	11	3	2	0.298951
10	11	4	1	0.246504
10	11	4	2	0.287741
10	11	5	1	0.372215
10	11	5	2	0.623462
10	7	1	1	0.551002
10	7	1	2	1.234039
10	7	2	1	0.275847
10	7	2	2	0.348998
10	7	3	1	0.250401
10	7	3	2	0.298951
10	7	4	1	0.301833
10	7	4	2	0.416205
10	7	5	1	0.510132
10	7	5	2	1.087298
10	12	1	1	0.494484
10	12	1	2	1.032048
10	12	2	1	0.247069
10	12	2	2	0.288257
10	12	3	1	0.252324
10	12	3	2	0.302739
10	12	4	1	0.246870
10	12	4	2	0.290921
10	12	5	1	0.471770
10	12	5	2	0.952865
11	7	1	1	0.384103
11	7	1	2	0.660973
11	7	2	1	0.247069
11	7	2	2	0.288257
11	7	3	1	0.340328
11	7	3	2	0.413505
11	7	4	1	0.261626
11	7	4	2	0.315953
11	7	5	1	0.576712
11	7	5	2	1.327989
11	12	1	1	0.542629
11	12	1	2	1.203706
11	12	2	1	0.246187
11	12	2	2	0.287745
11	12	3	1	0.340328
11	12	3	2	0.413505
11	12	4	1	0.297717
11	12	4	2	0.405114
11	12	5	1	0.415716
11	12	5	2	0.763383
11	8	1	1	0.442913
11	8	1	2	0.854183
11	8	2	1	0.272696
11	8	2	2	0.341388
11	8	3	1	0.287219
11	8	3	2	0.355115
11	8	4	1	0.259262
11	8	4	2	0.310848
11	8	5	1	0.551002
11	8	5	2	1.234039
11	6	1	1	0.518107
11	6	1	2	1.115662
11	6	2	1	0.247702
11	6	2	2	0.293050
11	6	3	1	0.375359
11	6	3	2	0.446007
11	6	4	1	0.293733
11	6	4	2	0.394518
11	6	5	1	0.486811
11	6	5	2	1.005161
11	5	1	1	0.429105
11	5	1	2	0.807797
11	5	2	1	0.247069
11	5	2	2	0.288257
11	5	3	1	0.250401
11	5	3	2	0.298951
11	5	4	1	0.272696
11	5	4	2	0.341388
11	5	5	1	0.457136
11	5	5	2	0.902539
11	4	1	1	0.494484
11	4	1	2	1.032048
11	4	2	1	0.247069
11	4	2	2	0.288257
11	4	3	1	0.254672
11	4	3	2	0.307099
11	4	4	1	0.246504
11	4	4	2	0.287741
11	4	5	1	0.372215
11	4	5	2	0.623462
11	1	1	1	0.422358
11	1	1	2	0.785344
11	1	2	1	0.272696
11	1	2	2	0.341388
11	1	3	1	0.295088
11	1	3	2	0.364835
11	1	4	1	0.247870
11	1	4	2	0.289292
11	1	5	1	0.372215
11	1	5	2	0.623462
11	10	1	1	0.576712
11	10	1	2	1.327989
11	10	2	1	0.272696
11	10	2	2	0.341388
11	10	3	1	0.274382
11	10	3	2	0.338023
11	10	4	1	0.261626
11	10	4	2	0.315953
11	10	5	1	0.409180
11	10	5	2	0.741915
11	3	1	1	0.551002
11	3	1	2	1.234039
11	3	2	1	0.248895
11	3	2	2	0.290842
11	3	3	1	0.295088
11	3	3	2	0.364835
11	3	4	1	0.246353
11	3	4	2	0.289331
11	3	5	1	0.415716
11	3	5	2	0.763383
11	2	1	1	0.494484
11	2	1	2	1.032048
11	2	2	1	0.264155
11	2	2	2	0.321560
11	2	3	1	0.397708
11	2	3	2	0.465383
11	2	4	1	0.253223
11	2	4	2	0.298561
11	2	5	1	0.442913
11	2	5	2	0.854183
11	9	1	1	0.479240
11	9	1	2	0.978767
11	9	2	1	0.246187
11	9	2	2	0.287745
11	9	3	1	0.340328
11	9	3	2	0.413505
11	9	4	1	0.275847
11	9	4	2	0.348998
11	9	5	1	0.360770
11	9	5	2	0.587924
11	15	1	1	0.576712
11	15	1	2	1.327989
11	15	2	1	0.289880
11	15	2	2	0.384419
11	15	3	1	0.326472
11	15	3	2	0.399619
11	15	4	1	0.246870
11	15	4	2	0.290921
11	15	5	1	0.526181
11	15	5	2	1.144518
11	13	1	1	0.471770
11	13	1	2	0.952865
11	13	2	1	0.310446
11	13	2	2	0.439877
11	13	3	1	0.274382
11	13	3	2	0.338023
11	13	4	1	0.247069
11	13	4	2	0.288257
11	13	5	1	0.360770
11	13	5	2	0.587924
11	14	1	1	0.471770
11	14	1	2	0.952865
11	14	2	1	0.266846
11	14	2	2	0.327669
11	14	3	1	0.260803
11	14	3	2	0.317588
11	14	4	1	0.293733
11	14	4	2	0.394518
11	14	5	1	0.576712
11	14	5	2	1.327989
12	11	1	1	0.435957
12	11	1	2	0.830744
12	11	2	1	0.247069
12	11	2	2	0.288257
12	11	3	1	0.252324
12	11	3	2	0.302739
12	11	4	1	0.247702
12	11	4	2	0.293050
12	11	5	1	0.551002
12	11	5	2	1.234039
12	7	1	1	0.422358
12	7	1	2	0.785344
12	7	2	1	0.257070
12	7	2	2	0.306247
12	7	3	1	0.260803
12	7	3	2	0.317588
12	7	4	1	0.247069
12	7	4	2	0.288257
12	7	5	1	0.457136
12	7	5	2	0.902539
12	8	1	1	0.378104
12	8	1	2	0.641971
12	8	2	1	0.255055
12	8	2	2	0.302151
12	8	3	1	0.424417
12	8	3	2	0.487653
12	8	4	1	0.289880
12	8	4	2	0.384419
12	8	5	1	0.479240
12	8	5	2	0.978767
12	5	1	1	0.366437
12	5	1	2	0.605446
12	5	2	1	0.261626
12	5	2	2	0.315953
12	5	3	1	0.375359
12	5	3	2	0.446007
12	5	4	1	0.279143
12	5	4	2	0.357106
12	5	5	1	0.559473
12	5	5	2	1.264864
12	6	1	1	0.442913
12	6	1	2	0.854183
12	6	2	1	0.259262
12	6	2	2	0.310848
12	6	3	1	0.254672
12	6	3	2	0.307099
12	6	4	1	0.247069
12	6	4	2	0.288257
12	6	5	1	0.422358
12	6	5	2	0.785344
12	4	1	1	0.486811
12	4	1	2	1.005161
12	4	2	1	0.246131
12	4	2	2	0.288274
12	4	3	1	0.456768
12	4	3	2	0.513825
12	4	4	1	0.246353
12	4	4	2	0.289331
12	4	5	1	0.464402
12	4	5	2	0.927456
12	1	1	1	0.494484
12	1	1	2	1.032048
12	1	2	1	0.289880
12	1	2	2	0.384419
12	1	3	1	0.260803
12	1	3	2	0.317588
12	1	4	1	0.275847
12	1	4	2	0.348998
12	1	5	1	0.464402
12	1	5	2	0.927456
12	2	1	1	0.486811
12	2	1	2	1.005161
12	2	2	1	0.257070
12	2	2	2	0.306247
12	2	3	1	0.456768
12	2	3	2	0.513825
12	2	4	1	0.259262
12	2	4	2	0.310848
12	2	5	1	0.559473
12	2	5	2	1.264864
12	9	1	1	0.471770
12	9	1	2	0.952865
12	9	2	1	0.250135
12	9	2	2	0.292905
12	9	3	1	0.257483
12	9	3	2	0.312044
12	9	4	1	0.261626
12	9	4	2	0.315953
12	9	5	1	0.449973
12	9	5	2	0.878115
12	3	1	1	0.402749
12	3	1	2	0.720940
12	3	2	1	0.248895
12	3	2	2	0.290842
12	3	3	1	0.260803
12	3	3	2	0.317588
12	3	4	1	0.257070
12	3	4	2	0.306247
12	3	5	1	0.366437
12	3	5	2	0.605446
12	10	1	1	0.402749
12	10	1	2	0.720940
12	10	2	1	0.261626
12	10	2	2	0.315953
12	10	3	1	0.397708
12	10	3	2	0.465383
12	10	4	1	0.248870
12	10	4	2	0.295725
12	10	5	1	0.534355
12	10	5	2	1.173866
12	13	1	1	0.526181
12	13	1	2	1.144518
12	13	2	1	0.246131
12	13	2	2	0.288274
12	13	3	1	0.287219
12	13	3	2	0.355115
12	13	4	1	0.279143
12	13	4	2	0.357106
12	13	5	1	0.464402
12	13	5	2	0.927456
12	14	1	1	0.442913
12	14	1	2	0.854183
12	14	2	1	0.255055
12	14	2	2	0.302151
12	14	3	1	0.264683
12	14	3	2	0.323750
12	14	4	1	0.246353
12	14	4	2	0.289331
12	14	5	1	0.435957
12	14	5	2	0.830744
12	15	1	1	0.402749
12	15	1	2	0.720940
12	15	2	1	0.261626
12	15	2	2	0.315953
12	15	3	1	0.264683
12	15	3	2	0.323750
12	15	4	1	0.257070
12	15	4	2	0.306247
12	15	5	1	0.502258
12	15	5	2	1.059427
13	9	1	1	0.559473
13	9	1	2	1.264864
13	9	2	1	0.297717
13	9	2	2	0.405114
13	9	3	1	0.274382
13	9	3	2	0.338023
13	9	4	1	0.246187
13	9	4	2	0.287745
13	9	5	1	0.372215
13	9	5	2	0.623462
13	1	1	1	0.471770
13	1	1	2	0.952865
13	1	2	1	0.253223
13	1	2	2	0.298561
13	1	3	1	0.260803
13	1	3	2	0.317588
13	1	4	1	0.246870
13	1	4	2	0.290921
13	1	5	1	0.372215
13	1	5	2	0.623462
13	2	1	1	0.568043
13	2	1	2	1.296180
13	2	2	1	0.251580
13	2	2	2	0.295478
13	2	3	1	0.269185
13	2	3	2	0.330552
13	2	4	1	0.261626
13	2	4	2	0.315953
13	2	5	1	0.486811
13	2	5	2	1.005161
13	14	1	1	0.449973
13	14	1	2	0.878115
13	14	2	1	0.247870
13	14	2	2	0.289292
13	14	3	1	0.260803
13	14	3	2	0.317588
13	14	4	1	0.266846
13	14	4	2	0.327669
13	14	5	1	0.510132
13	14	5	2	1.087298
13	4	1	1	0.464402
13	4	1	2	0.927456
13	4	2	1	0.246504
13	4	2	2	0.287741
13	4	3	1	0.340328
13	4	3	2	0.413505
13	4	4	1	0.269695
13	4	4	2	0.334278
13	4	5	1	0.360770
13	4	5	2	0.587924
13	5	1	1	0.576712
13	5	1	2	1.327989
13	5	2	1	0.293733
13	5	2	2	0.394518
13	5	3	1	0.280358
13	5	3	2	0.346196
13	5	4	1	0.248870
13	5	4	2	0.295725
13	5	5	1	0.360770
13	5	5	2	0.587924
13	3	1	1	0.559473
13	3	1	2	1.264864
13	3	2	1	0.248895
13	3	2	2	0.290842
13	3	3	1	0.274382
13	3	3	2	0.338023
13	3	4	1	0.269695
13	3	4	2	0.334278
13	3	5	1	0.471770
13	3	5	2	0.952865
13	15	1	1	0.502258
13	15	1	2	1.059427
13	15	2	1	0.247870
13	15	2	2	0.289292
13	15	3	1	0.252324
13	15	3	2	0.302739
13	15	4	1	0.261626
13	15	4	2	0.315953
13	15	5	1	0.390210
13	15	5	2	0.680469
13	10	1	1	0.510132
13	10	1	2	1.087298
13	10	2	1	0.282583
13	10	2	2	0.365713
13	10	3	1	0.456768
13	10	3	2	0.513825
13	10	4	1	0.293733
13	10	4	2	0.394518
13	10	5	1	0.396426
13	10	5	2	0.700458
13	8	1	1	0.390210
13	8	1	2	0.680469
13	8	2	1	0.246131
13	8	2	2	0.288274
13	8	3	1	0.424417
13	8	3	2	0.487653
13	8	4	1	0.272696
13	8	4	2	0.341388
13	8	5	1	0.378104
13	8	5	2	0.641971
13	11	1	1	0.479240
13	11	1	2	0.978767
13	11	2	1	0.264155
13	11	2	2	0.321560
13	11	3	1	0.287219
13	11	3	2	0.355115
13	11	4	1	0.248870
13	11	4	2	0.295725
13	11	5	1	0.442913
13	11	5	2	0.854183
13	7	1	1	0.396426
13	7	1	2	0.700458
13	7	2	1	0.293733
13	7	2	2	0.394518
13	7	3	1	0.254672
13	7	3	2	0.307099
13	7	4	1	0.253223
13	7	4	2	0.298561
13	7	5	1	0.457136
13	7	5	2	0.902539
13	6	1	1	0.360770
13	6	1	2	0.587924
13	6	2	1	0.251580
13	6	2	2	0.295478
13	6	3	1	0.287219
13	6	3	2	0.355115
13	6	4	1	0.297717
13	6	4	2	0.405114
13	6	5	1	0.471770
13	6	5	2	0.952865
13	12	1	1	0.390210
13	12	1	2	0.680469
13	12	2	1	0.264155
13	12	2	2	0.321560
13	12	3	1	0.252324
13	12	3	2	0.302739
13	12	4	1	0.246187
13	12	4	2	0.287745
13	12	5	1	0.429105
13	12	5	2	0.807797
14	9	1	1	0.396426
14	9	1	2	0.700458
14	9	2	1	0.247870
14	9	2	2	0.289292
14	9	3	1	0.326472
14	9	3	2	0.399619
14	9	4	1	0.279143
14	9	4	2	0.357106
14	9	5	1	0.518107
14	9	5	2	1.115662
14	1	1	1	0.542629
14	1	1	2	1.203706
14	1	2	1	0.266846
14	1	2	2	0.327669
14	1	3	1	0.269185
14	1	3	2	0.330552
14	1	4	1	0.279143
14	1	4	2	0.357106
14	1	5	1	0.422358
14	1	5	2	0.785344
14	3	1	1	0.494484
14	3	1	2	1.032048
14	3	2	1	0.306076
14	3	2	2	0.427793
14	3	3	1	0.326472
14	3	3	2	0.399619
14	3	4	1	0.286163
14	3	4	2	0.374817
14	3	5	1	0.576712
14	3	5	2	1.327989
14	13	1	1	0.429105
14	13	1	2	0.807797
14	13	2	1	0.247702
14	13	2	2	0.293050
14	13	3	1	0.257483
14	13	3	2	0.312044
14	13	4	1	0.306076
14	13	4	2	0.427793
14	13	5	1	0.422358
14	13	5	2	0.785344
14	15	1	1	0.390210
14	15	1	2	0.680469
14	15	2	1	0.266846
14	15	2	2	0.327669
14	15	3	1	0.356456
14	15	3	2	0.428864
14	15	4	1	0.247870
14	15	4	2	0.289292
14	15	5	1	0.366437
14	15	5	2	0.605446
14	4	1	1	0.429105
14	4	1	2	0.807797
14	4	2	1	0.259262
14	4	2	2	0.310848
14	4	3	1	0.326472
14	4	3	2	0.399619
14	4	4	1	0.250135
14	4	4	2	0.292905
14	4	5	1	0.396426
14	4	5	2	0.700458
14	10	1	1	0.576712
14	10	1	2	1.327989
14	10	2	1	0.275847
14	10	2	2	0.348998
14	10	3	1	0.340328
14	10	3	2	0.413505
14	10	4	1	0.306076
14	10	4	2	0.427793
14	10	5	1	0.415716
14	10	5	2	0.763383
14	2	1	1	0.402749
14	2	1	2	0.720940
14	2	2	1	0.246353
14	2	2	2	0.289331
14	2	3	1	0.397708
14	2	3	2	0.465383
14	2	4	1	0.246504
14	2	4	2	0.287741
14	2	5	1	0.464402
14	2	5	2	0.927456
14	5	1	1	0.576712
14	5	1	2	1.327989
14	5	2	1	0.259262
14	5	2	2	0.310848
14	5	3	1	0.269185
14	5	3	2	0.330552
14	5	4	1	0.310446
14	5	4	2	0.439877
14	5	5	1	0.502258
14	5	5	2	1.059427
14	8	1	1	0.551002
14	8	1	2	1.234039
14	8	2	1	0.275847
14	8	2	2	0.348998
14	8	3	1	0.397708
14	8	3	2	0.465383
14	8	4	1	0.247702
14	8	4	2	0.293050
14	8	5	1	0.390210
14	8	5	2	0.680469
14	6	1	1	0.502258
14	6	1	2	1.059427
14	6	2	1	0.301833
14	6	2	2	0.416205
14	6	3	1	0.257483
14	6	3	2	0.312044
14	6	4	1	0.272696
14	6	4	2	0.341388
14	6	5	1	0.551002
14	6	5	2	1.234039
14	11	1	1	0.372215
14	11	1	2	0.623462
14	11	2	1	0.282583
14	11	2	2	0.365713
14	11	3	1	0.257483
14	11	3	2	0.312044
14	11	4	1	0.248895
14	11	4	2	0.290842
14	11	5	1	0.372215
14	11	5	2	0.623462
14	7	1	1	0.494484
14	7	1	2	1.032048
14	7	2	1	0.247069
14	7	2	2	0.288257
14	7	3	1	0.397708
14	7	3	2	0.465383
14	7	4	1	0.297717
14	7	4	2	0.405114
14	7	5	1	0.429105
14	7	5	2	0.807797
14	12	1	1	0.486811
14	12	1	2	1.005161
14	12	2	1	0.289880
14	12	2	2	0.384419
14	12	3	1	0.269185
14	12	3	2	0.330552
14	12	4	1	0.282583
14	12	4	2	0.365713
14	12	5	1	0.568043
14	12	5	2	1.296180
15	10	1	1	0.551002
15	10	1	2	1.234039
15	10	2	1	0.266846
15	10	2	2	0.327669
15	10	3	1	0.340328
15	10	3	2	0.413505
15	10	4	1	0.259262
15	10	4	2	0.310848
15	10	5	1	0.457136
15	10	5	2	0.902539
15	3	1	1	0.396426
15	3	1	2	0.700458
15	3	2	1	0.306076
15	3	2	2	0.427793
15	3	3	1	0.295088
15	3	3	2	0.364835
15	3	4	1	0.289880
15	3	4	2	0.384419
15	3	5	1	0.502258
15	3	5	2	1.059427
15	14	1	1	0.415716
15	14	1	2	0.763383
15	14	2	1	0.246504
15	14	2	2	0.287741
15	14	3	1	0.314502
15	14	3	2	0.386980
15	14	4	1	0.279143
15	14	4	2	0.357106
15	14	5	1	0.409180
15	14	5	2	0.741915
15	8	1	1	0.435957
15	8	1	2	0.830744
15	8	2	1	0.275847
15	8	2	2	0.348998
15	8	3	1	0.250401
15	8	3	2	0.298951
15	8	4	1	0.293733
15	8	4	2	0.394518
15	8	5	1	0.551002
15	8	5	2	1.234039
15	1	1	1	0.372215
15	1	1	2	0.623462
15	1	2	1	0.286163
15	1	2	2	0.374817
15	1	3	1	0.314502
15	1	3	2	0.386980
15	1	4	1	0.264155
15	1	4	2	0.321560
15	1	5	1	0.449973
15	1	5	2	0.878115
15	4	1	1	0.551002
15	4	1	2	1.234039
15	4	2	1	0.253223
15	4	2	2	0.298561
15	4	3	1	0.280358
15	4	3	2	0.346196
15	4	4	1	0.269695
15	4	4	2	0.334278
15	4	5	1	0.464402
15	4	5	2	0.927456
15	9	1	1	0.372215
15	9	1	2	0.623462
15	9	2	1	0.250135
15	9	2	2	0.292905
15	9	3	1	0.340328
15	9	3	2	0.413505
15	9	4	1	0.264155
15	9	4	2	0.321560
15	9	5	1	0.534355
15	9	5	2	1.173866
15	5	1	1	0.360770
15	5	1	2	0.587924
15	5	2	1	0.255055
15	5	2	2	0.302151
15	5	3	1	0.248870
15	5	3	2	0.295725
15	5	4	1	0.297717
15	5	4	2	0.405114
15	5	5	1	0.429105
15	5	5	2	0.807797
15	13	1	1	0.502258
15	13	1	2	1.059427
15	13	2	1	0.248870
15	13	2	2	0.295725
15	13	3	1	0.287219
15	13	3	2	0.355115
15	13	4	1	0.259262
15	13	4	2	0.310848
15	13	5	1	0.559473
15	13	5	2	1.264864
15	2	1	1	0.429105
15	2	1	2	0.807797
15	2	2	1	0.301833
15	2	2	2	0.416205
15	2	3	1	0.274382
15	2	3	2	0.338023
15	2	4	1	0.246504
15	2	4	2	0.287741
15	2	5	1	0.486811
15	2	5	2	1.005161
15	6	1	1	0.415716
15	6	1	2	0.763383
15	6	2	1	0.269695
15	6	2	2	0.334278
15	6	3	1	0.257483
15	6	3	2	0.312044
15	6	4	1	0.269695
15	6	4	2	0.334278
15	6	5	1	0.449973
15	6	5	2	0.878115
15	11	1	1	0.510132
15	11	1	2	1.087298
15	11	2	1	0.301833
15	11	2	2	0.416205
15	11	3	1	0.260803
15	11	3	2	0.317588
15	11	4	1	0.286163
15	11	4	2	0.374817
15	11	5	1	0.415716
15	11	5	2	0.763383
15	7	1	1	0.360770
15	7	1	2	0.587924
15	7	2	1	0.282583
15	7	2	2	0.365713
15	7	3	1	0.250401
15	7	3	2	0.298951
15	7	4	1	0.293733
15	7	4	2	0.394518
15	7	5	1	0.378104
15	7	5	2	0.641971
15	12	1	1	0.464402
15	12	1	2	0.927456
15	12	2	1	0.275847
15	12	2	2	0.348998
15	12	3	1	0.424417
15	12	3	2	0.487653
15	12	4	1	0.247870
15	12	4	2	0.289292
15	12	5	1	0.396426
15	12	5	2	0.700458
0	5	1	1	0.576712
0	5	1	2	1.327989
0	5	2	1	0.310446
0	5	2	2	0.439877
0	5	3	1	0.269185
0	5	3	2	0.330552
0	5	4	1	0.247069
0	5	4	2	0.288257
0	5	5	1	0.422358
0	5	5	2	0.785344
0	8	1	1	0.510132
0	8	1	2	1.087298
0	8	2	1	0.272696
0	8	2	2	0.341388
0	8	3	1	0.260803
0	8	3	2	0.317588
0	8	4	1	0.248870
0	8	4	2	0.295725
0	8	5	1	0.494484
0	8	5	2	1.032048
0	4	1	1	0.486811
0	4	1	2	1.005161
0	4	2	1	0.286163
0	4	2	2	0.374817
0	4	3	1	0.269185
0	4	3	2	0.330552
0	4	4	1	0.250135
0	4	4	2	0.292905
0	4	5	1	0.442913
0	4	5	2	0.854183
0	11	1	1	0.502258
0	11	1	2	1.059427
0	11	2	1	0.250135
0	11	2	2	0.292905
0	11	3	1	0.260803
0	11	3	2	0.317588
0	11	4	1	0.282583
0	11	4	2	0.365713
0	11	5	1	0.576712
0	11	5	2	1.327989
0	1	1	1	0.384103
0	1	1	2	0.660973
0	1	2	1	0.257070
0	1	2	2	0.306247
0	1	3	1	0.340328
0	1	3	2	0.413505
0	1	4	1	0.306076
0	1	4	2	0.427793
0	1	5	1	0.390210
0	1	5	2	0.680469
0	3	1	1	0.576712
0	3	1	2	1.327989
0	3	2	1	0.286163
0	3	2	2	0.374817
0	3	3	1	0.304119
0	3	3	2	0.375426
0	3	4	1	0.279143
0	3	4	2	0.357106
0	3	5	1	0.559473
0	3	5	2	1.264864
0	7	1	1	0.457136
0	7	1	2	0.902539
0	7	2	1	0.286163
0	7	2	2	0.374817
0	7	3	1	0.456768
0	7	3	2	0.513825
0	7	4	1	0.306076
0	7	4	2	0.427793
0	7	5	1	0.457136
0	7	5	2	0.902539
0	9	1	1	0.415716
0	9	1	2	0.763383
0	9	2	1	0.250135
0	9	2	2	0.292905
0	9	3	1	0.356456
0	9	3	2	0.428864
0	9	4	1	0.306076
0	9	4	2	0.427793
0	9	5	1	0.366437
0	9	5	2	0.605446
0	2	1	1	0.449973
0	2	1	2	0.878115
0	2	2	1	0.275847
0	2	2	2	0.348998
0	2	3	1	0.375359
0	2	3	2	0.446007
0	2	4	1	0.253223
0	2	4	2	0.298561
0	2	5	1	0.486811
0	2	5	2	1.005161
0	10	1	1	0.402749
0	10	1	2	0.720940
0	10	2	1	0.306076
0	10	2	2	0.427793
0	10	3	1	0.314502
0	10	3	2	0.386980
0	10	4	1	0.246131
0	10	4	2	0.288274
0	10	5	1	0.502258
0	10	5	2	1.059427
0	6	1	1	0.449973
0	6	1	2	0.878115
0	6	2	1	0.297717
0	6	2	2	0.405114
0	6	3	1	0.252324
0	6	3	2	0.302739
0	6	4	1	0.282583
0	6	4	2	0.365713
0	6	5	1	0.396426
0	6	5	2	0.700458
0	13	1	1	0.435957
0	13	1	2	0.830744
0	13	2	1	0.310446
0	13	2	2	0.439877
0	13	3	1	0.456768
0	13	3	2	0.513825
0	13	4	1	0.247702
0	13	4	2	0.293050
0	13	5	1	0.534355
0	13	5	2	1.173866
0	12	1	1	0.442913
0	12	1	2	0.854183
0	12	2	1	0.306076
0	12	2	2	0.427793
0	12	3	1	0.274382
0	12	3	2	0.338023
0	12	4	1	0.247702
0	12	4	2	0.293050
0	12	5	1	0.442913
0	12	5	2	0.854183
0	14	1	1	0.542629
0	14	1	2	1.203706
0	14	2	1	0.306076
0	14	2	2	0.427793
0	14	3	1	0.314502
0	14	3	2	0.386980
0	14	4	1	0.246353
0	14	4	2	0.289331
0	14	5	1	0.479240
0	14	5	2	0.978767
0	15	1	1	0.409180
0	15	1	2	0.741915
0	15	2	1	0.247069
0	15	2	2	0.288257
0	15	3	1	0.254672
0	15	3	2	0.307099
0	15	4	1	0.257070
0	15	4	2	0.306247
0	15	5	1	0.471770
0	15	5	2	0.952865
5	0	1	1	0.402749
5	0	1	2	0.720940
5	0	2	1	0.257070
5	0	2	2	0.306247
5	0	3	1	0.260803
5	0	3	2	0.317588
5	0	4	1	0.247702
5	0	4	2	0.293050
5	0	5	1	0.384103
5	0	5	2	0.660973
8	0	1	1	0.479240
8	0	1	2	0.978767
8	0	2	1	0.279143
8	0	2	2	0.357106
8	0	3	1	0.295088
8	0	3	2	0.364835
8	0	4	1	0.255055
8	0	4	2	0.302151
8	0	5	1	0.510132
8	0	5	2	1.087298
4	0	1	1	0.457136
4	0	1	2	0.902539
4	0	2	1	0.310446
4	0	2	2	0.439877
4	0	3	1	0.264683
4	0	3	2	0.323750
4	0	4	1	0.286163
4	0	4	2	0.374817
4	0	5	1	0.378104
4	0	5	2	0.641971
11	0	1	1	0.534355
11	0	1	2	1.173866
11	0	2	1	0.286163
11	0	2	2	0.374817
11	0	3	1	0.375359
11	0	3	2	0.446007
11	0	4	1	0.293733
11	0	4	2	0.394518
11	0	5	1	0.449973
11	0	5	2	0.878115
1	0	1	1	0.568043
1	0	1	2	1.296180
1	0	2	1	0.306076
1	0	2	2	0.427793
1	0	3	1	0.280358
1	0	3	2	0.346196
1	0	4	1	0.297717
1	0	4	2	0.405114
1	0	5	1	0.559473
1	0	5	2	1.264864
3	0	1	1	0.415716
3	0	1	2	0.763383
3	0	2	1	0.293733
3	0	2	2	0.394518
3	0	3	1	0.269185
3	0	3	2	0.330552
3	0	4	1	0.253223
3	0	4	2	0.298561
3	0	5	1	0.390210
3	0	5	2	0.680469
7	0	1	1	0.396426
7	0	1	2	0.700458
7	0	2	1	0.246353
7	0	2	2	0.289331
7	0	3	1	0.274382
7	0	3	2	0.338023
7	0	4	1	0.269695
7	0	4	2	0.334278
7	0	5	1	0.396426
7	0	5	2	0.700458
9	0	1	1	0.384103
9	0	1	2	0.660973
9	0	2	1	0.301833
9	0	2	2	0.416205
9	0	3	1	0.304119
9	0	3	2	0.375426
9	0	4	1	0.275847
9	0	4	2	0.348998
9	0	5	1	0.396426
9	0	5	2	0.700458
2	0	1	1	0.402749
2	0	1	2	0.720940
2	0	2	1	0.293733
2	0	2	2	0.394518
2	0	3	1	0.314502
2	0	3	2	0.386980
2	0	4	1	0.261626
2	0	4	2	0.315953
2	0	5	1	0.542629
2	0	5	2	1.203706
10	0	1	1	0.422358
10	0	1	2	0.785344
10	0	2	1	0.261626
10	0	2	2	0.315953
10	0	3	1	0.424417
10	0	3	2	0.487653
10	0	4	1	0.279143
10	0	4	2	0.357106
10	0	5	1	0.435957
10	0	5	2	0.830744
6	0	1	1	0.360770
6	0	1	2	0.587924
6	0	2	1	0.255055
6	0	2	2	0.302151
6	0	3	1	0.326472
6	0	3	2	0.399619
6	0	4	1	0.247870
6	0	4	2	0.289292
6	0	5	1	0.390210
6	0	5	2	0.680469
13	0	1	1	0.422358
13	0	1	2	0.785344
13	0	2	1	0.310446
13	0	2	2	0.439877
13	0	3	1	0.274382
13	0	3	2	0.338023
13	0	4	1	0.248870
13	0	4	2	0.295725
13	0	5	1	0.384103
13	0	5	2	0.660973
12	0	1	1	0.396426
12	0	1	2	0.700458
12	0	2	1	0.251580
12	0	2	2	0.295478
12	0	3	1	0.254672
12	0	3	2	0.307099
12	0	4	1	0.247069
12	0	4	2	0.288257
12	0	5	1	0.372215
12	0	5	2	0.623462
14	0	1	1	0.429105
14	0	1	2	0.807797
14	0	2	1	0.310446
14	0	2	2	0.439877
14	0	3	1	0.250401
14	0	3	2	0.298951
14	0	4	1	0.261626
14	0	4	2	0.315953
14	0	5	1	0.526181
14	0	5	2	1.144518
15	0	1	1	0.429105
15	0	1	2	0.807797
15	0	2	1	0.301833
15	0	2	2	0.416205
15	0	3	1	0.287219
15	0	3	2	0.355115
15	0	4	1	0.255055
15	0	4	2	0.302151
15	0	5	1	0.415716
15	0	5	2	0.763383
;
