param:	TIME:	Ts	Te:=
1	0   108
2	108   216
3	216   324
4	324   432
5	432   540
;
param:	NODE:	r	st	WS	WE:=
0	0	0	0	540
1	855	9	79	408
2	2343	26	69	411
3	564	6	76	390
4	1959	22	88	414
5	1494	17	52	387
6	1617	18	83	429
7	621	7	71	406
8	996	11	86	428
9	1410	16	18	354
10	576	6	15	345
11	885	10	65	388
12	2106	23	58	392
13	1251	14	36	361
14	1206	13	85	412
15	2337	26	33	361
;
param: VEHICLE:	Ch	Lh	Ph	ch:=
1	10000	150	2.2384e-005	2.66374
2	15000	200	1.79961e-005	2.66374
3	10000	150	2.2384e-005	2.66374
;
param q_real:=3;
param	nth:=14;
param	nth1:=15;
param:	ARC:	D:=
1	13	19.330000
1	7	33.020000
1	5	45.730000
1	6	54.090000
1	12	57.650002
1	10	60.970001
1	2	67.089996
1	11	69.430000
1	14	72.250000
1	9	75.870003
1	15	77.269997
1	4	85.690002
1	8	88.620003
1	3	97.130997
2	7	46.910000
2	10	53.880001
2	6	59.500000
2	5	65.550003
2	1	67.180000
2	12	71.430000
2	11	74.300003
2	13	74.320000
2	15	78.879997
2	14	88.250000
2	8	92.449997
2	9	109.160004
2	3	113.110001
2	4	117.669998
3	8	28.340000
3	14	28.930000
3	15	35.610001
3	11	40.230000
3	4	43.070000
3	9	45.930000
3	12	45.941002
3	5	57.591000
3	6	58.650002
3	10	64.470001
3	1	98.070999
3	2	113.489998
3	13	115.950996
3	7	118.030998
4	9	10.930000
4	14	41.500999
4	3	42.430000
4	12	49.740002
4	5	53.130001
4	8	54.261002
4	11	55.311001
4	15	57.441002
4	6	61.299999
4	10	71.099998
4	1	85.160004
4	13	98.480003
4	7	112.150002
4	2	117.629997
5	6	11.860000
5	12	12.950000
5	10	22.510000
5	11	25.090000
5	14	28.680000
5	15	32.930000
5	8	44.279999
5	9	44.610001
5	1	45.840000
5	4	53.119999
5	3	55.811001
5	13	63.709999
5	7	64.330002
5	2	65.660004
6	10	11.110000
6	5	11.860000
6	12	13.880000
6	11	22.270000
6	15	30.290001
6	14	30.700001
6	8	41.639999
6	9	53.400002
6	1	54.049999
6	3	57.831001
6	2	59.650002
6	4	61.509998
6	7	63.070000
6	13	70.129997
7	13	29.730000
7	1	32.810001
7	2	46.610001
7	10	62.029999
7	6	62.599998
7	5	63.939999
7	12	73.699997
7	11	83.310997
7	14	90.519997
7	15	91.331001
7	8	102.681000
7	9	103.290001
7	4	111.800003
7	3	116.871002
8	15	16.010000
8	11	21.190001
8	14	22.850000
8	3	28.490000
8	12	32.320000
8	6	41.590000
8	5	44.580002
8	10	46.509998
8	4	54.611000
8	9	54.880001
8	1	88.839996
8	2	92.550003
8	7	103.210999
8	13	106.709999
9	4	10.890000
9	14	40.160000
9	12	41.509998
9	5	44.570000
9	3	45.740002
9	11	50.070000
9	6	53.070000
9	8	54.820000
9	15	56.099998
9	10	62.869999
9	1	75.089996
9	13	88.410004
9	7	103.589996
9	2	109.070000
10	6	11.050000
10	5	22.230000
10	12	22.410000
10	11	27.160000
10	15	32.900002
10	14	38.610001
10	8	46.750000
10	2	53.830002
10	1	60.860001
10	7	62.410000
10	9	63.220001
10	3	64.269997
10	4	71.330002
10	13	74.860001
11	15	9.240000
11	12	13.360000
11	14	17.080000
11	8	21.370001
11	6	22.889999
11	5	25.620001
11	10	26.969999
11	3	40.119999
11	9	50.930000
11	4	55.931000
11	1	69.879997
11	2	74.209999
11	7	84.591003
11	13	87.750000
12	5	12.820000
12	11	13.280000
12	6	13.940000
12	14	17.379999
12	15	21.120001
12	10	22.330000
12	8	32.470001
12	9	41.599998
12	3	44.511002
12	4	49.709999
12	1	57.439999
12	2	71.830002
12	7	74.470001
12	13	75.309998
13	1	19.340000
13	7	29.809999
13	5	63.700001
13	6	70.190002
13	2	74.739998
13	10	75.129997
13	12	75.620003
13	11	87.400002
13	9	88.360001
13	14	90.220001
13	15	95.239998
13	4	98.180000
13	8	106.589996
13	3	115.100998
14	11	16.150000
14	12	17.290001
14	15	21.950001
14	8	23.160000
14	3	28.320000
14	5	28.940001
14	6	30.740000
14	10	38.220001
14	9	40.270000
14	4	41.311001
14	1	72.150002
14	2	88.629997
14	13	90.019997
14	7	90.940002
15	11	8.760000
15	8	15.840000
15	12	20.730000
15	14	21.940001
15	6	30.000000
15	10	32.869999
15	5	32.990002
15	3	35.130001
15	9	56.200001
15	4	57.241001
15	1	77.250000
15	2	78.820000
15	7	91.621002
15	13	95.120003
0	11	30.799999
0	10	30.820000
0	15	33.490002
0	6	33.650002
0	12	37.860001
0	5	44.709999
0	8	45.529999
0	14	47.410000
0	2	50.540001
0	3	67.720001
0	9	78.470001
0	7	84.410004
0	1	86.040001
0	4	86.261002
0	13	99.629997
11	0	30.590000
10	0	30.740000
6	0	33.459999
15	0	33.490002
12	0	37.919998
5	0	44.599998
8	0	45.509998
14	0	46.740002
2	0	50.990002
3	0	68.160004
9	0	77.940002
7	0	83.940002
1	0	85.879997
4	0	85.901001
13	0	99.440002
;
param:	v:=
1	13	1	70
1	13	2	54
1	13	3	22
1	13	4	43
1	13	5	89
1	7	1	84
1	7	2	37
1	7	3	23
1	7	4	42
1	7	5	98
1	5	1	87
1	5	2	41
1	5	3	27
1	5	4	55
1	5	5	100
1	6	1	89
1	6	2	41
1	6	3	28
1	6	4	44
1	6	5	91
1	12	1	100
1	12	2	46
1	12	3	30
1	12	4	44
1	12	5	84
1	10	1	85
1	10	2	41
1	10	3	28
1	10	4	52
1	10	5	91
1	2	1	88
1	2	2	35
1	2	3	14
1	2	4	34
1	2	5	71
1	11	1	81
1	11	2	49
1	11	3	26
1	11	4	35
1	11	5	98
1	14	1	85
1	14	2	31
1	14	3	15
1	14	4	43
1	14	5	89
1	9	1	77
1	9	2	57
1	9	3	20
1	9	4	37
1	9	5	95
1	15	1	76
1	15	2	59
1	15	3	24
1	15	4	54
1	15	5	78
1	4	1	96
1	4	2	30
1	4	3	16
1	4	4	37
1	4	5	89
1	8	1	74
1	8	2	58
1	8	3	18
1	8	4	33
1	8	5	76
1	3	1	73
1	3	2	55
1	3	3	12
1	3	4	32
1	3	5	97
2	7	1	89
2	7	2	34
2	7	3	24
2	7	4	32
2	7	5	95
2	10	1	97
2	10	2	45
2	10	3	23
2	10	4	48
2	10	5	78
2	6	1	98
2	6	2	41
2	6	3	15
2	6	4	31
2	6	5	99
2	5	1	98
2	5	2	31
2	5	3	18
2	5	4	47
2	5	5	99
2	1	1	84
2	1	2	44
2	1	3	26
2	1	4	55
2	1	5	73
2	12	1	71
2	12	2	51
2	12	3	16
2	12	4	33
2	12	5	71
2	11	1	75
2	11	2	58
2	11	3	18
2	11	4	30
2	11	5	100
2	13	1	92
2	13	2	47
2	13	3	11
2	13	4	35
2	13	5	95
2	15	1	70
2	15	2	51
2	15	3	18
2	15	4	36
2	15	5	84
2	14	1	97
2	14	2	40
2	14	3	13
2	14	4	43
2	14	5	81
2	8	1	74
2	8	2	43
2	8	3	16
2	8	4	49
2	8	5	100
2	9	1	72
2	9	2	36
2	9	3	24
2	9	4	59
2	9	5	83
2	3	1	85
2	3	2	56
2	3	3	18
2	3	4	35
2	3	5	96
2	4	1	93
2	4	2	41
2	4	3	28
2	4	4	30
2	4	5	94
3	8	1	94
3	8	2	38
3	8	3	10
3	8	4	53
3	8	5	85
3	14	1	82
3	14	2	57
3	14	3	21
3	14	4	37
3	14	5	70
3	15	1	96
3	15	2	39
3	15	3	12
3	15	4	54
3	15	5	98
3	11	1	99
3	11	2	41
3	11	3	16
3	11	4	35
3	11	5	75
3	4	1	96
3	4	2	58
3	4	3	29
3	4	4	31
3	4	5	94
3	9	1	78
3	9	2	44
3	9	3	15
3	9	4	37
3	9	5	92
3	12	1	89
3	12	2	60
3	12	3	15
3	12	4	30
3	12	5	78
3	5	1	91
3	5	2	45
3	5	3	29
3	5	4	45
3	5	5	80
3	6	1	88
3	6	2	57
3	6	3	17
3	6	4	57
3	6	5	71
3	10	1	100
3	10	2	33
3	10	3	29
3	10	4	35
3	10	5	75
3	1	1	81
3	1	2	55
3	1	3	19
3	1	4	49
3	1	5	77
3	2	1	91
3	2	2	31
3	2	3	18
3	2	4	33
3	2	5	72
3	13	1	98
3	13	2	39
3	13	3	17
3	13	4	51
3	13	5	81
3	7	1	96
3	7	2	59
3	7	3	19
3	7	4	41
3	7	5	91
4	9	1	90
4	9	2	51
4	9	3	29
4	9	4	54
4	9	5	70
4	14	1	92
4	14	2	31
4	14	3	26
4	14	4	42
4	14	5	71
4	3	1	99
4	3	2	41
4	3	3	17
4	3	4	50
4	3	5	86
4	12	1	85
4	12	2	52
4	12	3	11
4	12	4	30
4	12	5	71
4	5	1	89
4	5	2	39
4	5	3	16
4	5	4	43
4	5	5	77
4	8	1	90
4	8	2	40
4	8	3	21
4	8	4	41
4	8	5	86
4	11	1	93
4	11	2	48
4	11	3	12
4	11	4	45
4	11	5	95
4	15	1	92
4	15	2	44
4	15	3	10
4	15	4	32
4	15	5	90
4	6	1	77
4	6	2	32
4	6	3	17
4	6	4	39
4	6	5	73
4	10	1	95
4	10	2	57
4	10	3	10
4	10	4	32
4	10	5	73
4	1	1	94
4	1	2	51
4	1	3	29
4	1	4	35
4	1	5	98
4	13	1	80
4	13	2	60
4	13	3	22
4	13	4	48
4	13	5	83
4	7	1	85
4	7	2	59
4	7	3	20
4	7	4	46
4	7	5	94
4	2	1	82
4	2	2	33
4	2	3	18
4	2	4	36
4	2	5	84
5	6	1	77
5	6	2	50
5	6	3	29
5	6	4	44
5	6	5	84
5	12	1	75
5	12	2	33
5	12	3	13
5	12	4	44
5	12	5	96
5	10	1	95
5	10	2	60
5	10	3	19
5	10	4	60
5	10	5	97
5	11	1	79
5	11	2	37
5	11	3	10
5	11	4	48
5	11	5	73
5	14	1	73
5	14	2	46
5	14	3	24
5	14	4	31
5	14	5	74
5	15	1	96
5	15	2	46
5	15	3	17
5	15	4	52
5	15	5	97
5	8	1	75
5	8	2	53
5	8	3	25
5	8	4	38
5	8	5	90
5	9	1	82
5	9	2	39
5	9	3	12
5	9	4	50
5	9	5	94
5	1	1	94
5	1	2	38
5	1	3	19
5	1	4	43
5	1	5	100
5	4	1	75
5	4	2	42
5	4	3	18
5	4	4	40
5	4	5	81
5	3	1	93
5	3	2	39
5	3	3	23
5	3	4	38
5	3	5	93
5	13	1	75
5	13	2	32
5	13	3	28
5	13	4	31
5	13	5	91
5	7	1	95
5	7	2	49
5	7	3	14
5	7	4	37
5	7	5	90
5	2	1	96
5	2	2	38
5	2	3	14
5	2	4	51
5	2	5	97
6	10	1	73
6	10	2	56
6	10	3	14
6	10	4	45
6	10	5	98
6	5	1	95
6	5	2	31
6	5	3	30
6	5	4	39
6	5	5	94
6	12	1	71
6	12	2	55
6	12	3	20
6	12	4	45
6	12	5	99
6	11	1	88
6	11	2	49
6	11	3	27
6	11	4	60
6	11	5	77
6	15	1	86
6	15	2	52
6	15	3	22
6	15	4	36
6	15	5	83
6	14	1	83
6	14	2	53
6	14	3	14
6	14	4	55
6	14	5	76
6	8	1	72
6	8	2	59
6	8	3	25
6	8	4	50
6	8	5	93
6	9	1	92
6	9	2	34
6	9	3	12
6	9	4	42
6	9	5	87
6	1	1	85
6	1	2	31
6	1	3	13
6	1	4	30
6	1	5	87
6	3	1	82
6	3	2	60
6	3	3	18
6	3	4	55
6	3	5	90
6	2	1	74
6	2	2	52
6	2	3	16
6	2	4	33
6	2	5	100
6	4	1	78
6	4	2	41
6	4	3	18
6	4	4	32
6	4	5	88
6	7	1	75
6	7	2	42
6	7	3	23
6	7	4	49
6	7	5	84
6	13	1	84
6	13	2	48
6	13	3	11
6	13	4	53
6	13	5	86
7	13	1	79
7	13	2	39
7	13	3	25
7	13	4	44
7	13	5	72
7	1	1	74
7	1	2	46
7	1	3	13
7	1	4	52
7	1	5	82
7	2	1	93
7	2	2	35
7	2	3	10
7	2	4	30
7	2	5	86
7	10	1	83
7	10	2	41
7	10	3	19
7	10	4	56
7	10	5	80
7	6	1	77
7	6	2	60
7	6	3	25
7	6	4	48
7	6	5	82
7	5	1	92
7	5	2	57
7	5	3	30
7	5	4	45
7	5	5	88
7	12	1	88
7	12	2	33
7	12	3	21
7	12	4	38
7	12	5	90
7	11	1	96
7	11	2	52
7	11	3	17
7	11	4	41
7	11	5	85
7	14	1	98
7	14	2	53
7	14	3	27
7	14	4	39
7	14	5	85
7	15	1	85
7	15	2	47
7	15	3	30
7	15	4	30
7	15	5	77
7	8	1	88
7	8	2	60
7	8	3	19
7	8	4	33
7	8	5	79
7	9	1	70
7	9	2	54
7	9	3	18
7	9	4	36
7	9	5	81
7	4	1	96
7	4	2	30
7	4	3	15
7	4	4	53
7	4	5	99
7	3	1	81
7	3	2	39
7	3	3	21
7	3	4	38
7	3	5	75
8	15	1	88
8	15	2	32
8	15	3	10
8	15	4	38
8	15	5	82
8	11	1	83
8	11	2	36
8	11	3	29
8	11	4	44
8	11	5	83
8	14	1	79
8	14	2	37
8	14	3	13
8	14	4	50
8	14	5	83
8	3	1	84
8	3	2	49
8	3	3	13
8	3	4	59
8	3	5	76
8	12	1	98
8	12	2	34
8	12	3	28
8	12	4	51
8	12	5	85
8	6	1	75
8	6	2	33
8	6	3	20
8	6	4	36
8	6	5	74
8	5	1	71
8	5	2	33
8	5	3	23
8	5	4	45
8	5	5	79
8	10	1	76
8	10	2	43
8	10	3	10
8	10	4	42
8	10	5	96
8	4	1	88
8	4	2	55
8	4	3	16
8	4	4	34
8	4	5	99
8	9	1	99
8	9	2	59
8	9	3	12
8	9	4	52
8	9	5	100
8	1	1	93
8	1	2	51
8	1	3	28
8	1	4	39
8	1	5	89
8	2	1	86
8	2	2	45
8	2	3	17
8	2	4	53
8	2	5	81
8	7	1	90
8	7	2	30
8	7	3	18
8	7	4	51
8	7	5	82
8	13	1	85
8	13	2	60
8	13	3	23
8	13	4	40
8	13	5	91
9	4	1	95
9	4	2	59
9	4	3	28
9	4	4	33
9	4	5	94
9	14	1	83
9	14	2	32
9	14	3	18
9	14	4	54
9	14	5	87
9	12	1	80
9	12	2	33
9	12	3	26
9	12	4	57
9	12	5	87
9	5	1	94
9	5	2	56
9	5	3	24
9	5	4	31
9	5	5	83
9	3	1	80
9	3	2	30
9	3	3	28
9	3	4	37
9	3	5	94
9	11	1	91
9	11	2	37
9	11	3	30
9	11	4	38
9	11	5	75
9	6	1	82
9	6	2	39
9	6	3	23
9	6	4	38
9	6	5	79
9	8	1	78
9	8	2	60
9	8	3	10
9	8	4	36
9	8	5	91
9	15	1	83
9	15	2	52
9	15	3	22
9	15	4	41
9	15	5	84
9	10	1	90
9	10	2	59
9	10	3	27
9	10	4	35
9	10	5	98
9	1	1	97
9	1	2	59
9	1	3	16
9	1	4	41
9	1	5	98
9	13	1	98
9	13	2	40
9	13	3	28
9	13	4	41
9	13	5	82
9	7	1	95
9	7	2	38
9	7	3	17
9	7	4	53
9	7	5	94
9	2	1	95
9	2	2	32
9	2	3	30
9	2	4	30
9	2	5	73
10	6	1	80
10	6	2	53
10	6	3	19
10	6	4	42
10	6	5	76
10	5	1	81
10	5	2	47
10	5	3	28
10	5	4	50
10	5	5	70
10	12	1	80
10	12	2	46
10	12	3	14
10	12	4	57
10	12	5	95
10	11	1	90
10	11	2	32
10	11	3	24
10	11	4	34
10	11	5	90
10	15	1	96
10	15	2	46
10	15	3	12
10	15	4	46
10	15	5	89
10	14	1	96
10	14	2	38
10	14	3	20
10	14	4	43
10	14	5	76
10	8	1	83
10	8	2	48
10	8	3	11
10	8	4	51
10	8	5	75
10	2	1	71
10	2	2	35
10	2	3	11
10	2	4	54
10	2	5	96
10	1	1	71
10	1	2	53
10	1	3	11
10	1	4	55
10	1	5	92
10	7	1	70
10	7	2	44
10	7	3	24
10	7	4	42
10	7	5	87
10	9	1	86
10	9	2	34
10	9	3	13
10	9	4	43
10	9	5	97
10	3	1	71
10	3	2	56
10	3	3	30
10	3	4	42
10	3	5	72
10	4	1	97
10	4	2	41
10	4	3	18
10	4	4	55
10	4	5	89
10	13	1	93
10	13	2	36
10	13	3	29
10	13	4	57
10	13	5	77
11	15	1	80
11	15	2	35
11	15	3	27
11	15	4	51
11	15	5	91
11	12	1	73
11	12	2	53
11	12	3	21
11	12	4	42
11	12	5	82
11	14	1	71
11	14	2	52
11	14	3	20
11	14	4	41
11	14	5	86
11	8	1	97
11	8	2	32
11	8	3	23
11	8	4	51
11	8	5	100
11	6	1	73
11	6	2	39
11	6	3	18
11	6	4	35
11	6	5	77
11	5	1	94
11	5	2	52
11	5	3	29
11	5	4	50
11	5	5	74
11	10	1	73
11	10	2	60
11	10	3	26
11	10	4	31
11	10	5	91
11	3	1	84
11	3	2	50
11	3	3	27
11	3	4	30
11	3	5	75
11	9	1	74
11	9	2	40
11	9	3	24
11	9	4	52
11	9	5	83
11	4	1	71
11	4	2	56
11	4	3	29
11	4	4	36
11	4	5	71
11	1	1	78
11	1	2	60
11	1	3	21
11	1	4	54
11	1	5	80
11	2	1	81
11	2	2	50
11	2	3	22
11	2	4	38
11	2	5	72
11	7	1	87
11	7	2	54
11	7	3	21
11	7	4	30
11	7	5	100
11	13	1	96
11	13	2	58
11	13	3	19
11	13	4	34
11	13	5	73
12	5	1	97
12	5	2	51
12	5	3	26
12	5	4	54
12	5	5	98
12	11	1	74
12	11	2	53
12	11	3	22
12	11	4	51
12	11	5	94
12	6	1	93
12	6	2	36
12	6	3	23
12	6	4	50
12	6	5	80
12	14	1	100
12	14	2	32
12	14	3	15
12	14	4	37
12	14	5	78
12	15	1	96
12	15	2	53
12	15	3	22
12	15	4	47
12	15	5	85
12	10	1	100
12	10	2	33
12	10	3	19
12	10	4	56
12	10	5	98
12	8	1	86
12	8	2	39
12	8	3	25
12	8	4	34
12	8	5	71
12	9	1	97
12	9	2	49
12	9	3	10
12	9	4	35
12	9	5	95
12	3	1	83
12	3	2	59
12	3	3	18
12	3	4	59
12	3	5	71
12	4	1	87
12	4	2	41
12	4	3	15
12	4	4	42
12	4	5	80
12	1	1	70
12	1	2	50
12	1	3	18
12	1	4	36
12	1	5	96
12	2	1	90
12	2	2	52
12	2	3	19
12	2	4	45
12	2	5	81
12	7	1	94
12	7	2	36
12	7	3	16
12	7	4	39
12	7	5	89
12	13	1	98
12	13	2	34
12	13	3	18
12	13	4	58
12	13	5	92
13	1	1	86
13	1	2	56
13	1	3	28
13	1	4	39
13	1	5	72
13	7	1	73
13	7	2	31
13	7	3	18
13	7	4	49
13	7	5	88
13	5	1	78
13	5	2	37
13	5	3	19
13	5	4	49
13	5	5	99
13	6	1	76
13	6	2	39
13	6	3	17
13	6	4	52
13	6	5	70
13	2	1	71
13	2	2	55
13	2	3	26
13	2	4	39
13	2	5	100
13	10	1	100
13	10	2	45
13	10	3	11
13	10	4	53
13	10	5	94
13	12	1	76
13	12	2	31
13	12	3	13
13	12	4	50
13	12	5	71
13	11	1	86
13	11	2	56
13	11	3	23
13	11	4	42
13	11	5	94
13	9	1	86
13	9	2	55
13	9	3	17
13	9	4	48
13	9	5	71
13	14	1	86
13	14	2	60
13	14	3	15
13	14	4	31
13	14	5	74
13	15	1	85
13	15	2	41
13	15	3	16
13	15	4	44
13	15	5	86
13	4	1	89
13	4	2	34
13	4	3	19
13	4	4	53
13	4	5	89
13	8	1	94
13	8	2	31
13	8	3	15
13	8	4	43
13	8	5	79
13	3	1	78
13	3	2	37
13	3	3	11
13	3	4	39
13	3	5	85
14	11	1	83
14	11	2	39
14	11	3	26
14	11	4	54
14	11	5	78
14	12	1	85
14	12	2	31
14	12	3	28
14	12	4	39
14	12	5	91
14	15	1	79
14	15	2	56
14	15	3	21
14	15	4	48
14	15	5	95
14	8	1	82
14	8	2	51
14	8	3	20
14	8	4	41
14	8	5	81
14	3	1	90
14	3	2	41
14	3	3	19
14	3	4	37
14	3	5	89
14	5	1	96
14	5	2	58
14	5	3	11
14	5	4	45
14	5	5	74
14	6	1	93
14	6	2	50
14	6	3	26
14	6	4	52
14	6	5	81
14	10	1	93
14	10	2	31
14	10	3	26
14	10	4	55
14	10	5	87
14	9	1	82
14	9	2	59
14	9	3	26
14	9	4	37
14	9	5	81
14	4	1	76
14	4	2	59
14	4	3	13
14	4	4	58
14	4	5	95
14	1	1	96
14	1	2	37
14	1	3	22
14	1	4	46
14	1	5	74
14	2	1	80
14	2	2	30
14	2	3	22
14	2	4	43
14	2	5	74
14	13	1	89
14	13	2	46
14	13	3	28
14	13	4	42
14	13	5	90
14	7	1	78
14	7	2	49
14	7	3	21
14	7	4	38
14	7	5	76
15	11	1	99
15	11	2	39
15	11	3	13
15	11	4	35
15	11	5	92
15	8	1	75
15	8	2	34
15	8	3	18
15	8	4	38
15	8	5	74
15	12	1	92
15	12	2	56
15	12	3	15
15	12	4	52
15	12	5	80
15	14	1	85
15	14	2	46
15	14	3	14
15	14	4	39
15	14	5	78
15	6	1	94
15	6	2	53
15	6	3	11
15	6	4	44
15	6	5	75
15	10	1	99
15	10	2	60
15	10	3	18
15	10	4	40
15	10	5	71
15	5	1	70
15	5	2	56
15	5	3	26
15	5	4	35
15	5	5	73
15	3	1	96
15	3	2	40
15	3	3	30
15	3	4	41
15	3	5	71
15	9	1	72
15	9	2	57
15	9	3	10
15	9	4	52
15	9	5	94
15	4	1	95
15	4	2	49
15	4	3	18
15	4	4	42
15	4	5	95
15	1	1	74
15	1	2	59
15	1	3	26
15	1	4	37
15	1	5	82
15	2	1	71
15	2	2	30
15	2	3	26
15	2	4	33
15	2	5	80
15	7	1	74
15	7	2	39
15	7	3	20
15	7	4	39
15	7	5	81
15	13	1	83
15	13	2	52
15	13	3	29
15	13	4	32
15	13	5	79
0	11	1	71
0	11	2	60
0	11	3	17
0	11	4	48
0	11	5	95
0	10	1	92
0	10	2	55
0	10	3	28
0	10	4	43
0	10	5	77
0	15	1	93
0	15	2	50
0	15	3	17
0	15	4	42
0	15	5	78
0	6	1	97
0	6	2	53
0	6	3	16
0	6	4	54
0	6	5	83
0	12	1	70
0	12	2	33
0	12	3	13
0	12	4	35
0	12	5	77
0	5	1	94
0	5	2	52
0	5	3	22
0	5	4	36
0	5	5	78
0	8	1	81
0	8	2	55
0	8	3	22
0	8	4	39
0	8	5	85
0	14	1	71
0	14	2	32
0	14	3	22
0	14	4	42
0	14	5	81
0	2	1	84
0	2	2	30
0	2	3	18
0	2	4	39
0	2	5	99
0	3	1	75
0	3	2	44
0	3	3	23
0	3	4	57
0	3	5	84
0	9	1	92
0	9	2	31
0	9	3	13
0	9	4	48
0	9	5	88
0	7	1	87
0	7	2	47
0	7	3	10
0	7	4	58
0	7	5	91
0	1	1	98
0	1	2	45
0	1	3	14
0	1	4	44
0	1	5	79
0	4	1	77
0	4	2	49
0	4	3	10
0	4	4	42
0	4	5	79
0	13	1	82
0	13	2	37
0	13	3	12
0	13	4	41
0	13	5	74
11	0	1	79
11	0	2	34
11	0	3	12
11	0	4	52
11	0	5	78
10	0	1	98
10	0	2	60
10	0	3	19
10	0	4	40
10	0	5	85
6	0	1	90
6	0	2	46
6	0	3	22
6	0	4	32
6	0	5	81
15	0	1	83
15	0	2	43
15	0	3	15
15	0	4	48
15	0	5	77
12	0	1	100
12	0	2	31
12	0	3	23
12	0	4	54
12	0	5	76
5	0	1	94
5	0	2	60
5	0	3	20
5	0	4	54
5	0	5	86
8	0	1	92
8	0	2	33
8	0	3	29
8	0	4	47
8	0	5	84
14	0	1	95
14	0	2	49
14	0	3	26
14	0	4	33
14	0	5	72
2	0	1	97
2	0	2	30
2	0	3	11
2	0	4	54
2	0	5	98
3	0	1	75
3	0	2	35
3	0	3	25
3	0	4	33
3	0	5	95
9	0	1	88
9	0	2	41
9	0	3	11
9	0	4	31
9	0	5	72
7	0	1	85
7	0	2	58
7	0	3	16
7	0	4	42
7	0	5	79
1	0	1	100
1	0	2	33
1	0	3	26
1	0	4	42
1	0	5	70
4	0	1	77
4	0	2	47
4	0	3	13
4	0	4	59
4	0	5	70
13	0	1	89
13	0	2	37
13	0	3	16
13	0	4	40
13	0	5	85
;
param:	g:=
1	13	1	1	0.360770
1	13	1	2	0.587924
1	13	2	1	0.286163
1	13	2	2	0.374817
1	13	3	1	0.274382
1	13	3	2	0.338023
1	13	4	1	0.255055
1	13	4	2	0.302151
1	13	5	1	0.486811
1	13	5	2	1.005161
1	7	1	1	0.449973
1	7	1	2	0.878115
1	7	2	1	0.247069
1	7	2	2	0.288257
1	7	3	1	0.269185
1	7	3	2	0.330552
1	7	4	1	0.253223
1	7	4	2	0.298561
1	7	5	1	0.559473
1	7	5	2	1.264864
1	5	1	1	0.471770
1	5	1	2	0.952865
1	5	2	1	0.251580
1	5	2	2	0.295478
1	5	3	1	0.254672
1	5	3	2	0.307099
1	5	4	1	0.289880
1	5	4	2	0.384419
1	5	5	1	0.576712
1	5	5	2	1.327989
1	6	1	1	0.486811
1	6	1	2	1.005161
1	6	2	1	0.251580
1	6	2	2	0.295478
1	6	3	1	0.252324
1	6	3	2	0.302739
1	6	4	1	0.257070
1	6	4	2	0.306247
1	6	5	1	0.502258
1	6	5	2	1.059427
1	12	1	1	0.576712
1	12	1	2	1.327989
1	12	2	1	0.261626
1	12	2	2	0.315953
1	12	3	1	0.248870
1	12	3	2	0.295725
1	12	4	1	0.257070
1	12	4	2	0.306247
1	12	5	1	0.449973
1	12	5	2	0.878115
1	10	1	1	0.457136
1	10	1	2	0.902539
1	10	2	1	0.251580
1	10	2	2	0.295478
1	10	3	1	0.252324
1	10	3	2	0.302739
1	10	4	1	0.279143
1	10	4	2	0.357106
1	10	5	1	0.502258
1	10	5	2	1.059427
1	2	1	1	0.479240
1	2	1	2	0.978767
1	2	2	1	0.246187
1	2	2	2	0.287745
1	2	3	1	0.356456
1	2	3	2	0.428864
1	2	4	1	0.246131
1	2	4	2	0.288274
1	2	5	1	0.366437
1	2	5	2	0.605446
1	11	1	1	0.429105
1	11	1	2	0.807797
1	11	2	1	0.269695
1	11	2	2	0.334278
1	11	3	1	0.257483
1	11	3	2	0.312044
1	11	4	1	0.246187
1	11	4	2	0.287745
1	11	5	1	0.559473
1	11	5	2	1.264864
1	14	1	1	0.457136
1	14	1	2	0.902539
1	14	2	1	0.247702
1	14	2	2	0.293050
1	14	3	1	0.340328
1	14	3	2	0.413505
1	14	4	1	0.255055
1	14	4	2	0.302151
1	14	5	1	0.486811
1	14	5	2	1.005161
1	9	1	1	0.402749
1	9	1	2	0.720940
1	9	2	1	0.297717
1	9	2	2	0.405114
1	9	3	1	0.287219
1	9	3	2	0.355115
1	9	4	1	0.247069
1	9	4	2	0.288257
1	9	5	1	0.534355
1	9	5	2	1.173866
1	15	1	1	0.396426
1	15	1	2	0.700458
1	15	2	1	0.306076
1	15	2	2	0.427793
1	15	3	1	0.264683
1	15	3	2	0.323750
1	15	4	1	0.286163
1	15	4	2	0.374817
1	15	5	1	0.409180
1	15	5	2	0.741915
1	4	1	1	0.542629
1	4	1	2	1.203706
1	4	2	1	0.248870
1	4	2	2	0.295725
1	4	3	1	0.326472
1	4	3	2	0.399619
1	4	4	1	0.247069
1	4	4	2	0.288257
1	4	5	1	0.486811
1	4	5	2	1.005161
1	8	1	1	0.384103
1	8	1	2	0.660973
1	8	2	1	0.301833
1	8	2	2	0.416205
1	8	3	1	0.304119
1	8	3	2	0.375426
1	8	4	1	0.246353
1	8	4	2	0.289331
1	8	5	1	0.396426
1	8	5	2	0.700458
1	3	1	1	0.378104
1	3	1	2	0.641971
1	3	2	1	0.289880
1	3	2	2	0.384419
1	3	3	1	0.397708
1	3	3	2	0.465383
1	3	4	1	0.246870
1	3	4	2	0.290921
1	3	5	1	0.551002
1	3	5	2	1.234039
2	7	1	1	0.486811
2	7	1	2	1.005161
2	7	2	1	0.246131
2	7	2	2	0.288274
2	7	3	1	0.264683
2	7	3	2	0.323750
2	7	4	1	0.246870
2	7	4	2	0.290921
2	7	5	1	0.534355
2	7	5	2	1.173866
2	10	1	1	0.551002
2	10	1	2	1.234039
2	10	2	1	0.259262
2	10	2	2	0.310848
2	10	3	1	0.269185
2	10	3	2	0.330552
2	10	4	1	0.266846
2	10	4	2	0.327669
2	10	5	1	0.409180
2	10	5	2	0.741915
2	6	1	1	0.559473
2	6	1	2	1.264864
2	6	2	1	0.251580
2	6	2	2	0.295478
2	6	3	1	0.340328
2	6	3	2	0.413505
2	6	4	1	0.247702
2	6	4	2	0.293050
2	6	5	1	0.568043
2	6	5	2	1.296180
2	5	1	1	0.559473
2	5	1	2	1.264864
2	5	2	1	0.247702
2	5	2	2	0.293050
2	5	3	1	0.304119
2	5	3	2	0.375426
2	5	4	1	0.264155
2	5	4	2	0.321560
2	5	5	1	0.568043
2	5	5	2	1.296180
2	1	1	1	0.449973
2	1	1	2	0.878115
2	1	2	1	0.257070
2	1	2	2	0.306247
2	1	3	1	0.257483
2	1	3	2	0.312044
2	1	4	1	0.289880
2	1	4	2	0.384419
2	1	5	1	0.378104
2	1	5	2	0.641971
2	12	1	1	0.366437
2	12	1	2	0.605446
2	12	2	1	0.275847
2	12	2	2	0.348998
2	12	3	1	0.326472
2	12	3	2	0.399619
2	12	4	1	0.246353
2	12	4	2	0.289331
2	12	5	1	0.366437
2	12	5	2	0.605446
2	11	1	1	0.390210
2	11	1	2	0.680469
2	11	2	1	0.301833
2	11	2	2	0.416205
2	11	3	1	0.304119
2	11	3	2	0.375426
2	11	4	1	0.248870
2	11	4	2	0.295725
2	11	5	1	0.576712
2	11	5	2	1.327989
2	13	1	1	0.510132
2	13	1	2	1.087298
2	13	2	1	0.264155
2	13	2	2	0.321560
2	13	3	1	0.424417
2	13	3	2	0.487653
2	13	4	1	0.246187
2	13	4	2	0.287745
2	13	5	1	0.534355
2	13	5	2	1.173866
2	15	1	1	0.360770
2	15	1	2	0.587924
2	15	2	1	0.275847
2	15	2	2	0.348998
2	15	3	1	0.304119
2	15	3	2	0.375426
2	15	4	1	0.246504
2	15	4	2	0.287741
2	15	5	1	0.449973
2	15	5	2	0.878115
2	14	1	1	0.551002
2	14	1	2	1.234039
2	14	2	1	0.250135
2	14	2	2	0.292905
2	14	3	1	0.375359
2	14	3	2	0.446007
2	14	4	1	0.255055
2	14	4	2	0.302151
2	14	5	1	0.429105
2	14	5	2	0.807797
2	8	1	1	0.384103
2	8	1	2	0.660973
2	8	2	1	0.255055
2	8	2	2	0.302151
2	8	3	1	0.326472
2	8	3	2	0.399619
2	8	4	1	0.269695
2	8	4	2	0.334278
2	8	5	1	0.576712
2	8	5	2	1.327989
2	9	1	1	0.372215
2	9	1	2	0.623462
2	9	2	1	0.246504
2	9	2	2	0.287741
2	9	3	1	0.264683
2	9	3	2	0.323750
2	9	4	1	0.306076
2	9	4	2	0.427793
2	9	5	1	0.442913
2	9	5	2	0.854183
2	3	1	1	0.457136
2	3	1	2	0.902539
2	3	2	1	0.293733
2	3	2	2	0.394518
2	3	3	1	0.304119
2	3	3	2	0.375426
2	3	4	1	0.246187
2	3	4	2	0.287745
2	3	5	1	0.542629
2	3	5	2	1.203706
2	4	1	1	0.518107
2	4	1	2	1.115662
2	4	2	1	0.251580
2	4	2	2	0.295478
2	4	3	1	0.252324
2	4	3	2	0.302739
2	4	4	1	0.248870
2	4	4	2	0.295725
2	4	5	1	0.526181
2	4	5	2	1.144518
3	8	1	1	0.526181
3	8	1	2	1.144518
3	8	2	1	0.247870
3	8	2	2	0.289292
3	8	3	1	0.456768
3	8	3	2	0.513825
3	8	4	1	0.282583
3	8	4	2	0.365713
3	8	5	1	0.457136
3	8	5	2	0.902539
3	14	1	1	0.435957
3	14	1	2	0.830744
3	14	2	1	0.297717
3	14	2	2	0.405114
3	14	3	1	0.280358
3	14	3	2	0.346196
3	14	4	1	0.247069
3	14	4	2	0.288257
3	14	5	1	0.360770
3	14	5	2	0.587924
3	15	1	1	0.542629
3	15	1	2	1.203706
3	15	2	1	0.248895
3	15	2	2	0.290842
3	15	3	1	0.397708
3	15	3	2	0.465383
3	15	4	1	0.286163
3	15	4	2	0.374817
3	15	5	1	0.559473
3	15	5	2	1.264864
3	11	1	1	0.568043
3	11	1	2	1.296180
3	11	2	1	0.251580
3	11	2	2	0.295478
3	11	3	1	0.326472
3	11	3	2	0.399619
3	11	4	1	0.246187
3	11	4	2	0.287745
3	11	5	1	0.390210
3	11	5	2	0.680469
3	4	1	1	0.542629
3	4	1	2	1.203706
3	4	2	1	0.301833
3	4	2	2	0.416205
3	4	3	1	0.250401
3	4	3	2	0.298951
3	4	4	1	0.247702
3	4	4	2	0.293050
3	4	5	1	0.526181
3	4	5	2	1.144518
3	9	1	1	0.409180
3	9	1	2	0.741915
3	9	2	1	0.257070
3	9	2	2	0.306247
3	9	3	1	0.340328
3	9	3	2	0.413505
3	9	4	1	0.247069
3	9	4	2	0.288257
3	9	5	1	0.510132
3	9	5	2	1.087298
3	12	1	1	0.486811
3	12	1	2	1.005161
3	12	2	1	0.310446
3	12	2	2	0.439877
3	12	3	1	0.340328
3	12	3	2	0.413505
3	12	4	1	0.248870
3	12	4	2	0.295725
3	12	5	1	0.409180
3	12	5	2	0.741915
3	5	1	1	0.502258
3	5	1	2	1.059427
3	5	2	1	0.259262
3	5	2	2	0.310848
3	5	3	1	0.250401
3	5	3	2	0.298951
3	5	4	1	0.259262
3	5	4	2	0.310848
3	5	5	1	0.422358
3	5	5	2	0.785344
3	6	1	1	0.479240
3	6	1	2	0.978767
3	6	2	1	0.297717
3	6	2	2	0.405114
3	6	3	1	0.314502
3	6	3	2	0.386980
3	6	4	1	0.297717
3	6	4	2	0.405114
3	6	5	1	0.366437
3	6	5	2	0.605446
3	10	1	1	0.576712
3	10	1	2	1.327989
3	10	2	1	0.246353
3	10	2	2	0.289331
3	10	3	1	0.250401
3	10	3	2	0.298951
3	10	4	1	0.246187
3	10	4	2	0.287745
3	10	5	1	0.390210
3	10	5	2	0.680469
3	1	1	1	0.429105
3	1	1	2	0.807797
3	1	2	1	0.289880
3	1	2	2	0.384419
3	1	3	1	0.295088
3	1	3	2	0.364835
3	1	4	1	0.269695
3	1	4	2	0.334278
3	1	5	1	0.402749
3	1	5	2	0.720940
3	2	1	1	0.502258
3	2	1	2	1.059427
3	2	2	1	0.247702
3	2	2	2	0.293050
3	2	3	1	0.304119
3	2	3	2	0.375426
3	2	4	1	0.246353
3	2	4	2	0.289331
3	2	5	1	0.372215
3	2	5	2	0.623462
3	13	1	1	0.559473
3	13	1	2	1.264864
3	13	2	1	0.248895
3	13	2	2	0.290842
3	13	3	1	0.314502
3	13	3	2	0.386980
3	13	4	1	0.275847
3	13	4	2	0.348998
3	13	5	1	0.429105
3	13	5	2	0.807797
3	7	1	1	0.542629
3	7	1	2	1.203706
3	7	2	1	0.306076
3	7	2	2	0.427793
3	7	3	1	0.295088
3	7	3	2	0.364835
3	7	4	1	0.251580
3	7	4	2	0.295478
3	7	5	1	0.502258
3	7	5	2	1.059427
4	9	1	1	0.494484
4	9	1	2	1.032048
4	9	2	1	0.275847
4	9	2	2	0.348998
4	9	3	1	0.250401
4	9	3	2	0.298951
4	9	4	1	0.286163
4	9	4	2	0.374817
4	9	5	1	0.360770
4	9	5	2	0.587924
4	14	1	1	0.510132
4	14	1	2	1.087298
4	14	2	1	0.247702
4	14	2	2	0.293050
4	14	3	1	0.257483
4	14	3	2	0.312044
4	14	4	1	0.253223
4	14	4	2	0.298561
4	14	5	1	0.366437
4	14	5	2	0.605446
4	3	1	1	0.568043
4	3	1	2	1.296180
4	3	2	1	0.251580
4	3	2	2	0.295478
4	3	3	1	0.314502
4	3	3	2	0.386980
4	3	4	1	0.272696
4	3	4	2	0.341388
4	3	5	1	0.464402
4	3	5	2	0.927456
4	12	1	1	0.457136
4	12	1	2	0.902539
4	12	2	1	0.279143
4	12	2	2	0.357106
4	12	3	1	0.424417
4	12	3	2	0.487653
4	12	4	1	0.248870
4	12	4	2	0.295725
4	12	5	1	0.366437
4	12	5	2	0.605446
4	5	1	1	0.486811
4	5	1	2	1.005161
4	5	2	1	0.248895
4	5	2	2	0.290842
4	5	3	1	0.326472
4	5	3	2	0.399619
4	5	4	1	0.255055
4	5	4	2	0.302151
4	5	5	1	0.402749
4	5	5	2	0.720940
4	8	1	1	0.494484
4	8	1	2	1.032048
4	8	2	1	0.250135
4	8	2	2	0.292905
4	8	3	1	0.280358
4	8	3	2	0.346196
4	8	4	1	0.251580
4	8	4	2	0.295478
4	8	5	1	0.464402
4	8	5	2	0.927456
4	11	1	1	0.518107
4	11	1	2	1.115662
4	11	2	1	0.266846
4	11	2	2	0.327669
4	11	3	1	0.397708
4	11	3	2	0.465383
4	11	4	1	0.259262
4	11	4	2	0.310848
4	11	5	1	0.534355
4	11	5	2	1.173866
4	15	1	1	0.510132
4	15	1	2	1.087298
4	15	2	1	0.257070
4	15	2	2	0.306247
4	15	3	1	0.456768
4	15	3	2	0.513825
4	15	4	1	0.246870
4	15	4	2	0.290921
4	15	5	1	0.494484
4	15	5	2	1.032048
4	6	1	1	0.402749
4	6	1	2	0.720940
4	6	2	1	0.246870
4	6	2	2	0.290921
4	6	3	1	0.314502
4	6	3	2	0.386980
4	6	4	1	0.248895
4	6	4	2	0.290842
4	6	5	1	0.378104
4	6	5	2	0.641971
4	10	1	1	0.534355
4	10	1	2	1.173866
4	10	2	1	0.297717
4	10	2	2	0.405114
4	10	3	1	0.456768
4	10	3	2	0.513825
4	10	4	1	0.246870
4	10	4	2	0.290921
4	10	5	1	0.378104
4	10	5	2	0.641971
4	1	1	1	0.526181
4	1	1	2	1.144518
4	1	2	1	0.275847
4	1	2	2	0.348998
4	1	3	1	0.250401
4	1	3	2	0.298951
4	1	4	1	0.246187
4	1	4	2	0.287745
4	1	5	1	0.559473
4	1	5	2	1.264864
4	13	1	1	0.422358
4	13	1	2	0.785344
4	13	2	1	0.310446
4	13	2	2	0.439877
4	13	3	1	0.274382
4	13	3	2	0.338023
4	13	4	1	0.266846
4	13	4	2	0.327669
4	13	5	1	0.442913
4	13	5	2	0.854183
4	7	1	1	0.457136
4	7	1	2	0.902539
4	7	2	1	0.306076
4	7	2	2	0.427793
4	7	3	1	0.287219
4	7	3	2	0.355115
4	7	4	1	0.261626
4	7	4	2	0.315953
4	7	5	1	0.526181
4	7	5	2	1.144518
4	2	1	1	0.435957
4	2	1	2	0.830744
4	2	2	1	0.246353
4	2	2	2	0.289331
4	2	3	1	0.304119
4	2	3	2	0.375426
4	2	4	1	0.246504
4	2	4	2	0.287741
4	2	5	1	0.449973
4	2	5	2	0.878115
5	6	1	1	0.402749
5	6	1	2	0.720940
5	6	2	1	0.272696
5	6	2	2	0.341388
5	6	3	1	0.250401
5	6	3	2	0.298951
5	6	4	1	0.257070
5	6	4	2	0.306247
5	6	5	1	0.449973
5	6	5	2	0.878115
5	12	1	1	0.390210
5	12	1	2	0.680469
5	12	2	1	0.246353
5	12	2	2	0.289331
5	12	3	1	0.375359
5	12	3	2	0.446007
5	12	4	1	0.257070
5	12	4	2	0.306247
5	12	5	1	0.542629
5	12	5	2	1.203706
5	10	1	1	0.534355
5	10	1	2	1.173866
5	10	2	1	0.310446
5	10	2	2	0.439877
5	10	3	1	0.295088
5	10	3	2	0.364835
5	10	4	1	0.310446
5	10	4	2	0.439877
5	10	5	1	0.551002
5	10	5	2	1.234039
5	11	1	1	0.415716
5	11	1	2	0.763383
5	11	2	1	0.247069
5	11	2	2	0.288257
5	11	3	1	0.456768
5	11	3	2	0.513825
5	11	4	1	0.266846
5	11	4	2	0.327669
5	11	5	1	0.378104
5	11	5	2	0.641971
5	14	1	1	0.378104
5	14	1	2	0.641971
5	14	2	1	0.261626
5	14	2	2	0.315953
5	14	3	1	0.264683
5	14	3	2	0.323750
5	14	4	1	0.247702
5	14	4	2	0.293050
5	14	5	1	0.384103
5	14	5	2	0.660973
5	15	1	1	0.542629
5	15	1	2	1.203706
5	15	2	1	0.261626
5	15	2	2	0.315953
5	15	3	1	0.314502
5	15	3	2	0.386980
5	15	4	1	0.279143
5	15	4	2	0.357106
5	15	5	1	0.551002
5	15	5	2	1.234039
5	8	1	1	0.390210
5	8	1	2	0.680469
5	8	2	1	0.282583
5	8	2	2	0.365713
5	8	3	1	0.260803
5	8	3	2	0.317588
5	8	4	1	0.247870
5	8	4	2	0.289292
5	8	5	1	0.494484
5	8	5	2	1.032048
5	9	1	1	0.435957
5	9	1	2	0.830744
5	9	2	1	0.248895
5	9	2	2	0.290842
5	9	3	1	0.397708
5	9	3	2	0.465383
5	9	4	1	0.272696
5	9	4	2	0.341388
5	9	5	1	0.526181
5	9	5	2	1.144518
5	1	1	1	0.526181
5	1	1	2	1.144518
5	1	2	1	0.247870
5	1	2	2	0.289292
5	1	3	1	0.295088
5	1	3	2	0.364835
5	1	4	1	0.255055
5	1	4	2	0.302151
5	1	5	1	0.576712
5	1	5	2	1.327989
5	4	1	1	0.390210
5	4	1	2	0.680469
5	4	2	1	0.253223
5	4	2	2	0.298561
5	4	3	1	0.304119
5	4	3	2	0.375426
5	4	4	1	0.250135
5	4	4	2	0.292905
5	4	5	1	0.429105
5	4	5	2	0.807797
5	3	1	1	0.518107
5	3	1	2	1.115662
5	3	2	1	0.248895
5	3	2	2	0.290842
5	3	3	1	0.269185
5	3	3	2	0.330552
5	3	4	1	0.247870
5	3	4	2	0.289292
5	3	5	1	0.518107
5	3	5	2	1.115662
5	13	1	1	0.390210
5	13	1	2	0.680469
5	13	2	1	0.246870
5	13	2	2	0.290921
5	13	3	1	0.252324
5	13	3	2	0.302739
5	13	4	1	0.247702
5	13	4	2	0.293050
5	13	5	1	0.502258
5	13	5	2	1.059427
5	7	1	1	0.534355
5	7	1	2	1.173866
5	7	2	1	0.269695
5	7	2	2	0.334278
5	7	3	1	0.356456
5	7	3	2	0.428864
5	7	4	1	0.247069
5	7	4	2	0.288257
5	7	5	1	0.494484
5	7	5	2	1.032048
5	2	1	1	0.542629
5	2	1	2	1.203706
5	2	2	1	0.247870
5	2	2	2	0.289292
5	2	3	1	0.356456
5	2	3	2	0.428864
5	2	4	1	0.275847
5	2	4	2	0.348998
5	2	5	1	0.551002
5	2	5	2	1.234039
6	10	1	1	0.378104
6	10	1	2	0.641971
6	10	2	1	0.293733
6	10	2	2	0.394518
6	10	3	1	0.356456
6	10	3	2	0.428864
6	10	4	1	0.259262
6	10	4	2	0.310848
6	10	5	1	0.559473
6	10	5	2	1.264864
6	5	1	1	0.534355
6	5	1	2	1.173866
6	5	2	1	0.247702
6	5	2	2	0.293050
6	5	3	1	0.248870
6	5	3	2	0.295725
6	5	4	1	0.248895
6	5	4	2	0.290842
6	5	5	1	0.526181
6	5	5	2	1.144518
6	12	1	1	0.366437
6	12	1	2	0.605446
6	12	2	1	0.289880
6	12	2	2	0.384419
6	12	3	1	0.287219
6	12	3	2	0.355115
6	12	4	1	0.259262
6	12	4	2	0.310848
6	12	5	1	0.568043
6	12	5	2	1.296180
6	11	1	1	0.479240
6	11	1	2	0.978767
6	11	2	1	0.269695
6	11	2	2	0.334278
6	11	3	1	0.254672
6	11	3	2	0.307099
6	11	4	1	0.310446
6	11	4	2	0.439877
6	11	5	1	0.402749
6	11	5	2	0.720940
6	15	1	1	0.464402
6	15	1	2	0.927456
6	15	2	1	0.279143
6	15	2	2	0.357106
6	15	3	1	0.274382
6	15	3	2	0.338023
6	15	4	1	0.246504
6	15	4	2	0.287741
6	15	5	1	0.442913
6	15	5	2	0.854183
6	14	1	1	0.442913
6	14	1	2	0.854183
6	14	2	1	0.282583
6	14	2	2	0.365713
6	14	3	1	0.356456
6	14	3	2	0.428864
6	14	4	1	0.289880
6	14	4	2	0.384419
6	14	5	1	0.396426
6	14	5	2	0.700458
6	8	1	1	0.372215
6	8	1	2	0.623462
6	8	2	1	0.306076
6	8	2	2	0.427793
6	8	3	1	0.260803
6	8	3	2	0.317588
6	8	4	1	0.272696
6	8	4	2	0.341388
6	8	5	1	0.518107
6	8	5	2	1.115662
6	9	1	1	0.510132
6	9	1	2	1.087298
6	9	2	1	0.246131
6	9	2	2	0.288274
6	9	3	1	0.397708
6	9	3	2	0.465383
6	9	4	1	0.253223
6	9	4	2	0.298561
6	9	5	1	0.471770
6	9	5	2	0.952865
6	1	1	1	0.457136
6	1	1	2	0.902539
6	1	2	1	0.247702
6	1	2	2	0.293050
6	1	3	1	0.375359
6	1	3	2	0.446007
6	1	4	1	0.248870
6	1	4	2	0.295725
6	1	5	1	0.471770
6	1	5	2	0.952865
6	3	1	1	0.435957
6	3	1	2	0.830744
6	3	2	1	0.310446
6	3	2	2	0.439877
6	3	3	1	0.304119
6	3	3	2	0.375426
6	3	4	1	0.289880
6	3	4	2	0.384419
6	3	5	1	0.494484
6	3	5	2	1.032048
6	2	1	1	0.384103
6	2	1	2	0.660973
6	2	2	1	0.279143
6	2	2	2	0.357106
6	2	3	1	0.326472
6	2	3	2	0.399619
6	2	4	1	0.246353
6	2	4	2	0.289331
6	2	5	1	0.576712
6	2	5	2	1.327989
6	4	1	1	0.409180
6	4	1	2	0.741915
6	4	2	1	0.251580
6	4	2	2	0.295478
6	4	3	1	0.304119
6	4	3	2	0.375426
6	4	4	1	0.246870
6	4	4	2	0.290921
6	4	5	1	0.479240
6	4	5	2	0.978767
6	7	1	1	0.390210
6	7	1	2	0.680469
6	7	2	1	0.253223
6	7	2	2	0.298561
6	7	3	1	0.269185
6	7	3	2	0.330552
6	7	4	1	0.269695
6	7	4	2	0.334278
6	7	5	1	0.449973
6	7	5	2	0.878115
6	13	1	1	0.449973
6	13	1	2	0.878115
6	13	2	1	0.266846
6	13	2	2	0.327669
6	13	3	1	0.424417
6	13	3	2	0.487653
6	13	4	1	0.282583
6	13	4	2	0.365713
6	13	5	1	0.464402
6	13	5	2	0.927456
7	13	1	1	0.415716
7	13	1	2	0.763383
7	13	2	1	0.248895
7	13	2	2	0.290842
7	13	3	1	0.260803
7	13	3	2	0.317588
7	13	4	1	0.257070
7	13	4	2	0.306247
7	13	5	1	0.372215
7	13	5	2	0.623462
7	1	1	1	0.384103
7	1	1	2	0.660973
7	1	2	1	0.261626
7	1	2	2	0.315953
7	1	3	1	0.375359
7	1	3	2	0.446007
7	1	4	1	0.279143
7	1	4	2	0.357106
7	1	5	1	0.435957
7	1	5	2	0.830744
7	2	1	1	0.518107
7	2	1	2	1.115662
7	2	2	1	0.246187
7	2	2	2	0.287745
7	2	3	1	0.456768
7	2	3	2	0.513825
7	2	4	1	0.248870
7	2	4	2	0.295725
7	2	5	1	0.464402
7	2	5	2	0.927456
7	10	1	1	0.442913
7	10	1	2	0.854183
7	10	2	1	0.251580
7	10	2	2	0.295478
7	10	3	1	0.295088
7	10	3	2	0.364835
7	10	4	1	0.293733
7	10	4	2	0.394518
7	10	5	1	0.422358
7	10	5	2	0.785344
7	6	1	1	0.402749
7	6	1	2	0.720940
7	6	2	1	0.310446
7	6	2	2	0.439877
7	6	3	1	0.260803
7	6	3	2	0.317588
7	6	4	1	0.266846
7	6	4	2	0.327669
7	6	5	1	0.435957
7	6	5	2	0.830744
7	5	1	1	0.510132
7	5	1	2	1.087298
7	5	2	1	0.297717
7	5	2	2	0.405114
7	5	3	1	0.248870
7	5	3	2	0.295725
7	5	4	1	0.259262
7	5	4	2	0.310848
7	5	5	1	0.479240
7	5	5	2	0.978767
7	12	1	1	0.479240
7	12	1	2	0.978767
7	12	2	1	0.246353
7	12	2	2	0.289331
7	12	3	1	0.280358
7	12	3	2	0.346196
7	12	4	1	0.247870
7	12	4	2	0.289292
7	12	5	1	0.494484
7	12	5	2	1.032048
7	11	1	1	0.542629
7	11	1	2	1.203706
7	11	2	1	0.279143
7	11	2	2	0.357106
7	11	3	1	0.314502
7	11	3	2	0.386980
7	11	4	1	0.251580
7	11	4	2	0.295478
7	11	5	1	0.457136
7	11	5	2	0.902539
7	14	1	1	0.559473
7	14	1	2	1.264864
7	14	2	1	0.282583
7	14	2	2	0.365713
7	14	3	1	0.254672
7	14	3	2	0.307099
7	14	4	1	0.248895
7	14	4	2	0.290842
7	14	5	1	0.457136
7	14	5	2	0.902539
7	15	1	1	0.457136
7	15	1	2	0.902539
7	15	2	1	0.264155
7	15	2	2	0.321560
7	15	3	1	0.248870
7	15	3	2	0.295725
7	15	4	1	0.248870
7	15	4	2	0.295725
7	15	5	1	0.402749
7	15	5	2	0.720940
7	8	1	1	0.479240
7	8	1	2	0.978767
7	8	2	1	0.310446
7	8	2	2	0.439877
7	8	3	1	0.295088
7	8	3	2	0.364835
7	8	4	1	0.246353
7	8	4	2	0.289331
7	8	5	1	0.415716
7	8	5	2	0.763383
7	9	1	1	0.360770
7	9	1	2	0.587924
7	9	2	1	0.286163
7	9	2	2	0.374817
7	9	3	1	0.304119
7	9	3	2	0.375426
7	9	4	1	0.246504
7	9	4	2	0.287741
7	9	5	1	0.429105
7	9	5	2	0.807797
7	4	1	1	0.542629
7	4	1	2	1.203706
7	4	2	1	0.248870
7	4	2	2	0.295725
7	4	3	1	0.340328
7	4	3	2	0.413505
7	4	4	1	0.282583
7	4	4	2	0.365713
7	4	5	1	0.568043
7	4	5	2	1.296180
7	3	1	1	0.429105
7	3	1	2	0.807797
7	3	2	1	0.248895
7	3	2	2	0.290842
7	3	3	1	0.280358
7	3	3	2	0.346196
7	3	4	1	0.247870
7	3	4	2	0.289292
7	3	5	1	0.390210
7	3	5	2	0.680469
8	15	1	1	0.479240
8	15	1	2	0.978767
8	15	2	1	0.246870
8	15	2	2	0.290921
8	15	3	1	0.456768
8	15	3	2	0.513825
8	15	4	1	0.247870
8	15	4	2	0.289292
8	15	5	1	0.435957
8	15	5	2	0.830744
8	11	1	1	0.442913
8	11	1	2	0.854183
8	11	2	1	0.246504
8	11	2	2	0.287741
8	11	3	1	0.250401
8	11	3	2	0.298951
8	11	4	1	0.257070
8	11	4	2	0.306247
8	11	5	1	0.442913
8	11	5	2	0.854183
8	14	1	1	0.415716
8	14	1	2	0.763383
8	14	2	1	0.247069
8	14	2	2	0.288257
8	14	3	1	0.375359
8	14	3	2	0.446007
8	14	4	1	0.272696
8	14	4	2	0.341388
8	14	5	1	0.442913
8	14	5	2	0.854183
8	3	1	1	0.449973
8	3	1	2	0.878115
8	3	2	1	0.269695
8	3	2	2	0.334278
8	3	3	1	0.375359
8	3	3	2	0.446007
8	3	4	1	0.306076
8	3	4	2	0.427793
8	3	5	1	0.396426
8	3	5	2	0.700458
8	12	1	1	0.559473
8	12	1	2	1.264864
8	12	2	1	0.246131
8	12	2	2	0.288274
8	12	3	1	0.252324
8	12	3	2	0.302739
8	12	4	1	0.275847
8	12	4	2	0.348998
8	12	5	1	0.457136
8	12	5	2	0.902539
8	6	1	1	0.390210
8	6	1	2	0.680469
8	6	2	1	0.246353
8	6	2	2	0.289331
8	6	3	1	0.287219
8	6	3	2	0.355115
8	6	4	1	0.246504
8	6	4	2	0.287741
8	6	5	1	0.384103
8	6	5	2	0.660973
8	5	1	1	0.366437
8	5	1	2	0.605446
8	5	2	1	0.246353
8	5	2	2	0.289331
8	5	3	1	0.269185
8	5	3	2	0.330552
8	5	4	1	0.259262
8	5	4	2	0.310848
8	5	5	1	0.415716
8	5	5	2	0.763383
8	10	1	1	0.396426
8	10	1	2	0.700458
8	10	2	1	0.255055
8	10	2	2	0.302151
8	10	3	1	0.456768
8	10	3	2	0.513825
8	10	4	1	0.253223
8	10	4	2	0.298561
8	10	5	1	0.542629
8	10	5	2	1.203706
8	4	1	1	0.479240
8	4	1	2	0.978767
8	4	2	1	0.289880
8	4	2	2	0.384419
8	4	3	1	0.326472
8	4	3	2	0.399619
8	4	4	1	0.246131
8	4	4	2	0.288274
8	4	5	1	0.568043
8	4	5	2	1.296180
8	9	1	1	0.568043
8	9	1	2	1.296180
8	9	2	1	0.306076
8	9	2	2	0.427793
8	9	3	1	0.397708
8	9	3	2	0.465383
8	9	4	1	0.279143
8	9	4	2	0.357106
8	9	5	1	0.576712
8	9	5	2	1.327989
8	1	1	1	0.518107
8	1	1	2	1.115662
8	1	2	1	0.275847
8	1	2	2	0.348998
8	1	3	1	0.252324
8	1	3	2	0.302739
8	1	4	1	0.248895
8	1	4	2	0.290842
8	1	5	1	0.486811
8	1	5	2	1.005161
8	2	1	1	0.464402
8	2	1	2	0.927456
8	2	2	1	0.259262
8	2	2	2	0.310848
8	2	3	1	0.314502
8	2	3	2	0.386980
8	2	4	1	0.282583
8	2	4	2	0.365713
8	2	5	1	0.429105
8	2	5	2	0.807797
8	7	1	1	0.494484
8	7	1	2	1.032048
8	7	2	1	0.248870
8	7	2	2	0.295725
8	7	3	1	0.304119
8	7	3	2	0.375426
8	7	4	1	0.275847
8	7	4	2	0.348998
8	7	5	1	0.435957
8	7	5	2	0.830744
8	13	1	1	0.457136
8	13	1	2	0.902539
8	13	2	1	0.310446
8	13	2	2	0.439877
8	13	3	1	0.269185
8	13	3	2	0.330552
8	13	4	1	0.250135
8	13	4	2	0.292905
8	13	5	1	0.502258
8	13	5	2	1.059427
9	4	1	1	0.534355
9	4	1	2	1.173866
9	4	2	1	0.306076
9	4	2	2	0.427793
9	4	3	1	0.252324
9	4	3	2	0.302739
9	4	4	1	0.246353
9	4	4	2	0.289331
9	4	5	1	0.526181
9	4	5	2	1.144518
9	14	1	1	0.442913
9	14	1	2	0.854183
9	14	2	1	0.246870
9	14	2	2	0.290921
9	14	3	1	0.304119
9	14	3	2	0.375426
9	14	4	1	0.286163
9	14	4	2	0.374817
9	14	5	1	0.471770
9	14	5	2	0.952865
9	12	1	1	0.422358
9	12	1	2	0.785344
9	12	2	1	0.246353
9	12	2	2	0.289331
9	12	3	1	0.257483
9	12	3	2	0.312044
9	12	4	1	0.297717
9	12	4	2	0.405114
9	12	5	1	0.471770
9	12	5	2	0.952865
9	5	1	1	0.526181
9	5	1	2	1.144518
9	5	2	1	0.293733
9	5	2	2	0.394518
9	5	3	1	0.264683
9	5	3	2	0.323750
9	5	4	1	0.247702
9	5	4	2	0.293050
9	5	5	1	0.442913
9	5	5	2	0.854183
9	3	1	1	0.422358
9	3	1	2	0.785344
9	3	2	1	0.248870
9	3	2	2	0.295725
9	3	3	1	0.252324
9	3	3	2	0.302739
9	3	4	1	0.247069
9	3	4	2	0.288257
9	3	5	1	0.526181
9	3	5	2	1.144518
9	11	1	1	0.502258
9	11	1	2	1.059427
9	11	2	1	0.247069
9	11	2	2	0.288257
9	11	3	1	0.248870
9	11	3	2	0.295725
9	11	4	1	0.247870
9	11	4	2	0.289292
9	11	5	1	0.390210
9	11	5	2	0.680469
9	6	1	1	0.435957
9	6	1	2	0.830744
9	6	2	1	0.248895
9	6	2	2	0.290842
9	6	3	1	0.269185
9	6	3	2	0.330552
9	6	4	1	0.247870
9	6	4	2	0.289292
9	6	5	1	0.415716
9	6	5	2	0.763383
9	8	1	1	0.409180
9	8	1	2	0.741915
9	8	2	1	0.310446
9	8	2	2	0.439877
9	8	3	1	0.456768
9	8	3	2	0.513825
9	8	4	1	0.246504
9	8	4	2	0.287741
9	8	5	1	0.502258
9	8	5	2	1.059427
9	15	1	1	0.442913
9	15	1	2	0.854183
9	15	2	1	0.279143
9	15	2	2	0.357106
9	15	3	1	0.274382
9	15	3	2	0.338023
9	15	4	1	0.251580
9	15	4	2	0.295478
9	15	5	1	0.449973
9	15	5	2	0.878115
9	10	1	1	0.494484
9	10	1	2	1.032048
9	10	2	1	0.306076
9	10	2	2	0.427793
9	10	3	1	0.254672
9	10	3	2	0.307099
9	10	4	1	0.246187
9	10	4	2	0.287745
9	10	5	1	0.559473
9	10	5	2	1.264864
9	1	1	1	0.551002
9	1	1	2	1.234039
9	1	2	1	0.306076
9	1	2	2	0.427793
9	1	3	1	0.326472
9	1	3	2	0.399619
9	1	4	1	0.251580
9	1	4	2	0.295478
9	1	5	1	0.559473
9	1	5	2	1.264864
9	13	1	1	0.559473
9	13	1	2	1.264864
9	13	2	1	0.250135
9	13	2	2	0.292905
9	13	3	1	0.252324
9	13	3	2	0.302739
9	13	4	1	0.251580
9	13	4	2	0.295478
9	13	5	1	0.435957
9	13	5	2	0.830744
9	7	1	1	0.534355
9	7	1	2	1.173866
9	7	2	1	0.247870
9	7	2	2	0.289292
9	7	3	1	0.314502
9	7	3	2	0.386980
9	7	4	1	0.282583
9	7	4	2	0.365713
9	7	5	1	0.526181
9	7	5	2	1.144518
9	2	1	1	0.534355
9	2	1	2	1.173866
9	2	2	1	0.246870
9	2	2	2	0.290921
9	2	3	1	0.248870
9	2	3	2	0.295725
9	2	4	1	0.248870
9	2	4	2	0.295725
9	2	5	1	0.378104
9	2	5	2	0.641971
10	6	1	1	0.422358
10	6	1	2	0.785344
10	6	2	1	0.282583
10	6	2	2	0.365713
10	6	3	1	0.295088
10	6	3	2	0.364835
10	6	4	1	0.253223
10	6	4	2	0.298561
10	6	5	1	0.396426
10	6	5	2	0.700458
10	5	1	1	0.429105
10	5	1	2	0.807797
10	5	2	1	0.264155
10	5	2	2	0.321560
10	5	3	1	0.252324
10	5	3	2	0.302739
10	5	4	1	0.272696
10	5	4	2	0.341388
10	5	5	1	0.360770
10	5	5	2	0.587924
10	12	1	1	0.422358
10	12	1	2	0.785344
10	12	2	1	0.261626
10	12	2	2	0.315953
10	12	3	1	0.356456
10	12	3	2	0.428864
10	12	4	1	0.297717
10	12	4	2	0.405114
10	12	5	1	0.534355
10	12	5	2	1.173866
10	11	1	1	0.494484
10	11	1	2	1.032048
10	11	2	1	0.246870
10	11	2	2	0.290921
10	11	3	1	0.264683
10	11	3	2	0.323750
10	11	4	1	0.246131
10	11	4	2	0.288274
10	11	5	1	0.494484
10	11	5	2	1.032048
10	15	1	1	0.542629
10	15	1	2	1.203706
10	15	2	1	0.261626
10	15	2	2	0.315953
10	15	3	1	0.397708
10	15	3	2	0.465383
10	15	4	1	0.261626
10	15	4	2	0.315953
10	15	5	1	0.486811
10	15	5	2	1.005161
10	14	1	1	0.542629
10	14	1	2	1.203706
10	14	2	1	0.247870
10	14	2	2	0.289292
10	14	3	1	0.287219
10	14	3	2	0.355115
10	14	4	1	0.255055
10	14	4	2	0.302151
10	14	5	1	0.396426
10	14	5	2	0.700458
10	8	1	1	0.442913
10	8	1	2	0.854183
10	8	2	1	0.266846
10	8	2	2	0.327669
10	8	3	1	0.424417
10	8	3	2	0.487653
10	8	4	1	0.275847
10	8	4	2	0.348998
10	8	5	1	0.390210
10	8	5	2	0.680469
10	2	1	1	0.366437
10	2	1	2	0.605446
10	2	2	1	0.246187
10	2	2	2	0.287745
10	2	3	1	0.424417
10	2	3	2	0.487653
10	2	4	1	0.286163
10	2	4	2	0.374817
10	2	5	1	0.542629
10	2	5	2	1.203706
10	1	1	1	0.366437
10	1	1	2	0.605446
10	1	2	1	0.282583
10	1	2	2	0.365713
10	1	3	1	0.424417
10	1	3	2	0.487653
10	1	4	1	0.289880
10	1	4	2	0.384419
10	1	5	1	0.510132
10	1	5	2	1.087298
10	7	1	1	0.360770
10	7	1	2	0.587924
10	7	2	1	0.257070
10	7	2	2	0.306247
10	7	3	1	0.264683
10	7	3	2	0.323750
10	7	4	1	0.253223
10	7	4	2	0.298561
10	7	5	1	0.471770
10	7	5	2	0.952865
10	9	1	1	0.464402
10	9	1	2	0.927456
10	9	2	1	0.246131
10	9	2	2	0.288274
10	9	3	1	0.375359
10	9	3	2	0.446007
10	9	4	1	0.255055
10	9	4	2	0.302151
10	9	5	1	0.551002
10	9	5	2	1.234039
10	3	1	1	0.366437
10	3	1	2	0.605446
10	3	2	1	0.293733
10	3	2	2	0.394518
10	3	3	1	0.248870
10	3	3	2	0.295725
10	3	4	1	0.253223
10	3	4	2	0.298561
10	3	5	1	0.372215
10	3	5	2	0.623462
10	4	1	1	0.551002
10	4	1	2	1.234039
10	4	2	1	0.251580
10	4	2	2	0.295478
10	4	3	1	0.304119
10	4	3	2	0.375426
10	4	4	1	0.289880
10	4	4	2	0.384419
10	4	5	1	0.486811
10	4	5	2	1.005161
10	13	1	1	0.518107
10	13	1	2	1.115662
10	13	2	1	0.246504
10	13	2	2	0.287741
10	13	3	1	0.250401
10	13	3	2	0.298951
10	13	4	1	0.297717
10	13	4	2	0.405114
10	13	5	1	0.402749
10	13	5	2	0.720940
11	15	1	1	0.422358
11	15	1	2	0.785344
11	15	2	1	0.246187
11	15	2	2	0.287745
11	15	3	1	0.254672
11	15	3	2	0.307099
11	15	4	1	0.275847
11	15	4	2	0.348998
11	15	5	1	0.502258
11	15	5	2	1.059427
11	12	1	1	0.378104
11	12	1	2	0.641971
11	12	2	1	0.282583
11	12	2	2	0.365713
11	12	3	1	0.280358
11	12	3	2	0.346196
11	12	4	1	0.253223
11	12	4	2	0.298561
11	12	5	1	0.435957
11	12	5	2	0.830744
11	14	1	1	0.366437
11	14	1	2	0.605446
11	14	2	1	0.279143
11	14	2	2	0.357106
11	14	3	1	0.287219
11	14	3	2	0.355115
11	14	4	1	0.251580
11	14	4	2	0.295478
11	14	5	1	0.464402
11	14	5	2	0.927456
11	8	1	1	0.551002
11	8	1	2	1.234039
11	8	2	1	0.246870
11	8	2	2	0.290921
11	8	3	1	0.269185
11	8	3	2	0.330552
11	8	4	1	0.275847
11	8	4	2	0.348998
11	8	5	1	0.576712
11	8	5	2	1.327989
11	6	1	1	0.378104
11	6	1	2	0.641971
11	6	2	1	0.248895
11	6	2	2	0.290842
11	6	3	1	0.304119
11	6	3	2	0.375426
11	6	4	1	0.246187
11	6	4	2	0.287745
11	6	5	1	0.402749
11	6	5	2	0.720940
11	5	1	1	0.526181
11	5	1	2	1.144518
11	5	2	1	0.279143
11	5	2	2	0.357106
11	5	3	1	0.250401
11	5	3	2	0.298951
11	5	4	1	0.272696
11	5	4	2	0.341388
11	5	5	1	0.384103
11	5	5	2	0.660973
11	10	1	1	0.378104
11	10	1	2	0.641971
11	10	2	1	0.310446
11	10	2	2	0.439877
11	10	3	1	0.257483
11	10	3	2	0.312044
11	10	4	1	0.247702
11	10	4	2	0.293050
11	10	5	1	0.502258
11	10	5	2	1.059427
11	3	1	1	0.449973
11	3	1	2	0.878115
11	3	2	1	0.272696
11	3	2	2	0.341388
11	3	3	1	0.254672
11	3	3	2	0.307099
11	3	4	1	0.248870
11	3	4	2	0.295725
11	3	5	1	0.390210
11	3	5	2	0.680469
11	9	1	1	0.384103
11	9	1	2	0.660973
11	9	2	1	0.250135
11	9	2	2	0.292905
11	9	3	1	0.264683
11	9	3	2	0.323750
11	9	4	1	0.279143
11	9	4	2	0.357106
11	9	5	1	0.442913
11	9	5	2	0.854183
11	4	1	1	0.366437
11	4	1	2	0.605446
11	4	2	1	0.293733
11	4	2	2	0.394518
11	4	3	1	0.250401
11	4	3	2	0.298951
11	4	4	1	0.246504
11	4	4	2	0.287741
11	4	5	1	0.366437
11	4	5	2	0.605446
11	1	1	1	0.409180
11	1	1	2	0.741915
11	1	2	1	0.310446
11	1	2	2	0.439877
11	1	3	1	0.280358
11	1	3	2	0.346196
11	1	4	1	0.286163
11	1	4	2	0.374817
11	1	5	1	0.422358
11	1	5	2	0.785344
11	2	1	1	0.429105
11	2	1	2	0.807797
11	2	2	1	0.272696
11	2	2	2	0.341388
11	2	3	1	0.274382
11	2	3	2	0.338023
11	2	4	1	0.247870
11	2	4	2	0.289292
11	2	5	1	0.372215
11	2	5	2	0.623462
11	7	1	1	0.471770
11	7	1	2	0.952865
11	7	2	1	0.286163
11	7	2	2	0.374817
11	7	3	1	0.280358
11	7	3	2	0.346196
11	7	4	1	0.248870
11	7	4	2	0.295725
11	7	5	1	0.576712
11	7	5	2	1.327989
11	13	1	1	0.542629
11	13	1	2	1.203706
11	13	2	1	0.301833
11	13	2	2	0.416205
11	13	3	1	0.295088
11	13	3	2	0.364835
11	13	4	1	0.246131
11	13	4	2	0.288274
11	13	5	1	0.378104
11	13	5	2	0.641971
12	5	1	1	0.551002
12	5	1	2	1.234039
12	5	2	1	0.275847
12	5	2	2	0.348998
12	5	3	1	0.257483
12	5	3	2	0.312044
12	5	4	1	0.286163
12	5	4	2	0.374817
12	5	5	1	0.559473
12	5	5	2	1.264864
12	11	1	1	0.384103
12	11	1	2	0.660973
12	11	2	1	0.282583
12	11	2	2	0.365713
12	11	3	1	0.274382
12	11	3	2	0.338023
12	11	4	1	0.275847
12	11	4	2	0.348998
12	11	5	1	0.526181
12	11	5	2	1.144518
12	6	1	1	0.518107
12	6	1	2	1.115662
12	6	2	1	0.246504
12	6	2	2	0.287741
12	6	3	1	0.269185
12	6	3	2	0.330552
12	6	4	1	0.272696
12	6	4	2	0.341388
12	6	5	1	0.422358
12	6	5	2	0.785344
12	14	1	1	0.576712
12	14	1	2	1.327989
12	14	2	1	0.246870
12	14	2	2	0.290921
12	14	3	1	0.340328
12	14	3	2	0.413505
12	14	4	1	0.247069
12	14	4	2	0.288257
12	14	5	1	0.409180
12	14	5	2	0.741915
12	15	1	1	0.542629
12	15	1	2	1.203706
12	15	2	1	0.282583
12	15	2	2	0.365713
12	15	3	1	0.274382
12	15	3	2	0.338023
12	15	4	1	0.264155
12	15	4	2	0.321560
12	15	5	1	0.457136
12	15	5	2	0.902539
12	10	1	1	0.576712
12	10	1	2	1.327989
12	10	2	1	0.246353
12	10	2	2	0.289331
12	10	3	1	0.295088
12	10	3	2	0.364835
12	10	4	1	0.293733
12	10	4	2	0.394518
12	10	5	1	0.559473
12	10	5	2	1.264864
12	8	1	1	0.464402
12	8	1	2	0.927456
12	8	2	1	0.248895
12	8	2	2	0.290842
12	8	3	1	0.260803
12	8	3	2	0.317588
12	8	4	1	0.246131
12	8	4	2	0.288274
12	8	5	1	0.366437
12	8	5	2	0.605446
12	9	1	1	0.551002
12	9	1	2	1.234039
12	9	2	1	0.269695
12	9	2	2	0.334278
12	9	3	1	0.456768
12	9	3	2	0.513825
12	9	4	1	0.246187
12	9	4	2	0.287745
12	9	5	1	0.534355
12	9	5	2	1.173866
12	3	1	1	0.442913
12	3	1	2	0.854183
12	3	2	1	0.306076
12	3	2	2	0.427793
12	3	3	1	0.304119
12	3	3	2	0.375426
12	3	4	1	0.306076
12	3	4	2	0.427793
12	3	5	1	0.366437
12	3	5	2	0.605446
12	4	1	1	0.471770
12	4	1	2	0.952865
12	4	2	1	0.251580
12	4	2	2	0.295478
12	4	3	1	0.340328
12	4	3	2	0.413505
12	4	4	1	0.253223
12	4	4	2	0.298561
12	4	5	1	0.422358
12	4	5	2	0.785344
12	1	1	1	0.360770
12	1	1	2	0.587924
12	1	2	1	0.272696
12	1	2	2	0.341388
12	1	3	1	0.304119
12	1	3	2	0.375426
12	1	4	1	0.246504
12	1	4	2	0.287741
12	1	5	1	0.542629
12	1	5	2	1.203706
12	2	1	1	0.494484
12	2	1	2	1.032048
12	2	2	1	0.279143
12	2	2	2	0.357106
12	2	3	1	0.295088
12	2	3	2	0.364835
12	2	4	1	0.259262
12	2	4	2	0.310848
12	2	5	1	0.429105
12	2	5	2	0.807797
12	7	1	1	0.526181
12	7	1	2	1.144518
12	7	2	1	0.246504
12	7	2	2	0.287741
12	7	3	1	0.326472
12	7	3	2	0.399619
12	7	4	1	0.248895
12	7	4	2	0.290842
12	7	5	1	0.486811
12	7	5	2	1.005161
12	13	1	1	0.559473
12	13	1	2	1.264864
12	13	2	1	0.246131
12	13	2	2	0.288274
12	13	3	1	0.304119
12	13	3	2	0.375426
12	13	4	1	0.301833
12	13	4	2	0.416205
12	13	5	1	0.510132
12	13	5	2	1.087298
13	1	1	1	0.464402
13	1	1	2	0.927456
13	1	2	1	0.293733
13	1	2	2	0.394518
13	1	3	1	0.252324
13	1	3	2	0.302739
13	1	4	1	0.248895
13	1	4	2	0.290842
13	1	5	1	0.372215
13	1	5	2	0.623462
13	7	1	1	0.378104
13	7	1	2	0.641971
13	7	2	1	0.247702
13	7	2	2	0.293050
13	7	3	1	0.304119
13	7	3	2	0.375426
13	7	4	1	0.269695
13	7	4	2	0.334278
13	7	5	1	0.479240
13	7	5	2	0.978767
13	5	1	1	0.409180
13	5	1	2	0.741915
13	5	2	1	0.247069
13	5	2	2	0.288257
13	5	3	1	0.295088
13	5	3	2	0.364835
13	5	4	1	0.269695
13	5	4	2	0.334278
13	5	5	1	0.568043
13	5	5	2	1.296180
13	6	1	1	0.396426
13	6	1	2	0.700458
13	6	2	1	0.248895
13	6	2	2	0.290842
13	6	3	1	0.314502
13	6	3	2	0.386980
13	6	4	1	0.279143
13	6	4	2	0.357106
13	6	5	1	0.360770
13	6	5	2	0.587924
13	2	1	1	0.366437
13	2	1	2	0.605446
13	2	2	1	0.289880
13	2	2	2	0.384419
13	2	3	1	0.257483
13	2	3	2	0.312044
13	2	4	1	0.248895
13	2	4	2	0.290842
13	2	5	1	0.576712
13	2	5	2	1.327989
13	10	1	1	0.576712
13	10	1	2	1.327989
13	10	2	1	0.259262
13	10	2	2	0.310848
13	10	3	1	0.424417
13	10	3	2	0.487653
13	10	4	1	0.282583
13	10	4	2	0.365713
13	10	5	1	0.526181
13	10	5	2	1.144518
13	12	1	1	0.396426
13	12	1	2	0.700458
13	12	2	1	0.247702
13	12	2	2	0.293050
13	12	3	1	0.375359
13	12	3	2	0.446007
13	12	4	1	0.272696
13	12	4	2	0.341388
13	12	5	1	0.366437
13	12	5	2	0.605446
13	11	1	1	0.464402
13	11	1	2	0.927456
13	11	2	1	0.293733
13	11	2	2	0.394518
13	11	3	1	0.269185
13	11	3	2	0.330552
13	11	4	1	0.253223
13	11	4	2	0.298561
13	11	5	1	0.526181
13	11	5	2	1.144518
13	9	1	1	0.464402
13	9	1	2	0.927456
13	9	2	1	0.289880
13	9	2	2	0.384419
13	9	3	1	0.314502
13	9	3	2	0.386980
13	9	4	1	0.266846
13	9	4	2	0.327669
13	9	5	1	0.366437
13	9	5	2	0.605446
13	14	1	1	0.464402
13	14	1	2	0.927456
13	14	2	1	0.310446
13	14	2	2	0.439877
13	14	3	1	0.340328
13	14	3	2	0.413505
13	14	4	1	0.247702
13	14	4	2	0.293050
13	14	5	1	0.384103
13	14	5	2	0.660973
13	15	1	1	0.457136
13	15	1	2	0.902539
13	15	2	1	0.251580
13	15	2	2	0.295478
13	15	3	1	0.326472
13	15	3	2	0.399619
13	15	4	1	0.257070
13	15	4	2	0.306247
13	15	5	1	0.464402
13	15	5	2	0.927456
13	4	1	1	0.486811
13	4	1	2	1.005161
13	4	2	1	0.246131
13	4	2	2	0.288274
13	4	3	1	0.295088
13	4	3	2	0.364835
13	4	4	1	0.282583
13	4	4	2	0.365713
13	4	5	1	0.486811
13	4	5	2	1.005161
13	8	1	1	0.526181
13	8	1	2	1.144518
13	8	2	1	0.247702
13	8	2	2	0.293050
13	8	3	1	0.340328
13	8	3	2	0.413505
13	8	4	1	0.255055
13	8	4	2	0.302151
13	8	5	1	0.415716
13	8	5	2	0.763383
13	3	1	1	0.409180
13	3	1	2	0.741915
13	3	2	1	0.247069
13	3	2	2	0.288257
13	3	3	1	0.424417
13	3	3	2	0.487653
13	3	4	1	0.248895
13	3	4	2	0.290842
13	3	5	1	0.457136
13	3	5	2	0.902539
14	11	1	1	0.442913
14	11	1	2	0.854183
14	11	2	1	0.248895
14	11	2	2	0.290842
14	11	3	1	0.257483
14	11	3	2	0.312044
14	11	4	1	0.286163
14	11	4	2	0.374817
14	11	5	1	0.409180
14	11	5	2	0.741915
14	12	1	1	0.457136
14	12	1	2	0.902539
14	12	2	1	0.247702
14	12	2	2	0.293050
14	12	3	1	0.252324
14	12	3	2	0.302739
14	12	4	1	0.248895
14	12	4	2	0.290842
14	12	5	1	0.502258
14	12	5	2	1.059427
14	15	1	1	0.415716
14	15	1	2	0.763383
14	15	2	1	0.293733
14	15	2	2	0.394518
14	15	3	1	0.280358
14	15	3	2	0.346196
14	15	4	1	0.266846
14	15	4	2	0.327669
14	15	5	1	0.534355
14	15	5	2	1.173866
14	8	1	1	0.435957
14	8	1	2	0.830744
14	8	2	1	0.275847
14	8	2	2	0.348998
14	8	3	1	0.287219
14	8	3	2	0.355115
14	8	4	1	0.251580
14	8	4	2	0.295478
14	8	5	1	0.429105
14	8	5	2	0.807797
14	3	1	1	0.494484
14	3	1	2	1.032048
14	3	2	1	0.251580
14	3	2	2	0.295478
14	3	3	1	0.295088
14	3	3	2	0.364835
14	3	4	1	0.247069
14	3	4	2	0.288257
14	3	5	1	0.486811
14	3	5	2	1.005161
14	5	1	1	0.542629
14	5	1	2	1.203706
14	5	2	1	0.301833
14	5	2	2	0.416205
14	5	3	1	0.424417
14	5	3	2	0.487653
14	5	4	1	0.259262
14	5	4	2	0.310848
14	5	5	1	0.384103
14	5	5	2	0.660973
14	6	1	1	0.518107
14	6	1	2	1.115662
14	6	2	1	0.272696
14	6	2	2	0.341388
14	6	3	1	0.257483
14	6	3	2	0.312044
14	6	4	1	0.279143
14	6	4	2	0.357106
14	6	5	1	0.429105
14	6	5	2	0.807797
14	10	1	1	0.518107
14	10	1	2	1.115662
14	10	2	1	0.247702
14	10	2	2	0.293050
14	10	3	1	0.257483
14	10	3	2	0.312044
14	10	4	1	0.289880
14	10	4	2	0.384419
14	10	5	1	0.471770
14	10	5	2	0.952865
14	9	1	1	0.435957
14	9	1	2	0.830744
14	9	2	1	0.306076
14	9	2	2	0.427793
14	9	3	1	0.257483
14	9	3	2	0.312044
14	9	4	1	0.247069
14	9	4	2	0.288257
14	9	5	1	0.429105
14	9	5	2	0.807797
14	4	1	1	0.396426
14	4	1	2	0.700458
14	4	2	1	0.306076
14	4	2	2	0.427793
14	4	3	1	0.375359
14	4	3	2	0.446007
14	4	4	1	0.301833
14	4	4	2	0.416205
14	4	5	1	0.534355
14	4	5	2	1.173866
14	1	1	1	0.542629
14	1	1	2	1.203706
14	1	2	1	0.247069
14	1	2	2	0.288257
14	1	3	1	0.274382
14	1	3	2	0.338023
14	1	4	1	0.261626
14	1	4	2	0.315953
14	1	5	1	0.384103
14	1	5	2	0.660973
14	2	1	1	0.422358
14	2	1	2	0.785344
14	2	2	1	0.248870
14	2	2	2	0.295725
14	2	3	1	0.274382
14	2	3	2	0.338023
14	2	4	1	0.255055
14	2	4	2	0.302151
14	2	5	1	0.384103
14	2	5	2	0.660973
14	13	1	1	0.486811
14	13	1	2	1.005161
14	13	2	1	0.261626
14	13	2	2	0.315953
14	13	3	1	0.252324
14	13	3	2	0.302739
14	13	4	1	0.253223
14	13	4	2	0.298561
14	13	5	1	0.494484
14	13	5	2	1.032048
14	7	1	1	0.409180
14	7	1	2	0.741915
14	7	2	1	0.269695
14	7	2	2	0.334278
14	7	3	1	0.280358
14	7	3	2	0.346196
14	7	4	1	0.247870
14	7	4	2	0.289292
14	7	5	1	0.396426
14	7	5	2	0.700458
15	11	1	1	0.568043
15	11	1	2	1.296180
15	11	2	1	0.248895
15	11	2	2	0.290842
15	11	3	1	0.375359
15	11	3	2	0.446007
15	11	4	1	0.246187
15	11	4	2	0.287745
15	11	5	1	0.510132
15	11	5	2	1.087298
15	8	1	1	0.390210
15	8	1	2	0.680469
15	8	2	1	0.246131
15	8	2	2	0.288274
15	8	3	1	0.304119
15	8	3	2	0.375426
15	8	4	1	0.247870
15	8	4	2	0.289292
15	8	5	1	0.384103
15	8	5	2	0.660973
15	12	1	1	0.510132
15	12	1	2	1.087298
15	12	2	1	0.293733
15	12	2	2	0.394518
15	12	3	1	0.340328
15	12	3	2	0.413505
15	12	4	1	0.279143
15	12	4	2	0.357106
15	12	5	1	0.422358
15	12	5	2	0.785344
15	14	1	1	0.457136
15	14	1	2	0.902539
15	14	2	1	0.261626
15	14	2	2	0.315953
15	14	3	1	0.356456
15	14	3	2	0.428864
15	14	4	1	0.248895
15	14	4	2	0.290842
15	14	5	1	0.409180
15	14	5	2	0.741915
15	6	1	1	0.526181
15	6	1	2	1.144518
15	6	2	1	0.282583
15	6	2	2	0.365713
15	6	3	1	0.424417
15	6	3	2	0.487653
15	6	4	1	0.257070
15	6	4	2	0.306247
15	6	5	1	0.390210
15	6	5	2	0.680469
15	10	1	1	0.568043
15	10	1	2	1.296180
15	10	2	1	0.310446
15	10	2	2	0.439877
15	10	3	1	0.304119
15	10	3	2	0.375426
15	10	4	1	0.250135
15	10	4	2	0.292905
15	10	5	1	0.366437
15	10	5	2	0.605446
15	5	1	1	0.360770
15	5	1	2	0.587924
15	5	2	1	0.293733
15	5	2	2	0.394518
15	5	3	1	0.257483
15	5	3	2	0.312044
15	5	4	1	0.246187
15	5	4	2	0.287745
15	5	5	1	0.378104
15	5	5	2	0.641971
15	3	1	1	0.542629
15	3	1	2	1.203706
15	3	2	1	0.250135
15	3	2	2	0.292905
15	3	3	1	0.248870
15	3	3	2	0.295725
15	3	4	1	0.251580
15	3	4	2	0.295478
15	3	5	1	0.366437
15	3	5	2	0.605446
15	9	1	1	0.372215
15	9	1	2	0.623462
15	9	2	1	0.297717
15	9	2	2	0.405114
15	9	3	1	0.456768
15	9	3	2	0.513825
15	9	4	1	0.279143
15	9	4	2	0.357106
15	9	5	1	0.526181
15	9	5	2	1.144518
15	4	1	1	0.534355
15	4	1	2	1.173866
15	4	2	1	0.269695
15	4	2	2	0.334278
15	4	3	1	0.304119
15	4	3	2	0.375426
15	4	4	1	0.253223
15	4	4	2	0.298561
15	4	5	1	0.534355
15	4	5	2	1.173866
15	1	1	1	0.384103
15	1	1	2	0.660973
15	1	2	1	0.306076
15	1	2	2	0.427793
15	1	3	1	0.257483
15	1	3	2	0.312044
15	1	4	1	0.247069
15	1	4	2	0.288257
15	1	5	1	0.435957
15	1	5	2	0.830744
15	2	1	1	0.366437
15	2	1	2	0.605446
15	2	2	1	0.248870
15	2	2	2	0.295725
15	2	3	1	0.257483
15	2	3	2	0.312044
15	2	4	1	0.246353
15	2	4	2	0.289331
15	2	5	1	0.422358
15	2	5	2	0.785344
15	7	1	1	0.384103
15	7	1	2	0.660973
15	7	2	1	0.248895
15	7	2	2	0.290842
15	7	3	1	0.287219
15	7	3	2	0.355115
15	7	4	1	0.248895
15	7	4	2	0.290842
15	7	5	1	0.429105
15	7	5	2	0.807797
15	13	1	1	0.442913
15	13	1	2	0.854183
15	13	2	1	0.279143
15	13	2	2	0.357106
15	13	3	1	0.250401
15	13	3	2	0.298951
15	13	4	1	0.246870
15	13	4	2	0.290921
15	13	5	1	0.415716
15	13	5	2	0.763383
0	11	1	1	0.366437
0	11	1	2	0.605446
0	11	2	1	0.310446
0	11	2	2	0.439877
0	11	3	1	0.314502
0	11	3	2	0.386980
0	11	4	1	0.266846
0	11	4	2	0.327669
0	11	5	1	0.534355
0	11	5	2	1.173866
0	10	1	1	0.510132
0	10	1	2	1.087298
0	10	2	1	0.289880
0	10	2	2	0.384419
0	10	3	1	0.252324
0	10	3	2	0.302739
0	10	4	1	0.255055
0	10	4	2	0.302151
0	10	5	1	0.402749
0	10	5	2	0.720940
0	15	1	1	0.518107
0	15	1	2	1.115662
0	15	2	1	0.272696
0	15	2	2	0.341388
0	15	3	1	0.314502
0	15	3	2	0.386980
0	15	4	1	0.253223
0	15	4	2	0.298561
0	15	5	1	0.409180
0	15	5	2	0.741915
0	6	1	1	0.551002
0	6	1	2	1.234039
0	6	2	1	0.282583
0	6	2	2	0.365713
0	6	3	1	0.326472
0	6	3	2	0.399619
0	6	4	1	0.286163
0	6	4	2	0.374817
0	6	5	1	0.442913
0	6	5	2	0.854183
0	12	1	1	0.360770
0	12	1	2	0.587924
0	12	2	1	0.246353
0	12	2	2	0.289331
0	12	3	1	0.375359
0	12	3	2	0.446007
0	12	4	1	0.246187
0	12	4	2	0.287745
0	12	5	1	0.402749
0	12	5	2	0.720940
0	5	1	1	0.526181
0	5	1	2	1.144518
0	5	2	1	0.279143
0	5	2	2	0.357106
0	5	3	1	0.274382
0	5	3	2	0.338023
0	5	4	1	0.246504
0	5	4	2	0.287741
0	5	5	1	0.409180
0	5	5	2	0.741915
0	8	1	1	0.429105
0	8	1	2	0.807797
0	8	2	1	0.289880
0	8	2	2	0.384419
0	8	3	1	0.274382
0	8	3	2	0.338023
0	8	4	1	0.248895
0	8	4	2	0.290842
0	8	5	1	0.457136
0	8	5	2	0.902539
0	14	1	1	0.366437
0	14	1	2	0.605446
0	14	2	1	0.246870
0	14	2	2	0.290921
0	14	3	1	0.274382
0	14	3	2	0.338023
0	14	4	1	0.253223
0	14	4	2	0.298561
0	14	5	1	0.429105
0	14	5	2	0.807797
0	2	1	1	0.449973
0	2	1	2	0.878115
0	2	2	1	0.248870
0	2	2	2	0.295725
0	2	3	1	0.304119
0	2	3	2	0.375426
0	2	4	1	0.248895
0	2	4	2	0.290842
0	2	5	1	0.568043
0	2	5	2	1.296180
0	3	1	1	0.390210
0	3	1	2	0.680469
0	3	2	1	0.257070
0	3	2	2	0.306247
0	3	3	1	0.269185
0	3	3	2	0.330552
0	3	4	1	0.297717
0	3	4	2	0.405114
0	3	5	1	0.449973
0	3	5	2	0.878115
0	9	1	1	0.510132
0	9	1	2	1.087298
0	9	2	1	0.247702
0	9	2	2	0.293050
0	9	3	1	0.375359
0	9	3	2	0.446007
0	9	4	1	0.266846
0	9	4	2	0.327669
0	9	5	1	0.479240
0	9	5	2	0.978767
0	7	1	1	0.471770
0	7	1	2	0.952865
0	7	2	1	0.264155
0	7	2	2	0.321560
0	7	3	1	0.456768
0	7	3	2	0.513825
0	7	4	1	0.301833
0	7	4	2	0.416205
0	7	5	1	0.502258
0	7	5	2	1.059427
0	1	1	1	0.559473
0	1	1	2	1.264864
0	1	2	1	0.259262
0	1	2	2	0.310848
0	1	3	1	0.356456
0	1	3	2	0.428864
0	1	4	1	0.257070
0	1	4	2	0.306247
0	1	5	1	0.415716
0	1	5	2	0.763383
0	4	1	1	0.402749
0	4	1	2	0.720940
0	4	2	1	0.269695
0	4	2	2	0.334278
0	4	3	1	0.456768
0	4	3	2	0.513825
0	4	4	1	0.253223
0	4	4	2	0.298561
0	4	5	1	0.415716
0	4	5	2	0.763383
0	13	1	1	0.435957
0	13	1	2	0.830744
0	13	2	1	0.247069
0	13	2	2	0.288257
0	13	3	1	0.397708
0	13	3	2	0.465383
0	13	4	1	0.251580
0	13	4	2	0.295478
0	13	5	1	0.384103
0	13	5	2	0.660973
11	0	1	1	0.415716
11	0	1	2	0.763383
11	0	2	1	0.246131
11	0	2	2	0.288274
11	0	3	1	0.397708
11	0	3	2	0.465383
11	0	4	1	0.279143
11	0	4	2	0.357106
11	0	5	1	0.409180
11	0	5	2	0.741915
10	0	1	1	0.559473
10	0	1	2	1.264864
10	0	2	1	0.310446
10	0	2	2	0.439877
10	0	3	1	0.295088
10	0	3	2	0.364835
10	0	4	1	0.250135
10	0	4	2	0.292905
10	0	5	1	0.457136
10	0	5	2	0.902539
6	0	1	1	0.494484
6	0	1	2	1.032048
6	0	2	1	0.261626
6	0	2	2	0.315953
6	0	3	1	0.274382
6	0	3	2	0.338023
6	0	4	1	0.246870
6	0	4	2	0.290921
6	0	5	1	0.429105
6	0	5	2	0.807797
15	0	1	1	0.442913
15	0	1	2	0.854183
15	0	2	1	0.255055
15	0	2	2	0.302151
15	0	3	1	0.340328
15	0	3	2	0.413505
15	0	4	1	0.266846
15	0	4	2	0.327669
15	0	5	1	0.402749
15	0	5	2	0.720940
12	0	1	1	0.576712
12	0	1	2	1.327989
12	0	2	1	0.247702
12	0	2	2	0.293050
12	0	3	1	0.269185
12	0	3	2	0.330552
12	0	4	1	0.286163
12	0	4	2	0.374817
12	0	5	1	0.396426
12	0	5	2	0.700458
5	0	1	1	0.526181
5	0	1	2	1.144518
5	0	2	1	0.310446
5	0	2	2	0.439877
5	0	3	1	0.287219
5	0	3	2	0.355115
5	0	4	1	0.286163
5	0	4	2	0.374817
5	0	5	1	0.464402
5	0	5	2	0.927456
8	0	1	1	0.510132
8	0	1	2	1.087298
8	0	2	1	0.246353
8	0	2	2	0.289331
8	0	3	1	0.250401
8	0	3	2	0.298951
8	0	4	1	0.264155
8	0	4	2	0.321560
8	0	5	1	0.449973
8	0	5	2	0.878115
14	0	1	1	0.534355
14	0	1	2	1.173866
14	0	2	1	0.269695
14	0	2	2	0.334278
14	0	3	1	0.257483
14	0	3	2	0.312044
14	0	4	1	0.246353
14	0	4	2	0.289331
14	0	5	1	0.372215
14	0	5	2	0.623462
2	0	1	1	0.551002
2	0	1	2	1.234039
2	0	2	1	0.248870
2	0	2	2	0.295725
2	0	3	1	0.424417
2	0	3	2	0.487653
2	0	4	1	0.286163
2	0	4	2	0.374817
2	0	5	1	0.559473
2	0	5	2	1.264864
3	0	1	1	0.390210
3	0	1	2	0.680469
3	0	2	1	0.246187
3	0	2	2	0.287745
3	0	3	1	0.260803
3	0	3	2	0.317588
3	0	4	1	0.246353
3	0	4	2	0.289331
3	0	5	1	0.534355
3	0	5	2	1.173866
9	0	1	1	0.479240
9	0	1	2	0.978767
9	0	2	1	0.251580
9	0	2	2	0.295478
9	0	3	1	0.424417
9	0	3	2	0.487653
9	0	4	1	0.247702
9	0	4	2	0.293050
9	0	5	1	0.372215
9	0	5	2	0.623462
7	0	1	1	0.457136
7	0	1	2	0.902539
7	0	2	1	0.301833
7	0	2	2	0.416205
7	0	3	1	0.326472
7	0	3	2	0.399619
7	0	4	1	0.253223
7	0	4	2	0.298561
7	0	5	1	0.415716
7	0	5	2	0.763383
1	0	1	1	0.576712
1	0	1	2	1.327989
1	0	2	1	0.246353
1	0	2	2	0.289331
1	0	3	1	0.257483
1	0	3	2	0.312044
1	0	4	1	0.253223
1	0	4	2	0.298561
1	0	5	1	0.360770
1	0	5	2	0.587924
4	0	1	1	0.402749
4	0	1	2	0.720940
4	0	2	1	0.264155
4	0	2	2	0.321560
4	0	3	1	0.375359
4	0	3	2	0.446007
4	0	4	1	0.306076
4	0	4	2	0.427793
4	0	5	1	0.360770
4	0	5	2	0.587924
13	0	1	1	0.486811
13	0	1	2	1.005161
13	0	2	1	0.247069
13	0	2	2	0.288257
13	0	3	1	0.326472
13	0	3	2	0.399619
13	0	4	1	0.250135
13	0	4	2	0.292905
13	0	5	1	0.457136
13	0	5	2	0.902539
;
