param:	TIME:	Ts	Te:=
1	0   108
2	108   216
3	216   324
4	324   432
5	432   540
;
param:	NODE:	r	st	WS	WE:=
0	0	0	0	540
1	2475	27	72	416
2	933	10	75	412
3	2262	25	41	378
4	2358	26	44	389
5	2052	23	77	417
6	2316	26	87	427
7	435	5	10	328
8	1215	13	58	390
9	1791	20	40	370
10	1635	18	82	425
11	2055	23	12	349
12	885	10	79	394
13	2040	23	55	406
14	633	7	30	347
15	1104	12	65	399
;
param: VEHICLE:	Ch	Lh	Ph	ch:=
1	10000	150	2.2384e-005	2.66374
2	15000	200	1.79961e-005	2.66374
3	10000	150	2.2384e-005	2.66374
4	15000	200	1.79961e-005	2.66374
;
param q_real:=3;
param	nth:=14;
param	nth1:=15;
param:	ARC:	D:=
1	9	15.940000
1	8	24.360001
1	11	29.610001
1	6	34.830002
1	3	54.470001
1	4	68.629997
1	13	78.510002
1	12	88.230003
1	5	100.511002
1	10	112.771004
1	15	121.771004
1	7	129.891998
1	14	157.153000
1	2	159.800003
2	14	11.300000
2	12	73.599998
2	4	92.489998
2	13	121.849998
2	3	129.460007
2	6	134.992004
2	8	139.009995
2	11	141.162003
2	9	144.229996
2	15	148.199997
2	5	157.612000
2	1	159.460007
2	10	169.871994
2	7	186.479996
3	13	24.260000
3	8	33.990002
3	9	43.400002
3	4	43.790001
3	1	54.060001
3	6	60.299999
3	11	62.110001
3	12	65.610001
3	5	121.709999
3	2	130.309998
3	14	132.529999
3	10	133.970001
3	15	142.970001
3	7	151.091003
4	12	21.820000
4	3	43.709999
4	8	47.950001
4	13	48.130001
4	9	53.169998
4	6	56.520000
4	11	59.220001
4	1	68.400002
4	14	91.271004
4	2	92.559998
4	5	102.599998
4	10	114.860001
4	15	118.349998
4	7	131.981003
5	10	13.280000
5	7	33.619999
5	15	38.639999
5	6	66.709999
5	11	73.239998
5	9	91.480003
5	8	96.269997
5	1	100.760002
5	12	102.279999
5	4	102.870003
5	3	122.820999
5	13	138.011993
5	14	152.223999
5	2	157.483002
6	11	7.240000
6	9	26.709999
6	8	33.669998
6	1	34.820000
6	4	56.410000
6	3	60.549999
6	5	66.209999
6	12	66.661003
6	10	78.470001
6	13	83.181000
6	15	87.470001
6	7	93.530998
6	14	129.834000
6	2	134.863007
7	10	33.419998
7	5	33.580002
7	15	43.230000
7	6	93.771004
7	11	100.301003
7	9	118.541000
7	8	123.331001
7	1	127.820999
7	4	129.931000
7	12	131.731003
7	3	149.882004
7	13	165.072998
7	14	178.440002
7	2	184.544006
8	9	9.460000
8	1	24.000000
8	11	31.180000
8	6	33.650002
8	3	33.990002
8	4	47.860001
8	13	58.029999
8	12	68.599998
8	5	96.059998
8	10	108.320000
8	15	117.320000
8	7	125.441002
8	14	138.261002
8	2	139.029999
9	8	9.560000
9	1	15.400000
9	11	23.440001
9	6	26.559999
9	3	43.310001
9	4	52.869999
9	13	67.349998
9	12	72.470001
9	5	91.070000
9	10	103.330002
9	15	112.330002
9	7	120.450996
9	14	141.863007
9	2	144.039993
10	5	13.080000
10	7	33.000000
10	15	46.689999
10	6	78.510002
10	11	85.040001
10	9	103.279999
10	8	108.070000
10	1	112.559998
10	12	114.080002
10	4	114.669998
10	3	134.621002
10	13	149.811996
10	14	164.024002
10	2	169.283005
11	6	7.200000
11	9	23.450001
11	1	29.549999
11	8	31.270000
11	4	59.119999
11	3	62.459999
11	12	71.599998
11	5	72.669998
11	10	84.930000
11	13	85.091003
11	15	93.930000
11	7	99.990997
11	14	136.283997
11	2	141.313004
12	4	22.270000
12	3	65.910004
12	6	66.430000
12	8	68.690002
12	13	70.330002
12	14	70.583000
12	11	71.629997
12	9	72.139999
12	2	73.360001
12	1	87.370003
12	5	101.989998
12	15	104.919998
12	10	114.250000
12	7	133.740997
13	3	24.260000
13	4	48.240002
13	8	58.029999
13	9	67.440002
13	12	70.059998
13	1	78.099998
13	6	82.811996
13	11	84.821999
13	2	122.050003
13	14	124.269997
13	5	137.272003
13	10	149.531998
13	15	158.531998
13	7	166.653000
14	2	12.040000
14	12	70.263000
14	4	90.740997
14	13	124.349998
14	6	130.223007
14	3	131.960007
14	11	136.393005
14	8	137.690994
14	15	139.139999
14	9	141.753006
14	5	152.623001
14	1	156.662994
14	10	164.882996
14	7	178.990005
15	5	38.330002
15	7	43.480000
15	10	46.849998
15	6	87.889999
15	11	94.419998
15	12	104.889999
15	9	112.660004
15	8	117.449997
15	4	118.620003
15	1	121.940002
15	14	138.919998
15	3	144.001007
15	2	147.940002
15	13	159.192001
0	12	34.700001
0	4	48.430000
0	6	56.189999
0	11	62.720001
0	5	72.620003
0	15	73.050003
0	9	80.959999
0	10	84.879997
0	8	85.750000
0	14	88.530998
0	1	90.239998
0	3	92.070000
0	2	93.440002
0	13	96.489998
0	7	99.941002
12	0	34.630001
4	0	48.060001
6	0	56.330002
11	0	62.790001
5	0	72.970001
15	0	74.101997
9	0	81.190002
10	0	84.769997
8	0	86.180000
14	0	88.401001
1	0	90.639999
3	0	91.849998
2	0	93.040001
13	0	96.300003
7	0	100.030998
;
param:	v:=
1	9	1	96
1	9	2	40
1	9	3	19
1	9	4	52
1	9	5	85
1	8	1	99
1	8	2	51
1	8	3	22
1	8	4	45
1	8	5	100
1	11	1	74
1	11	2	51
1	11	3	10
1	11	4	42
1	11	5	98
1	6	1	87
1	6	2	36
1	6	3	24
1	6	4	33
1	6	5	77
1	3	1	89
1	3	2	47
1	3	3	30
1	3	4	53
1	3	5	71
1	4	1	92
1	4	2	33
1	4	3	20
1	4	4	34
1	4	5	81
1	13	1	92
1	13	2	58
1	13	3	17
1	13	4	53
1	13	5	89
1	12	1	82
1	12	2	48
1	12	3	11
1	12	4	30
1	12	5	71
1	5	1	88
1	5	2	57
1	5	3	30
1	5	4	48
1	5	5	79
1	10	1	92
1	10	2	35
1	10	3	10
1	10	4	38
1	10	5	80
1	15	1	95
1	15	2	60
1	15	3	19
1	15	4	60
1	15	5	84
1	7	1	80
1	7	2	36
1	7	3	30
1	7	4	31
1	7	5	94
1	14	1	99
1	14	2	38
1	14	3	27
1	14	4	45
1	14	5	75
1	2	1	96
1	2	2	51
1	2	3	14
1	2	4	57
1	2	5	93
2	14	1	82
2	14	2	35
2	14	3	18
2	14	4	43
2	14	5	70
2	12	1	90
2	12	2	30
2	12	3	23
2	12	4	48
2	12	5	94
2	4	1	97
2	4	2	55
2	4	3	12
2	4	4	34
2	4	5	99
2	13	1	89
2	13	2	54
2	13	3	20
2	13	4	52
2	13	5	98
2	3	1	74
2	3	2	42
2	3	3	10
2	3	4	57
2	3	5	100
2	6	1	87
2	6	2	35
2	6	3	13
2	6	4	31
2	6	5	84
2	8	1	97
2	8	2	44
2	8	3	15
2	8	4	31
2	8	5	86
2	11	1	75
2	11	2	46
2	11	3	21
2	11	4	40
2	11	5	76
2	9	1	98
2	9	2	54
2	9	3	27
2	9	4	41
2	9	5	72
2	15	1	88
2	15	2	40
2	15	3	13
2	15	4	49
2	15	5	93
2	5	1	97
2	5	2	48
2	5	3	24
2	5	4	50
2	5	5	83
2	1	1	76
2	1	2	37
2	1	3	19
2	1	4	30
2	1	5	98
2	10	1	86
2	10	2	49
2	10	3	16
2	10	4	53
2	10	5	79
2	7	1	84
2	7	2	45
2	7	3	13
2	7	4	36
2	7	5	90
3	13	1	90
3	13	2	41
3	13	3	29
3	13	4	60
3	13	5	75
3	8	1	87
3	8	2	41
3	8	3	29
3	8	4	49
3	8	5	95
3	9	1	85
3	9	2	40
3	9	3	14
3	9	4	38
3	9	5	88
3	4	1	95
3	4	2	53
3	4	3	28
3	4	4	38
3	4	5	90
3	1	1	93
3	1	2	54
3	1	3	25
3	1	4	42
3	1	5	78
3	6	1	98
3	6	2	58
3	6	3	22
3	6	4	58
3	6	5	89
3	11	1	95
3	11	2	46
3	11	3	25
3	11	4	43
3	11	5	99
3	12	1	76
3	12	2	36
3	12	3	20
3	12	4	46
3	12	5	90
3	5	1	87
3	5	2	49
3	5	3	18
3	5	4	43
3	5	5	86
3	2	1	81
3	2	2	35
3	2	3	14
3	2	4	55
3	2	5	71
3	14	1	79
3	14	2	43
3	14	3	28
3	14	4	41
3	14	5	82
3	10	1	81
3	10	2	47
3	10	3	24
3	10	4	56
3	10	5	87
3	15	1	83
3	15	2	30
3	15	3	22
3	15	4	49
3	15	5	83
3	7	1	99
3	7	2	44
3	7	3	29
3	7	4	44
3	7	5	82
4	12	1	100
4	12	2	48
4	12	3	19
4	12	4	34
4	12	5	98
4	3	1	83
4	3	2	39
4	3	3	16
4	3	4	49
4	3	5	72
4	8	1	96
4	8	2	48
4	8	3	25
4	8	4	49
4	8	5	99
4	13	1	87
4	13	2	60
4	13	3	25
4	13	4	42
4	13	5	92
4	9	1	95
4	9	2	35
4	9	3	25
4	9	4	55
4	9	5	85
4	6	1	93
4	6	2	50
4	6	3	16
4	6	4	34
4	6	5	80
4	11	1	93
4	11	2	48
4	11	3	21
4	11	4	50
4	11	5	91
4	1	1	92
4	1	2	33
4	1	3	18
4	1	4	44
4	1	5	75
4	14	1	85
4	14	2	49
4	14	3	29
4	14	4	38
4	14	5	70
4	2	1	90
4	2	2	44
4	2	3	24
4	2	4	33
4	2	5	80
4	5	1	92
4	5	2	35
4	5	3	25
4	5	4	44
4	5	5	99
4	10	1	91
4	10	2	41
4	10	3	15
4	10	4	60
4	10	5	93
4	15	1	95
4	15	2	45
4	15	3	27
4	15	4	39
4	15	5	78
4	7	1	91
4	7	2	49
4	7	3	12
4	7	4	38
4	7	5	83
5	10	1	75
5	10	2	53
5	10	3	28
5	10	4	46
5	10	5	81
5	7	1	80
5	7	2	31
5	7	3	13
5	7	4	44
5	7	5	87
5	15	1	97
5	15	2	42
5	15	3	23
5	15	4	49
5	15	5	88
5	6	1	97
5	6	2	47
5	6	3	13
5	6	4	32
5	6	5	90
5	11	1	83
5	11	2	59
5	11	3	16
5	11	4	52
5	11	5	88
5	9	1	97
5	9	2	50
5	9	3	12
5	9	4	31
5	9	5	89
5	8	1	93
5	8	2	33
5	8	3	23
5	8	4	41
5	8	5	97
5	1	1	70
5	1	2	38
5	1	3	15
5	1	4	33
5	1	5	89
5	12	1	100
5	12	2	48
5	12	3	15
5	12	4	33
5	12	5	90
5	4	1	82
5	4	2	35
5	4	3	17
5	4	4	32
5	4	5	90
5	3	1	88
5	3	2	42
5	3	3	29
5	3	4	52
5	3	5	90
5	13	1	93
5	13	2	40
5	13	3	18
5	13	4	60
5	13	5	89
5	14	1	96
5	14	2	51
5	14	3	13
5	14	4	47
5	14	5	70
5	2	1	76
5	2	2	52
5	2	3	21
5	2	4	44
5	2	5	89
6	11	1	98
6	11	2	46
6	11	3	27
6	11	4	32
6	11	5	87
6	9	1	71
6	9	2	56
6	9	3	15
6	9	4	32
6	9	5	71
6	8	1	74
6	8	2	60
6	8	3	12
6	8	4	30
6	8	5	80
6	1	1	85
6	1	2	43
6	1	3	26
6	1	4	55
6	1	5	97
6	4	1	75
6	4	2	53
6	4	3	10
6	4	4	33
6	4	5	96
6	3	1	74
6	3	2	31
6	3	3	23
6	3	4	54
6	3	5	98
6	5	1	89
6	5	2	35
6	5	3	27
6	5	4	55
6	5	5	88
6	12	1	76
6	12	2	60
6	12	3	12
6	12	4	33
6	12	5	90
6	10	1	82
6	10	2	51
6	10	3	30
6	10	4	51
6	10	5	96
6	13	1	79
6	13	2	48
6	13	3	24
6	13	4	44
6	13	5	73
6	15	1	84
6	15	2	37
6	15	3	13
6	15	4	60
6	15	5	75
6	7	1	71
6	7	2	44
6	7	3	28
6	7	4	56
6	7	5	70
6	14	1	77
6	14	2	55
6	14	3	25
6	14	4	39
6	14	5	89
6	2	1	82
6	2	2	32
6	2	3	26
6	2	4	50
6	2	5	89
7	10	1	82
7	10	2	43
7	10	3	24
7	10	4	52
7	10	5	95
7	5	1	81
7	5	2	59
7	5	3	20
7	5	4	48
7	5	5	80
7	15	1	76
7	15	2	41
7	15	3	29
7	15	4	41
7	15	5	94
7	6	1	72
7	6	2	30
7	6	3	28
7	6	4	32
7	6	5	93
7	11	1	85
7	11	2	39
7	11	3	17
7	11	4	44
7	11	5	70
7	9	1	75
7	9	2	39
7	9	3	15
7	9	4	41
7	9	5	94
7	8	1	84
7	8	2	32
7	8	3	22
7	8	4	58
7	8	5	72
7	1	1	90
7	1	2	47
7	1	3	19
7	1	4	36
7	1	5	80
7	4	1	70
7	4	2	33
7	4	3	25
7	4	4	58
7	4	5	100
7	12	1	83
7	12	2	52
7	12	3	26
7	12	4	42
7	12	5	79
7	3	1	91
7	3	2	60
7	3	3	13
7	3	4	59
7	3	5	98
7	13	1	75
7	13	2	39
7	13	3	30
7	13	4	45
7	13	5	87
7	14	1	93
7	14	2	32
7	14	3	20
7	14	4	55
7	14	5	95
7	2	1	92
7	2	2	46
7	2	3	12
7	2	4	40
7	2	5	93
8	9	1	83
8	9	2	42
8	9	3	19
8	9	4	58
8	9	5	89
8	1	1	73
8	1	2	60
8	1	3	24
8	1	4	60
8	1	5	87
8	11	1	77
8	11	2	54
8	11	3	25
8	11	4	35
8	11	5	81
8	6	1	83
8	6	2	31
8	6	3	20
8	6	4	59
8	6	5	98
8	3	1	98
8	3	2	42
8	3	3	22
8	3	4	47
8	3	5	88
8	4	1	76
8	4	2	43
8	4	3	25
8	4	4	47
8	4	5	97
8	13	1	96
8	13	2	40
8	13	3	20
8	13	4	35
8	13	5	90
8	12	1	80
8	12	2	38
8	12	3	27
8	12	4	58
8	12	5	87
8	5	1	81
8	5	2	42
8	5	3	24
8	5	4	56
8	5	5	79
8	10	1	90
8	10	2	33
8	10	3	28
8	10	4	53
8	10	5	77
8	15	1	96
8	15	2	34
8	15	3	20
8	15	4	44
8	15	5	82
8	7	1	79
8	7	2	44
8	7	3	22
8	7	4	40
8	7	5	83
8	14	1	75
8	14	2	47
8	14	3	16
8	14	4	40
8	14	5	100
8	2	1	79
8	2	2	55
8	2	3	17
8	2	4	34
8	2	5	82
9	8	1	92
9	8	2	58
9	8	3	12
9	8	4	58
9	8	5	78
9	1	1	91
9	1	2	38
9	1	3	12
9	1	4	45
9	1	5	86
9	11	1	74
9	11	2	44
9	11	3	21
9	11	4	47
9	11	5	77
9	6	1	75
9	6	2	38
9	6	3	15
9	6	4	48
9	6	5	74
9	3	1	93
9	3	2	37
9	3	3	25
9	3	4	42
9	3	5	92
9	4	1	98
9	4	2	46
9	4	3	23
9	4	4	42
9	4	5	98
9	13	1	100
9	13	2	35
9	13	3	22
9	13	4	57
9	13	5	76
9	12	1	75
9	12	2	35
9	12	3	12
9	12	4	59
9	12	5	97
9	5	1	94
9	5	2	39
9	5	3	23
9	5	4	55
9	5	5	86
9	10	1	99
9	10	2	43
9	10	3	27
9	10	4	30
9	10	5	89
9	15	1	70
9	15	2	51
9	15	3	18
9	15	4	35
9	15	5	70
9	7	1	81
9	7	2	49
9	7	3	10
9	7	4	49
9	7	5	87
9	14	1	90
9	14	2	42
9	14	3	21
9	14	4	58
9	14	5	99
9	2	1	90
9	2	2	37
9	2	3	13
9	2	4	54
9	2	5	79
10	5	1	92
10	5	2	30
10	5	3	29
10	5	4	38
10	5	5	89
10	7	1	95
10	7	2	57
10	7	3	19
10	7	4	58
10	7	5	89
10	15	1	78
10	15	2	31
10	15	3	18
10	15	4	36
10	15	5	87
10	6	1	83
10	6	2	32
10	6	3	16
10	6	4	30
10	6	5	71
10	11	1	77
10	11	2	38
10	11	3	26
10	11	4	34
10	11	5	95
10	9	1	87
10	9	2	33
10	9	3	26
10	9	4	49
10	9	5	86
10	8	1	88
10	8	2	33
10	8	3	12
10	8	4	56
10	8	5	97
10	1	1	79
10	1	2	51
10	1	3	20
10	1	4	36
10	1	5	95
10	12	1	92
10	12	2	60
10	12	3	12
10	12	4	35
10	12	5	92
10	4	1	91
10	4	2	56
10	4	3	29
10	4	4	39
10	4	5	76
10	3	1	84
10	3	2	30
10	3	3	24
10	3	4	48
10	3	5	92
10	13	1	90
10	13	2	43
10	13	3	26
10	13	4	42
10	13	5	72
10	14	1	96
10	14	2	31
10	14	3	19
10	14	4	32
10	14	5	70
10	2	1	90
10	2	2	45
10	2	3	16
10	2	4	30
10	2	5	86
11	6	1	87
11	6	2	35
11	6	3	17
11	6	4	54
11	6	5	100
11	9	1	88
11	9	2	52
11	9	3	29
11	9	4	54
11	9	5	95
11	1	1	81
11	1	2	48
11	1	3	11
11	1	4	51
11	1	5	98
11	8	1	79
11	8	2	46
11	8	3	18
11	8	4	59
11	8	5	97
11	4	1	77
11	4	2	59
11	4	3	15
11	4	4	51
11	4	5	91
11	3	1	97
11	3	2	41
11	3	3	29
11	3	4	58
11	3	5	77
11	12	1	87
11	12	2	34
11	12	3	26
11	12	4	30
11	12	5	84
11	5	1	99
11	5	2	40
11	5	3	21
11	5	4	46
11	5	5	89
11	10	1	75
11	10	2	49
11	10	3	15
11	10	4	40
11	10	5	75
11	13	1	72
11	13	2	40
11	13	3	10
11	13	4	42
11	13	5	74
11	15	1	86
11	15	2	58
11	15	3	13
11	15	4	51
11	15	5	82
11	7	1	97
11	7	2	56
11	7	3	13
11	7	4	46
11	7	5	81
11	14	1	88
11	14	2	33
11	14	3	27
11	14	4	53
11	14	5	70
11	2	1	100
11	2	2	52
11	2	3	26
11	2	4	53
11	2	5	92
12	4	1	75
12	4	2	43
12	4	3	23
12	4	4	41
12	4	5	85
12	3	1	87
12	3	2	51
12	3	3	11
12	3	4	55
12	3	5	72
12	6	1	74
12	6	2	31
12	6	3	30
12	6	4	35
12	6	5	81
12	8	1	80
12	8	2	45
12	8	3	15
12	8	4	57
12	8	5	99
12	13	1	90
12	13	2	50
12	13	3	15
12	13	4	43
12	13	5	97
12	14	1	89
12	14	2	34
12	14	3	16
12	14	4	34
12	14	5	89
12	11	1	70
12	11	2	47
12	11	3	20
12	11	4	52
12	11	5	100
12	9	1	79
12	9	2	43
12	9	3	21
12	9	4	53
12	9	5	72
12	2	1	97
12	2	2	32
12	2	3	21
12	2	4	38
12	2	5	82
12	1	1	87
12	1	2	49
12	1	3	18
12	1	4	53
12	1	5	78
12	5	1	97
12	5	2	32
12	5	3	15
12	5	4	56
12	5	5	71
12	15	1	97
12	15	2	42
12	15	3	29
12	15	4	41
12	15	5	85
12	10	1	85
12	10	2	52
12	10	3	26
12	10	4	44
12	10	5	78
12	7	1	70
12	7	2	37
12	7	3	12
12	7	4	43
12	7	5	92
13	3	1	84
13	3	2	43
13	3	3	17
13	3	4	41
13	3	5	73
13	4	1	90
13	4	2	37
13	4	3	20
13	4	4	50
13	4	5	96
13	8	1	77
13	8	2	58
13	8	3	10
13	8	4	32
13	8	5	80
13	9	1	98
13	9	2	58
13	9	3	29
13	9	4	59
13	9	5	76
13	12	1	96
13	12	2	36
13	12	3	14
13	12	4	54
13	12	5	87
13	1	1	73
13	1	2	30
13	1	3	30
13	1	4	42
13	1	5	100
13	6	1	88
13	6	2	48
13	6	3	27
13	6	4	48
13	6	5	99
13	11	1	92
13	11	2	45
13	11	3	21
13	11	4	37
13	11	5	92
13	2	1	82
13	2	2	46
13	2	3	15
13	2	4	46
13	2	5	77
13	14	1	85
13	14	2	58
13	14	3	18
13	14	4	36
13	14	5	73
13	5	1	89
13	5	2	32
13	5	3	16
13	5	4	51
13	5	5	72
13	10	1	80
13	10	2	41
13	10	3	28
13	10	4	59
13	10	5	92
13	15	1	88
13	15	2	39
13	15	3	25
13	15	4	32
13	15	5	71
13	7	1	77
13	7	2	36
13	7	3	13
13	7	4	31
13	7	5	99
14	2	1	90
14	2	2	38
14	2	3	17
14	2	4	47
14	2	5	73
14	12	1	89
14	12	2	52
14	12	3	16
14	12	4	49
14	12	5	95
14	4	1	84
14	4	2	42
14	4	3	16
14	4	4	46
14	4	5	93
14	13	1	95
14	13	2	48
14	13	3	22
14	13	4	43
14	13	5	93
14	6	1	83
14	6	2	55
14	6	3	29
14	6	4	38
14	6	5	76
14	3	1	89
14	3	2	53
14	3	3	13
14	3	4	48
14	3	5	84
14	11	1	97
14	11	2	34
14	11	3	29
14	11	4	42
14	11	5	87
14	8	1	76
14	8	2	30
14	8	3	10
14	8	4	48
14	8	5	89
14	15	1	95
14	15	2	45
14	15	3	20
14	15	4	41
14	15	5	87
14	9	1	98
14	9	2	30
14	9	3	22
14	9	4	52
14	9	5	71
14	5	1	76
14	5	2	35
14	5	3	19
14	5	4	34
14	5	5	70
14	1	1	80
14	1	2	32
14	1	3	22
14	1	4	42
14	1	5	77
14	10	1	86
14	10	2	59
14	10	3	13
14	10	4	60
14	10	5	80
14	7	1	70
14	7	2	41
14	7	3	30
14	7	4	32
14	7	5	94
15	5	1	82
15	5	2	31
15	5	3	15
15	5	4	31
15	5	5	88
15	7	1	81
15	7	2	37
15	7	3	29
15	7	4	56
15	7	5	79
15	10	1	87
15	10	2	33
15	10	3	29
15	10	4	31
15	10	5	100
15	6	1	88
15	6	2	52
15	6	3	17
15	6	4	44
15	6	5	88
15	11	1	77
15	11	2	51
15	11	3	24
15	11	4	57
15	11	5	93
15	12	1	85
15	12	2	43
15	12	3	10
15	12	4	56
15	12	5	100
15	9	1	92
15	9	2	51
15	9	3	15
15	9	4	35
15	9	5	76
15	8	1	80
15	8	2	50
15	8	3	21
15	8	4	52
15	8	5	84
15	4	1	82
15	4	2	36
15	4	3	22
15	4	4	38
15	4	5	82
15	1	1	88
15	1	2	54
15	1	3	11
15	1	4	46
15	1	5	89
15	14	1	90
15	14	2	35
15	14	3	25
15	14	4	38
15	14	5	83
15	3	1	94
15	3	2	39
15	3	3	13
15	3	4	30
15	3	5	85
15	2	1	84
15	2	2	43
15	2	3	30
15	2	4	32
15	2	5	75
15	13	1	72
15	13	2	40
15	13	3	12
15	13	4	46
15	13	5	72
0	12	1	78
0	12	2	44
0	12	3	27
0	12	4	35
0	12	5	77
0	4	1	82
0	4	2	46
0	4	3	25
0	4	4	45
0	4	5	90
0	6	1	85
0	6	2	35
0	6	3	15
0	6	4	56
0	6	5	76
0	11	1	87
0	11	2	52
0	11	3	16
0	11	4	43
0	11	5	81
0	5	1	71
0	5	2	47
0	5	3	25
0	5	4	35
0	5	5	71
0	15	1	75
0	15	2	56
0	15	3	15
0	15	4	37
0	15	5	99
0	9	1	86
0	9	2	35
0	9	3	18
0	9	4	58
0	9	5	100
0	10	1	74
0	10	2	51
0	10	3	21
0	10	4	53
0	10	5	93
0	8	1	89
0	8	2	45
0	8	3	16
0	8	4	60
0	8	5	99
0	14	1	84
0	14	2	50
0	14	3	25
0	14	4	36
0	14	5	79
0	1	1	92
0	1	2	44
0	1	3	23
0	1	4	52
0	1	5	99
0	3	1	87
0	3	2	53
0	3	3	23
0	3	4	60
0	3	5	92
0	2	1	88
0	2	2	58
0	2	3	11
0	2	4	59
0	2	5	72
0	13	1	91
0	13	2	35
0	13	3	22
0	13	4	50
0	13	5	76
0	7	1	74
0	7	2	56
0	7	3	17
0	7	4	34
0	7	5	76
12	0	1	91
12	0	2	51
12	0	3	24
12	0	4	52
12	0	5	85
4	0	1	73
4	0	2	40
4	0	3	16
4	0	4	46
4	0	5	82
6	0	1	88
6	0	2	56
6	0	3	14
6	0	4	48
6	0	5	99
11	0	1	85
11	0	2	47
11	0	3	27
11	0	4	58
11	0	5	73
5	0	1	82
5	0	2	49
5	0	3	13
5	0	4	33
5	0	5	87
15	0	1	79
15	0	2	56
15	0	3	30
15	0	4	38
15	0	5	74
9	0	1	74
9	0	2	34
9	0	3	30
9	0	4	30
9	0	5	78
10	0	1	78
10	0	2	44
10	0	3	22
10	0	4	56
10	0	5	94
8	0	1	99
8	0	2	57
8	0	3	17
8	0	4	60
8	0	5	92
14	0	1	76
14	0	2	47
14	0	3	11
14	0	4	51
14	0	5	97
1	0	1	76
1	0	2	32
1	0	3	26
1	0	4	57
1	0	5	99
3	0	1	81
3	0	2	58
3	0	3	29
3	0	4	33
3	0	5	74
2	0	1	81
2	0	2	45
2	0	3	20
2	0	4	58
2	0	5	72
13	0	1	74
13	0	2	48
13	0	3	15
13	0	4	33
13	0	5	87
7	0	1	72
7	0	2	46
7	0	3	29
7	0	4	45
7	0	5	90
;
param:	g:=
1	9	1	1	0.542629
1	9	1	2	1.203706
1	9	2	1	0.250135
1	9	2	2	0.292905
1	9	3	1	0.295088
1	9	3	2	0.364835
1	9	4	1	0.279143
1	9	4	2	0.357106
1	9	5	1	0.457136
1	9	5	2	0.902539
1	8	1	1	0.568043
1	8	1	2	1.296180
1	8	2	1	0.275847
1	8	2	2	0.348998
1	8	3	1	0.274382
1	8	3	2	0.338023
1	8	4	1	0.259262
1	8	4	2	0.310848
1	8	5	1	0.576712
1	8	5	2	1.327989
1	11	1	1	0.384103
1	11	1	2	0.660973
1	11	2	1	0.275847
1	11	2	2	0.348998
1	11	3	1	0.456768
1	11	3	2	0.513825
1	11	4	1	0.253223
1	11	4	2	0.298561
1	11	5	1	0.559473
1	11	5	2	1.264864
1	6	1	1	0.471770
1	6	1	2	0.952865
1	6	2	1	0.246504
1	6	2	2	0.287741
1	6	3	1	0.264683
1	6	3	2	0.323750
1	6	4	1	0.246353
1	6	4	2	0.289331
1	6	5	1	0.402749
1	6	5	2	0.720940
1	3	1	1	0.486811
1	3	1	2	1.005161
1	3	2	1	0.264155
1	3	2	2	0.321560
1	3	3	1	0.248870
1	3	3	2	0.295725
1	3	4	1	0.282583
1	3	4	2	0.365713
1	3	5	1	0.366437
1	3	5	2	0.605446
1	4	1	1	0.510132
1	4	1	2	1.087298
1	4	2	1	0.246353
1	4	2	2	0.289331
1	4	3	1	0.287219
1	4	3	2	0.355115
1	4	4	1	0.246131
1	4	4	2	0.288274
1	4	5	1	0.429105
1	4	5	2	0.807797
1	13	1	1	0.510132
1	13	1	2	1.087298
1	13	2	1	0.301833
1	13	2	2	0.416205
1	13	3	1	0.314502
1	13	3	2	0.386980
1	13	4	1	0.282583
1	13	4	2	0.365713
1	13	5	1	0.486811
1	13	5	2	1.005161
1	12	1	1	0.435957
1	12	1	2	0.830744
1	12	2	1	0.266846
1	12	2	2	0.327669
1	12	3	1	0.424417
1	12	3	2	0.487653
1	12	4	1	0.248870
1	12	4	2	0.295725
1	12	5	1	0.366437
1	12	5	2	0.605446
1	5	1	1	0.479240
1	5	1	2	0.978767
1	5	2	1	0.297717
1	5	2	2	0.405114
1	5	3	1	0.248870
1	5	3	2	0.295725
1	5	4	1	0.266846
1	5	4	2	0.327669
1	5	5	1	0.415716
1	5	5	2	0.763383
1	10	1	1	0.510132
1	10	1	2	1.087298
1	10	2	1	0.246187
1	10	2	2	0.287745
1	10	3	1	0.456768
1	10	3	2	0.513825
1	10	4	1	0.247870
1	10	4	2	0.289292
1	10	5	1	0.422358
1	10	5	2	0.785344
1	15	1	1	0.534355
1	15	1	2	1.173866
1	15	2	1	0.310446
1	15	2	2	0.439877
1	15	3	1	0.295088
1	15	3	2	0.364835
1	15	4	1	0.310446
1	15	4	2	0.439877
1	15	5	1	0.449973
1	15	5	2	0.878115
1	7	1	1	0.422358
1	7	1	2	0.785344
1	7	2	1	0.246504
1	7	2	2	0.287741
1	7	3	1	0.248870
1	7	3	2	0.295725
1	7	4	1	0.247702
1	7	4	2	0.293050
1	7	5	1	0.526181
1	7	5	2	1.144518
1	14	1	1	0.568043
1	14	1	2	1.296180
1	14	2	1	0.247870
1	14	2	2	0.289292
1	14	3	1	0.254672
1	14	3	2	0.307099
1	14	4	1	0.259262
1	14	4	2	0.310848
1	14	5	1	0.390210
1	14	5	2	0.680469
1	2	1	1	0.542629
1	2	1	2	1.203706
1	2	2	1	0.275847
1	2	2	2	0.348998
1	2	3	1	0.356456
1	2	3	2	0.428864
1	2	4	1	0.297717
1	2	4	2	0.405114
1	2	5	1	0.518107
1	2	5	2	1.115662
2	14	1	1	0.435957
2	14	1	2	0.830744
2	14	2	1	0.246187
2	14	2	2	0.287745
2	14	3	1	0.304119
2	14	3	2	0.375426
2	14	4	1	0.255055
2	14	4	2	0.302151
2	14	5	1	0.360770
2	14	5	2	0.587924
2	12	1	1	0.494484
2	12	1	2	1.032048
2	12	2	1	0.248870
2	12	2	2	0.295725
2	12	3	1	0.269185
2	12	3	2	0.330552
2	12	4	1	0.266846
2	12	4	2	0.327669
2	12	5	1	0.526181
2	12	5	2	1.144518
2	4	1	1	0.551002
2	4	1	2	1.234039
2	4	2	1	0.289880
2	4	2	2	0.384419
2	4	3	1	0.397708
2	4	3	2	0.465383
2	4	4	1	0.246131
2	4	4	2	0.288274
2	4	5	1	0.568043
2	4	5	2	1.296180
2	13	1	1	0.486811
2	13	1	2	1.005161
2	13	2	1	0.286163
2	13	2	2	0.374817
2	13	3	1	0.287219
2	13	3	2	0.355115
2	13	4	1	0.279143
2	13	4	2	0.357106
2	13	5	1	0.559473
2	13	5	2	1.264864
2	3	1	1	0.384103
2	3	1	2	0.660973
2	3	2	1	0.253223
2	3	2	2	0.298561
2	3	3	1	0.456768
2	3	3	2	0.513825
2	3	4	1	0.297717
2	3	4	2	0.405114
2	3	5	1	0.576712
2	3	5	2	1.327989
2	6	1	1	0.471770
2	6	1	2	0.952865
2	6	2	1	0.246187
2	6	2	2	0.287745
2	6	3	1	0.375359
2	6	3	2	0.446007
2	6	4	1	0.247702
2	6	4	2	0.293050
2	6	5	1	0.449973
2	6	5	2	0.878115
2	8	1	1	0.551002
2	8	1	2	1.234039
2	8	2	1	0.257070
2	8	2	2	0.306247
2	8	3	1	0.340328
2	8	3	2	0.413505
2	8	4	1	0.247702
2	8	4	2	0.293050
2	8	5	1	0.464402
2	8	5	2	0.927456
2	11	1	1	0.390210
2	11	1	2	0.680469
2	11	2	1	0.261626
2	11	2	2	0.315953
2	11	3	1	0.280358
2	11	3	2	0.346196
2	11	4	1	0.250135
2	11	4	2	0.292905
2	11	5	1	0.396426
2	11	5	2	0.700458
2	9	1	1	0.559473
2	9	1	2	1.264864
2	9	2	1	0.286163
2	9	2	2	0.374817
2	9	3	1	0.254672
2	9	3	2	0.307099
2	9	4	1	0.251580
2	9	4	2	0.295478
2	9	5	1	0.372215
2	9	5	2	0.623462
2	15	1	1	0.479240
2	15	1	2	0.978767
2	15	2	1	0.250135
2	15	2	2	0.292905
2	15	3	1	0.375359
2	15	3	2	0.446007
2	15	4	1	0.269695
2	15	4	2	0.334278
2	15	5	1	0.518107
2	15	5	2	1.115662
2	5	1	1	0.551002
2	5	1	2	1.234039
2	5	2	1	0.266846
2	5	2	2	0.327669
2	5	3	1	0.264683
2	5	3	2	0.323750
2	5	4	1	0.272696
2	5	4	2	0.341388
2	5	5	1	0.442913
2	5	5	2	0.854183
2	1	1	1	0.396426
2	1	1	2	0.700458
2	1	2	1	0.247069
2	1	2	2	0.288257
2	1	3	1	0.295088
2	1	3	2	0.364835
2	1	4	1	0.248870
2	1	4	2	0.295725
2	1	5	1	0.559473
2	1	5	2	1.264864
2	10	1	1	0.464402
2	10	1	2	0.927456
2	10	2	1	0.269695
2	10	2	2	0.334278
2	10	3	1	0.326472
2	10	3	2	0.399619
2	10	4	1	0.282583
2	10	4	2	0.365713
2	10	5	1	0.415716
2	10	5	2	0.763383
2	7	1	1	0.449973
2	7	1	2	0.878115
2	7	2	1	0.259262
2	7	2	2	0.310848
2	7	3	1	0.375359
2	7	3	2	0.446007
2	7	4	1	0.246504
2	7	4	2	0.287741
2	7	5	1	0.494484
2	7	5	2	1.032048
3	13	1	1	0.494484
3	13	1	2	1.032048
3	13	2	1	0.251580
3	13	2	2	0.295478
3	13	3	1	0.250401
3	13	3	2	0.298951
3	13	4	1	0.310446
3	13	4	2	0.439877
3	13	5	1	0.390210
3	13	5	2	0.680469
3	8	1	1	0.471770
3	8	1	2	0.952865
3	8	2	1	0.251580
3	8	2	2	0.295478
3	8	3	1	0.250401
3	8	3	2	0.298951
3	8	4	1	0.269695
3	8	4	2	0.334278
3	8	5	1	0.534355
3	8	5	2	1.173866
3	9	1	1	0.457136
3	9	1	2	0.902539
3	9	2	1	0.250135
3	9	2	2	0.292905
3	9	3	1	0.356456
3	9	3	2	0.428864
3	9	4	1	0.247870
3	9	4	2	0.289292
3	9	5	1	0.479240
3	9	5	2	0.978767
3	4	1	1	0.534355
3	4	1	2	1.173866
3	4	2	1	0.282583
3	4	2	2	0.365713
3	4	3	1	0.252324
3	4	3	2	0.302739
3	4	4	1	0.247870
3	4	4	2	0.289292
3	4	5	1	0.494484
3	4	5	2	1.032048
3	1	1	1	0.518107
3	1	1	2	1.115662
3	1	2	1	0.286163
3	1	2	2	0.374817
3	1	3	1	0.260803
3	1	3	2	0.317588
3	1	4	1	0.253223
3	1	4	2	0.298561
3	1	5	1	0.409180
3	1	5	2	0.741915
3	6	1	1	0.559473
3	6	1	2	1.264864
3	6	2	1	0.301833
3	6	2	2	0.416205
3	6	3	1	0.274382
3	6	3	2	0.338023
3	6	4	1	0.301833
3	6	4	2	0.416205
3	6	5	1	0.486811
3	6	5	2	1.005161
3	11	1	1	0.534355
3	11	1	2	1.173866
3	11	2	1	0.261626
3	11	2	2	0.315953
3	11	3	1	0.260803
3	11	3	2	0.317588
3	11	4	1	0.255055
3	11	4	2	0.302151
3	11	5	1	0.568043
3	11	5	2	1.296180
3	12	1	1	0.396426
3	12	1	2	0.700458
3	12	2	1	0.246504
3	12	2	2	0.287741
3	12	3	1	0.287219
3	12	3	2	0.355115
3	12	4	1	0.261626
3	12	4	2	0.315953
3	12	5	1	0.494484
3	12	5	2	1.032048
3	5	1	1	0.471770
3	5	1	2	0.952865
3	5	2	1	0.269695
3	5	2	2	0.334278
3	5	3	1	0.304119
3	5	3	2	0.375426
3	5	4	1	0.255055
3	5	4	2	0.302151
3	5	5	1	0.464402
3	5	5	2	0.927456
3	2	1	1	0.429105
3	2	1	2	0.807797
3	2	2	1	0.246187
3	2	2	2	0.287745
3	2	3	1	0.356456
3	2	3	2	0.428864
3	2	4	1	0.289880
3	2	4	2	0.384419
3	2	5	1	0.366437
3	2	5	2	0.605446
3	14	1	1	0.415716
3	14	1	2	0.763383
3	14	2	1	0.255055
3	14	2	2	0.302151
3	14	3	1	0.252324
3	14	3	2	0.302739
3	14	4	1	0.251580
3	14	4	2	0.295478
3	14	5	1	0.435957
3	14	5	2	0.830744
3	10	1	1	0.429105
3	10	1	2	0.807797
3	10	2	1	0.264155
3	10	2	2	0.321560
3	10	3	1	0.264683
3	10	3	2	0.323750
3	10	4	1	0.293733
3	10	4	2	0.394518
3	10	5	1	0.471770
3	10	5	2	0.952865
3	15	1	1	0.442913
3	15	1	2	0.854183
3	15	2	1	0.248870
3	15	2	2	0.295725
3	15	3	1	0.274382
3	15	3	2	0.338023
3	15	4	1	0.269695
3	15	4	2	0.334278
3	15	5	1	0.442913
3	15	5	2	0.854183
3	7	1	1	0.568043
3	7	1	2	1.296180
3	7	2	1	0.257070
3	7	2	2	0.306247
3	7	3	1	0.250401
3	7	3	2	0.298951
3	7	4	1	0.257070
3	7	4	2	0.306247
3	7	5	1	0.435957
3	7	5	2	0.830744
4	12	1	1	0.576712
4	12	1	2	1.327989
4	12	2	1	0.266846
4	12	2	2	0.327669
4	12	3	1	0.295088
4	12	3	2	0.364835
4	12	4	1	0.246131
4	12	4	2	0.288274
4	12	5	1	0.559473
4	12	5	2	1.264864
4	3	1	1	0.442913
4	3	1	2	0.854183
4	3	2	1	0.248895
4	3	2	2	0.290842
4	3	3	1	0.326472
4	3	3	2	0.399619
4	3	4	1	0.269695
4	3	4	2	0.334278
4	3	5	1	0.372215
4	3	5	2	0.623462
4	8	1	1	0.542629
4	8	1	2	1.203706
4	8	2	1	0.266846
4	8	2	2	0.327669
4	8	3	1	0.260803
4	8	3	2	0.317588
4	8	4	1	0.269695
4	8	4	2	0.334278
4	8	5	1	0.568043
4	8	5	2	1.296180
4	13	1	1	0.471770
4	13	1	2	0.952865
4	13	2	1	0.310446
4	13	2	2	0.439877
4	13	3	1	0.260803
4	13	3	2	0.317588
4	13	4	1	0.253223
4	13	4	2	0.298561
4	13	5	1	0.510132
4	13	5	2	1.087298
4	9	1	1	0.534355
4	9	1	2	1.173866
4	9	2	1	0.246187
4	9	2	2	0.287745
4	9	3	1	0.260803
4	9	3	2	0.317588
4	9	4	1	0.289880
4	9	4	2	0.384419
4	9	5	1	0.457136
4	9	5	2	0.902539
4	6	1	1	0.518107
4	6	1	2	1.115662
4	6	2	1	0.272696
4	6	2	2	0.341388
4	6	3	1	0.326472
4	6	3	2	0.399619
4	6	4	1	0.246131
4	6	4	2	0.288274
4	6	5	1	0.422358
4	6	5	2	0.785344
4	11	1	1	0.518107
4	11	1	2	1.115662
4	11	2	1	0.266846
4	11	2	2	0.327669
4	11	3	1	0.280358
4	11	3	2	0.346196
4	11	4	1	0.272696
4	11	4	2	0.341388
4	11	5	1	0.502258
4	11	5	2	1.059427
4	1	1	1	0.510132
4	1	1	2	1.087298
4	1	2	1	0.246353
4	1	2	2	0.289331
4	1	3	1	0.304119
4	1	3	2	0.375426
4	1	4	1	0.257070
4	1	4	2	0.306247
4	1	5	1	0.390210
4	1	5	2	0.680469
4	14	1	1	0.457136
4	14	1	2	0.902539
4	14	2	1	0.269695
4	14	2	2	0.334278
4	14	3	1	0.250401
4	14	3	2	0.298951
4	14	4	1	0.247870
4	14	4	2	0.289292
4	14	5	1	0.360770
4	14	5	2	0.587924
4	2	1	1	0.494484
4	2	1	2	1.032048
4	2	2	1	0.257070
4	2	2	2	0.306247
4	2	3	1	0.264683
4	2	3	2	0.323750
4	2	4	1	0.246353
4	2	4	2	0.289331
4	2	5	1	0.422358
4	2	5	2	0.785344
4	5	1	1	0.510132
4	5	1	2	1.087298
4	5	2	1	0.246187
4	5	2	2	0.287745
4	5	3	1	0.260803
4	5	3	2	0.317588
4	5	4	1	0.257070
4	5	4	2	0.306247
4	5	5	1	0.568043
4	5	5	2	1.296180
4	10	1	1	0.502258
4	10	1	2	1.059427
4	10	2	1	0.251580
4	10	2	2	0.295478
4	10	3	1	0.340328
4	10	3	2	0.413505
4	10	4	1	0.310446
4	10	4	2	0.439877
4	10	5	1	0.518107
4	10	5	2	1.115662
4	15	1	1	0.534355
4	15	1	2	1.173866
4	15	2	1	0.259262
4	15	2	2	0.310848
4	15	3	1	0.254672
4	15	3	2	0.307099
4	15	4	1	0.248895
4	15	4	2	0.290842
4	15	5	1	0.409180
4	15	5	2	0.741915
4	7	1	1	0.502258
4	7	1	2	1.059427
4	7	2	1	0.269695
4	7	2	2	0.334278
4	7	3	1	0.397708
4	7	3	2	0.465383
4	7	4	1	0.247870
4	7	4	2	0.289292
4	7	5	1	0.442913
4	7	5	2	0.854183
5	10	1	1	0.390210
5	10	1	2	0.680469
5	10	2	1	0.282583
5	10	2	2	0.365713
5	10	3	1	0.252324
5	10	3	2	0.302739
5	10	4	1	0.261626
5	10	4	2	0.315953
5	10	5	1	0.429105
5	10	5	2	0.807797
5	7	1	1	0.422358
5	7	1	2	0.785344
5	7	2	1	0.247702
5	7	2	2	0.293050
5	7	3	1	0.375359
5	7	3	2	0.446007
5	7	4	1	0.257070
5	7	4	2	0.306247
5	7	5	1	0.471770
5	7	5	2	0.952865
5	15	1	1	0.551002
5	15	1	2	1.234039
5	15	2	1	0.253223
5	15	2	2	0.298561
5	15	3	1	0.269185
5	15	3	2	0.330552
5	15	4	1	0.269695
5	15	4	2	0.334278
5	15	5	1	0.479240
5	15	5	2	0.978767
5	6	1	1	0.551002
5	6	1	2	1.234039
5	6	2	1	0.264155
5	6	2	2	0.321560
5	6	3	1	0.375359
5	6	3	2	0.446007
5	6	4	1	0.246870
5	6	4	2	0.290921
5	6	5	1	0.494484
5	6	5	2	1.032048
5	11	1	1	0.442913
5	11	1	2	0.854183
5	11	2	1	0.306076
5	11	2	2	0.427793
5	11	3	1	0.326472
5	11	3	2	0.399619
5	11	4	1	0.279143
5	11	4	2	0.357106
5	11	5	1	0.479240
5	11	5	2	0.978767
5	9	1	1	0.551002
5	9	1	2	1.234039
5	9	2	1	0.272696
5	9	2	2	0.341388
5	9	3	1	0.397708
5	9	3	2	0.465383
5	9	4	1	0.247702
5	9	4	2	0.293050
5	9	5	1	0.486811
5	9	5	2	1.005161
5	8	1	1	0.518107
5	8	1	2	1.115662
5	8	2	1	0.246353
5	8	2	2	0.289331
5	8	3	1	0.269185
5	8	3	2	0.330552
5	8	4	1	0.251580
5	8	4	2	0.295478
5	8	5	1	0.551002
5	8	5	2	1.234039
5	1	1	1	0.360770
5	1	1	2	0.587924
5	1	2	1	0.247870
5	1	2	2	0.289292
5	1	3	1	0.340328
5	1	3	2	0.413505
5	1	4	1	0.246353
5	1	4	2	0.289331
5	1	5	1	0.486811
5	1	5	2	1.005161
5	12	1	1	0.576712
5	12	1	2	1.327989
5	12	2	1	0.266846
5	12	2	2	0.327669
5	12	3	1	0.340328
5	12	3	2	0.413505
5	12	4	1	0.246353
5	12	4	2	0.289331
5	12	5	1	0.494484
5	12	5	2	1.032048
5	4	1	1	0.435957
5	4	1	2	0.830744
5	4	2	1	0.246187
5	4	2	2	0.287745
5	4	3	1	0.314502
5	4	3	2	0.386980
5	4	4	1	0.246870
5	4	4	2	0.290921
5	4	5	1	0.494484
5	4	5	2	1.032048
5	3	1	1	0.479240
5	3	1	2	0.978767
5	3	2	1	0.253223
5	3	2	2	0.298561
5	3	3	1	0.250401
5	3	3	2	0.298951
5	3	4	1	0.279143
5	3	4	2	0.357106
5	3	5	1	0.494484
5	3	5	2	1.032048
5	13	1	1	0.518107
5	13	1	2	1.115662
5	13	2	1	0.250135
5	13	2	2	0.292905
5	13	3	1	0.304119
5	13	3	2	0.375426
5	13	4	1	0.310446
5	13	4	2	0.439877
5	13	5	1	0.486811
5	13	5	2	1.005161
5	14	1	1	0.542629
5	14	1	2	1.203706
5	14	2	1	0.275847
5	14	2	2	0.348998
5	14	3	1	0.375359
5	14	3	2	0.446007
5	14	4	1	0.264155
5	14	4	2	0.321560
5	14	5	1	0.360770
5	14	5	2	0.587924
5	2	1	1	0.396426
5	2	1	2	0.700458
5	2	2	1	0.279143
5	2	2	2	0.357106
5	2	3	1	0.280358
5	2	3	2	0.346196
5	2	4	1	0.257070
5	2	4	2	0.306247
5	2	5	1	0.486811
5	2	5	2	1.005161
6	11	1	1	0.559473
6	11	1	2	1.264864
6	11	2	1	0.261626
6	11	2	2	0.315953
6	11	3	1	0.254672
6	11	3	2	0.307099
6	11	4	1	0.246870
6	11	4	2	0.290921
6	11	5	1	0.471770
6	11	5	2	0.952865
6	9	1	1	0.366437
6	9	1	2	0.605446
6	9	2	1	0.293733
6	9	2	2	0.394518
6	9	3	1	0.340328
6	9	3	2	0.413505
6	9	4	1	0.246870
6	9	4	2	0.290921
6	9	5	1	0.366437
6	9	5	2	0.605446
6	8	1	1	0.384103
6	8	1	2	0.660973
6	8	2	1	0.310446
6	8	2	2	0.439877
6	8	3	1	0.397708
6	8	3	2	0.465383
6	8	4	1	0.248870
6	8	4	2	0.295725
6	8	5	1	0.422358
6	8	5	2	0.785344
6	1	1	1	0.457136
6	1	1	2	0.902539
6	1	2	1	0.255055
6	1	2	2	0.302151
6	1	3	1	0.257483
6	1	3	2	0.312044
6	1	4	1	0.289880
6	1	4	2	0.384419
6	1	5	1	0.551002
6	1	5	2	1.234039
6	4	1	1	0.390210
6	4	1	2	0.680469
6	4	2	1	0.282583
6	4	2	2	0.365713
6	4	3	1	0.456768
6	4	3	2	0.513825
6	4	4	1	0.246353
6	4	4	2	0.289331
6	4	5	1	0.542629
6	4	5	2	1.203706
6	3	1	1	0.384103
6	3	1	2	0.660973
6	3	2	1	0.247702
6	3	2	2	0.293050
6	3	3	1	0.269185
6	3	3	2	0.330552
6	3	4	1	0.286163
6	3	4	2	0.374817
6	3	5	1	0.559473
6	3	5	2	1.264864
6	5	1	1	0.486811
6	5	1	2	1.005161
6	5	2	1	0.246187
6	5	2	2	0.287745
6	5	3	1	0.254672
6	5	3	2	0.307099
6	5	4	1	0.289880
6	5	4	2	0.384419
6	5	5	1	0.479240
6	5	5	2	0.978767
6	12	1	1	0.396426
6	12	1	2	0.700458
6	12	2	1	0.310446
6	12	2	2	0.439877
6	12	3	1	0.397708
6	12	3	2	0.465383
6	12	4	1	0.246353
6	12	4	2	0.289331
6	12	5	1	0.494484
6	12	5	2	1.032048
6	10	1	1	0.435957
6	10	1	2	0.830744
6	10	2	1	0.275847
6	10	2	2	0.348998
6	10	3	1	0.248870
6	10	3	2	0.295725
6	10	4	1	0.275847
6	10	4	2	0.348998
6	10	5	1	0.542629
6	10	5	2	1.203706
6	13	1	1	0.415716
6	13	1	2	0.763383
6	13	2	1	0.266846
6	13	2	2	0.327669
6	13	3	1	0.264683
6	13	3	2	0.323750
6	13	4	1	0.257070
6	13	4	2	0.306247
6	13	5	1	0.378104
6	13	5	2	0.641971
6	15	1	1	0.449973
6	15	1	2	0.878115
6	15	2	1	0.247069
6	15	2	2	0.288257
6	15	3	1	0.375359
6	15	3	2	0.446007
6	15	4	1	0.310446
6	15	4	2	0.439877
6	15	5	1	0.390210
6	15	5	2	0.680469
6	7	1	1	0.366437
6	7	1	2	0.605446
6	7	2	1	0.257070
6	7	2	2	0.306247
6	7	3	1	0.252324
6	7	3	2	0.302739
6	7	4	1	0.293733
6	7	4	2	0.394518
6	7	5	1	0.360770
6	7	5	2	0.587924
6	14	1	1	0.402749
6	14	1	2	0.720940
6	14	2	1	0.289880
6	14	2	2	0.384419
6	14	3	1	0.260803
6	14	3	2	0.317588
6	14	4	1	0.248895
6	14	4	2	0.290842
6	14	5	1	0.486811
6	14	5	2	1.005161
6	2	1	1	0.435957
6	2	1	2	0.830744
6	2	2	1	0.246870
6	2	2	2	0.290921
6	2	3	1	0.257483
6	2	3	2	0.312044
6	2	4	1	0.272696
6	2	4	2	0.341388
6	2	5	1	0.486811
6	2	5	2	1.005161
7	10	1	1	0.435957
7	10	1	2	0.830744
7	10	2	1	0.255055
7	10	2	2	0.302151
7	10	3	1	0.264683
7	10	3	2	0.323750
7	10	4	1	0.279143
7	10	4	2	0.357106
7	10	5	1	0.534355
7	10	5	2	1.173866
7	5	1	1	0.429105
7	5	1	2	0.807797
7	5	2	1	0.306076
7	5	2	2	0.427793
7	5	3	1	0.287219
7	5	3	2	0.355115
7	5	4	1	0.266846
7	5	4	2	0.327669
7	5	5	1	0.422358
7	5	5	2	0.785344
7	15	1	1	0.396426
7	15	1	2	0.700458
7	15	2	1	0.251580
7	15	2	2	0.295478
7	15	3	1	0.250401
7	15	3	2	0.298951
7	15	4	1	0.251580
7	15	4	2	0.295478
7	15	5	1	0.526181
7	15	5	2	1.144518
7	6	1	1	0.372215
7	6	1	2	0.623462
7	6	2	1	0.248870
7	6	2	2	0.295725
7	6	3	1	0.252324
7	6	3	2	0.302739
7	6	4	1	0.246870
7	6	4	2	0.290921
7	6	5	1	0.518107
7	6	5	2	1.115662
7	11	1	1	0.457136
7	11	1	2	0.902539
7	11	2	1	0.248895
7	11	2	2	0.290842
7	11	3	1	0.314502
7	11	3	2	0.386980
7	11	4	1	0.257070
7	11	4	2	0.306247
7	11	5	1	0.360770
7	11	5	2	0.587924
7	9	1	1	0.390210
7	9	1	2	0.680469
7	9	2	1	0.248895
7	9	2	2	0.290842
7	9	3	1	0.340328
7	9	3	2	0.413505
7	9	4	1	0.251580
7	9	4	2	0.295478
7	9	5	1	0.526181
7	9	5	2	1.144518
7	8	1	1	0.449973
7	8	1	2	0.878115
7	8	2	1	0.246870
7	8	2	2	0.290921
7	8	3	1	0.274382
7	8	3	2	0.338023
7	8	4	1	0.301833
7	8	4	2	0.416205
7	8	5	1	0.372215
7	8	5	2	0.623462
7	1	1	1	0.494484
7	1	1	2	1.032048
7	1	2	1	0.264155
7	1	2	2	0.321560
7	1	3	1	0.295088
7	1	3	2	0.364835
7	1	4	1	0.246504
7	1	4	2	0.287741
7	1	5	1	0.422358
7	1	5	2	0.785344
7	4	1	1	0.360770
7	4	1	2	0.587924
7	4	2	1	0.246353
7	4	2	2	0.289331
7	4	3	1	0.260803
7	4	3	2	0.317588
7	4	4	1	0.301833
7	4	4	2	0.416205
7	4	5	1	0.576712
7	4	5	2	1.327989
7	12	1	1	0.442913
7	12	1	2	0.854183
7	12	2	1	0.279143
7	12	2	2	0.357106
7	12	3	1	0.257483
7	12	3	2	0.312044
7	12	4	1	0.253223
7	12	4	2	0.298561
7	12	5	1	0.415716
7	12	5	2	0.763383
7	3	1	1	0.502258
7	3	1	2	1.059427
7	3	2	1	0.310446
7	3	2	2	0.439877
7	3	3	1	0.375359
7	3	3	2	0.446007
7	3	4	1	0.306076
7	3	4	2	0.427793
7	3	5	1	0.559473
7	3	5	2	1.264864
7	13	1	1	0.390210
7	13	1	2	0.680469
7	13	2	1	0.248895
7	13	2	2	0.290842
7	13	3	1	0.248870
7	13	3	2	0.295725
7	13	4	1	0.259262
7	13	4	2	0.310848
7	13	5	1	0.471770
7	13	5	2	0.952865
7	14	1	1	0.518107
7	14	1	2	1.115662
7	14	2	1	0.246870
7	14	2	2	0.290921
7	14	3	1	0.287219
7	14	3	2	0.355115
7	14	4	1	0.289880
7	14	4	2	0.384419
7	14	5	1	0.534355
7	14	5	2	1.173866
7	2	1	1	0.510132
7	2	1	2	1.087298
7	2	2	1	0.261626
7	2	2	2	0.315953
7	2	3	1	0.397708
7	2	3	2	0.465383
7	2	4	1	0.250135
7	2	4	2	0.292905
7	2	5	1	0.518107
7	2	5	2	1.115662
8	9	1	1	0.442913
8	9	1	2	0.854183
8	9	2	1	0.253223
8	9	2	2	0.298561
8	9	3	1	0.295088
8	9	3	2	0.364835
8	9	4	1	0.301833
8	9	4	2	0.416205
8	9	5	1	0.486811
8	9	5	2	1.005161
8	1	1	1	0.378104
8	1	1	2	0.641971
8	1	2	1	0.310446
8	1	2	2	0.439877
8	1	3	1	0.264683
8	1	3	2	0.323750
8	1	4	1	0.310446
8	1	4	2	0.439877
8	1	5	1	0.471770
8	1	5	2	0.952865
8	11	1	1	0.402749
8	11	1	2	0.720940
8	11	2	1	0.286163
8	11	2	2	0.374817
8	11	3	1	0.260803
8	11	3	2	0.317588
8	11	4	1	0.246187
8	11	4	2	0.287745
8	11	5	1	0.429105
8	11	5	2	0.807797
8	6	1	1	0.442913
8	6	1	2	0.854183
8	6	2	1	0.247702
8	6	2	2	0.293050
8	6	3	1	0.287219
8	6	3	2	0.355115
8	6	4	1	0.306076
8	6	4	2	0.427793
8	6	5	1	0.559473
8	6	5	2	1.264864
8	3	1	1	0.559473
8	3	1	2	1.264864
8	3	2	1	0.253223
8	3	2	2	0.298561
8	3	3	1	0.274382
8	3	3	2	0.338023
8	3	4	1	0.264155
8	3	4	2	0.321560
8	3	5	1	0.479240
8	3	5	2	0.978767
8	4	1	1	0.396426
8	4	1	2	0.700458
8	4	2	1	0.255055
8	4	2	2	0.302151
8	4	3	1	0.260803
8	4	3	2	0.317588
8	4	4	1	0.264155
8	4	4	2	0.321560
8	4	5	1	0.551002
8	4	5	2	1.234039
8	13	1	1	0.542629
8	13	1	2	1.203706
8	13	2	1	0.250135
8	13	2	2	0.292905
8	13	3	1	0.287219
8	13	3	2	0.355115
8	13	4	1	0.246187
8	13	4	2	0.287745
8	13	5	1	0.494484
8	13	5	2	1.032048
8	12	1	1	0.422358
8	12	1	2	0.785344
8	12	2	1	0.247870
8	12	2	2	0.289292
8	12	3	1	0.254672
8	12	3	2	0.307099
8	12	4	1	0.301833
8	12	4	2	0.416205
8	12	5	1	0.471770
8	12	5	2	0.952865
8	5	1	1	0.429105
8	5	1	2	0.807797
8	5	2	1	0.253223
8	5	2	2	0.298561
8	5	3	1	0.264683
8	5	3	2	0.323750
8	5	4	1	0.293733
8	5	4	2	0.394518
8	5	5	1	0.415716
8	5	5	2	0.763383
8	10	1	1	0.494484
8	10	1	2	1.032048
8	10	2	1	0.246353
8	10	2	2	0.289331
8	10	3	1	0.252324
8	10	3	2	0.302739
8	10	4	1	0.282583
8	10	4	2	0.365713
8	10	5	1	0.402749
8	10	5	2	0.720940
8	15	1	1	0.542629
8	15	1	2	1.203706
8	15	2	1	0.246131
8	15	2	2	0.288274
8	15	3	1	0.287219
8	15	3	2	0.355115
8	15	4	1	0.257070
8	15	4	2	0.306247
8	15	5	1	0.435957
8	15	5	2	0.830744
8	7	1	1	0.415716
8	7	1	2	0.763383
8	7	2	1	0.257070
8	7	2	2	0.306247
8	7	3	1	0.274382
8	7	3	2	0.338023
8	7	4	1	0.250135
8	7	4	2	0.292905
8	7	5	1	0.442913
8	7	5	2	0.854183
8	14	1	1	0.390210
8	14	1	2	0.680469
8	14	2	1	0.264155
8	14	2	2	0.321560
8	14	3	1	0.326472
8	14	3	2	0.399619
8	14	4	1	0.250135
8	14	4	2	0.292905
8	14	5	1	0.576712
8	14	5	2	1.327989
8	2	1	1	0.415716
8	2	1	2	0.763383
8	2	2	1	0.289880
8	2	2	2	0.384419
8	2	3	1	0.314502
8	2	3	2	0.386980
8	2	4	1	0.246131
8	2	4	2	0.288274
8	2	5	1	0.435957
8	2	5	2	0.830744
9	8	1	1	0.510132
9	8	1	2	1.087298
9	8	2	1	0.301833
9	8	2	2	0.416205
9	8	3	1	0.397708
9	8	3	2	0.465383
9	8	4	1	0.301833
9	8	4	2	0.416205
9	8	5	1	0.409180
9	8	5	2	0.741915
9	1	1	1	0.502258
9	1	1	2	1.059427
9	1	2	1	0.247870
9	1	2	2	0.289292
9	1	3	1	0.397708
9	1	3	2	0.465383
9	1	4	1	0.259262
9	1	4	2	0.310848
9	1	5	1	0.464402
9	1	5	2	0.927456
9	11	1	1	0.384103
9	11	1	2	0.660973
9	11	2	1	0.257070
9	11	2	2	0.306247
9	11	3	1	0.280358
9	11	3	2	0.346196
9	11	4	1	0.264155
9	11	4	2	0.321560
9	11	5	1	0.402749
9	11	5	2	0.720940
9	6	1	1	0.390210
9	6	1	2	0.680469
9	6	2	1	0.247870
9	6	2	2	0.289292
9	6	3	1	0.340328
9	6	3	2	0.413505
9	6	4	1	0.266846
9	6	4	2	0.327669
9	6	5	1	0.384103
9	6	5	2	0.660973
9	3	1	1	0.518107
9	3	1	2	1.115662
9	3	2	1	0.247069
9	3	2	2	0.288257
9	3	3	1	0.260803
9	3	3	2	0.317588
9	3	4	1	0.253223
9	3	4	2	0.298561
9	3	5	1	0.510132
9	3	5	2	1.087298
9	4	1	1	0.559473
9	4	1	2	1.264864
9	4	2	1	0.261626
9	4	2	2	0.315953
9	4	3	1	0.269185
9	4	3	2	0.330552
9	4	4	1	0.253223
9	4	4	2	0.298561
9	4	5	1	0.559473
9	4	5	2	1.264864
9	13	1	1	0.576712
9	13	1	2	1.327989
9	13	2	1	0.246187
9	13	2	2	0.287745
9	13	3	1	0.274382
9	13	3	2	0.338023
9	13	4	1	0.297717
9	13	4	2	0.405114
9	13	5	1	0.396426
9	13	5	2	0.700458
9	12	1	1	0.390210
9	12	1	2	0.680469
9	12	2	1	0.246187
9	12	2	2	0.287745
9	12	3	1	0.397708
9	12	3	2	0.465383
9	12	4	1	0.306076
9	12	4	2	0.427793
9	12	5	1	0.551002
9	12	5	2	1.234039
9	5	1	1	0.526181
9	5	1	2	1.144518
9	5	2	1	0.248895
9	5	2	2	0.290842
9	5	3	1	0.269185
9	5	3	2	0.330552
9	5	4	1	0.289880
9	5	4	2	0.384419
9	5	5	1	0.464402
9	5	5	2	0.927456
9	10	1	1	0.568043
9	10	1	2	1.296180
9	10	2	1	0.255055
9	10	2	2	0.302151
9	10	3	1	0.254672
9	10	3	2	0.307099
9	10	4	1	0.248870
9	10	4	2	0.295725
9	10	5	1	0.486811
9	10	5	2	1.005161
9	15	1	1	0.360770
9	15	1	2	0.587924
9	15	2	1	0.275847
9	15	2	2	0.348998
9	15	3	1	0.304119
9	15	3	2	0.375426
9	15	4	1	0.246187
9	15	4	2	0.287745
9	15	5	1	0.360770
9	15	5	2	0.587924
9	7	1	1	0.429105
9	7	1	2	0.807797
9	7	2	1	0.269695
9	7	2	2	0.334278
9	7	3	1	0.456768
9	7	3	2	0.513825
9	7	4	1	0.269695
9	7	4	2	0.334278
9	7	5	1	0.471770
9	7	5	2	0.952865
9	14	1	1	0.494484
9	14	1	2	1.032048
9	14	2	1	0.253223
9	14	2	2	0.298561
9	14	3	1	0.280358
9	14	3	2	0.346196
9	14	4	1	0.301833
9	14	4	2	0.416205
9	14	5	1	0.568043
9	14	5	2	1.296180
9	2	1	1	0.494484
9	2	1	2	1.032048
9	2	2	1	0.247069
9	2	2	2	0.288257
9	2	3	1	0.375359
9	2	3	2	0.446007
9	2	4	1	0.286163
9	2	4	2	0.374817
9	2	5	1	0.415716
9	2	5	2	0.763383
10	5	1	1	0.510132
10	5	1	2	1.087298
10	5	2	1	0.248870
10	5	2	2	0.295725
10	5	3	1	0.250401
10	5	3	2	0.298951
10	5	4	1	0.247870
10	5	4	2	0.289292
10	5	5	1	0.486811
10	5	5	2	1.005161
10	7	1	1	0.534355
10	7	1	2	1.173866
10	7	2	1	0.297717
10	7	2	2	0.405114
10	7	3	1	0.295088
10	7	3	2	0.364835
10	7	4	1	0.301833
10	7	4	2	0.416205
10	7	5	1	0.486811
10	7	5	2	1.005161
10	15	1	1	0.409180
10	15	1	2	0.741915
10	15	2	1	0.247702
10	15	2	2	0.293050
10	15	3	1	0.304119
10	15	3	2	0.375426
10	15	4	1	0.246504
10	15	4	2	0.287741
10	15	5	1	0.471770
10	15	5	2	0.952865
10	6	1	1	0.442913
10	6	1	2	0.854183
10	6	2	1	0.246870
10	6	2	2	0.290921
10	6	3	1	0.326472
10	6	3	2	0.399619
10	6	4	1	0.248870
10	6	4	2	0.295725
10	6	5	1	0.366437
10	6	5	2	0.605446
10	11	1	1	0.402749
10	11	1	2	0.720940
10	11	2	1	0.247870
10	11	2	2	0.289292
10	11	3	1	0.257483
10	11	3	2	0.312044
10	11	4	1	0.246131
10	11	4	2	0.288274
10	11	5	1	0.534355
10	11	5	2	1.173866
10	9	1	1	0.471770
10	9	1	2	0.952865
10	9	2	1	0.246353
10	9	2	2	0.289331
10	9	3	1	0.257483
10	9	3	2	0.312044
10	9	4	1	0.269695
10	9	4	2	0.334278
10	9	5	1	0.464402
10	9	5	2	0.927456
10	8	1	1	0.479240
10	8	1	2	0.978767
10	8	2	1	0.246353
10	8	2	2	0.289331
10	8	3	1	0.397708
10	8	3	2	0.465383
10	8	4	1	0.293733
10	8	4	2	0.394518
10	8	5	1	0.551002
10	8	5	2	1.234039
10	1	1	1	0.415716
10	1	1	2	0.763383
10	1	2	1	0.275847
10	1	2	2	0.348998
10	1	3	1	0.287219
10	1	3	2	0.355115
10	1	4	1	0.246504
10	1	4	2	0.287741
10	1	5	1	0.534355
10	1	5	2	1.173866
10	12	1	1	0.510132
10	12	1	2	1.087298
10	12	2	1	0.310446
10	12	2	2	0.439877
10	12	3	1	0.397708
10	12	3	2	0.465383
10	12	4	1	0.246187
10	12	4	2	0.287745
10	12	5	1	0.510132
10	12	5	2	1.087298
10	4	1	1	0.502258
10	4	1	2	1.059427
10	4	2	1	0.293733
10	4	2	2	0.394518
10	4	3	1	0.250401
10	4	3	2	0.298951
10	4	4	1	0.248895
10	4	4	2	0.290842
10	4	5	1	0.396426
10	4	5	2	0.700458
10	3	1	1	0.449973
10	3	1	2	0.878115
10	3	2	1	0.248870
10	3	2	2	0.295725
10	3	3	1	0.264683
10	3	3	2	0.323750
10	3	4	1	0.266846
10	3	4	2	0.327669
10	3	5	1	0.510132
10	3	5	2	1.087298
10	13	1	1	0.494484
10	13	1	2	1.032048
10	13	2	1	0.255055
10	13	2	2	0.302151
10	13	3	1	0.257483
10	13	3	2	0.312044
10	13	4	1	0.253223
10	13	4	2	0.298561
10	13	5	1	0.372215
10	13	5	2	0.623462
10	14	1	1	0.542629
10	14	1	2	1.203706
10	14	2	1	0.247702
10	14	2	2	0.293050
10	14	3	1	0.295088
10	14	3	2	0.364835
10	14	4	1	0.246870
10	14	4	2	0.290921
10	14	5	1	0.360770
10	14	5	2	0.587924
10	2	1	1	0.494484
10	2	1	2	1.032048
10	2	2	1	0.259262
10	2	2	2	0.310848
10	2	3	1	0.326472
10	2	3	2	0.399619
10	2	4	1	0.248870
10	2	4	2	0.295725
10	2	5	1	0.464402
10	2	5	2	0.927456
11	6	1	1	0.471770
11	6	1	2	0.952865
11	6	2	1	0.246187
11	6	2	2	0.287745
11	6	3	1	0.314502
11	6	3	2	0.386980
11	6	4	1	0.286163
11	6	4	2	0.374817
11	6	5	1	0.576712
11	6	5	2	1.327989
11	9	1	1	0.479240
11	9	1	2	0.978767
11	9	2	1	0.279143
11	9	2	2	0.357106
11	9	3	1	0.250401
11	9	3	2	0.298951
11	9	4	1	0.286163
11	9	4	2	0.374817
11	9	5	1	0.534355
11	9	5	2	1.173866
11	1	1	1	0.429105
11	1	1	2	0.807797
11	1	2	1	0.266846
11	1	2	2	0.327669
11	1	3	1	0.424417
11	1	3	2	0.487653
11	1	4	1	0.275847
11	1	4	2	0.348998
11	1	5	1	0.559473
11	1	5	2	1.264864
11	8	1	1	0.415716
11	8	1	2	0.763383
11	8	2	1	0.261626
11	8	2	2	0.315953
11	8	3	1	0.304119
11	8	3	2	0.375426
11	8	4	1	0.306076
11	8	4	2	0.427793
11	8	5	1	0.551002
11	8	5	2	1.234039
11	4	1	1	0.402749
11	4	1	2	0.720940
11	4	2	1	0.306076
11	4	2	2	0.427793
11	4	3	1	0.340328
11	4	3	2	0.413505
11	4	4	1	0.275847
11	4	4	2	0.348998
11	4	5	1	0.502258
11	4	5	2	1.059427
11	3	1	1	0.551002
11	3	1	2	1.234039
11	3	2	1	0.251580
11	3	2	2	0.295478
11	3	3	1	0.250401
11	3	3	2	0.298951
11	3	4	1	0.301833
11	3	4	2	0.416205
11	3	5	1	0.402749
11	3	5	2	0.720940
11	12	1	1	0.471770
11	12	1	2	0.952865
11	12	2	1	0.246131
11	12	2	2	0.288274
11	12	3	1	0.257483
11	12	3	2	0.312044
11	12	4	1	0.248870
11	12	4	2	0.295725
11	12	5	1	0.449973
11	12	5	2	0.878115
11	5	1	1	0.568043
11	5	1	2	1.296180
11	5	2	1	0.250135
11	5	2	2	0.292905
11	5	3	1	0.280358
11	5	3	2	0.346196
11	5	4	1	0.261626
11	5	4	2	0.315953
11	5	5	1	0.486811
11	5	5	2	1.005161
11	10	1	1	0.390210
11	10	1	2	0.680469
11	10	2	1	0.269695
11	10	2	2	0.334278
11	10	3	1	0.340328
11	10	3	2	0.413505
11	10	4	1	0.250135
11	10	4	2	0.292905
11	10	5	1	0.390210
11	10	5	2	0.680469
11	13	1	1	0.372215
11	13	1	2	0.623462
11	13	2	1	0.250135
11	13	2	2	0.292905
11	13	3	1	0.456768
11	13	3	2	0.513825
11	13	4	1	0.253223
11	13	4	2	0.298561
11	13	5	1	0.384103
11	13	5	2	0.660973
11	15	1	1	0.464402
11	15	1	2	0.927456
11	15	2	1	0.301833
11	15	2	2	0.416205
11	15	3	1	0.375359
11	15	3	2	0.446007
11	15	4	1	0.275847
11	15	4	2	0.348998
11	15	5	1	0.435957
11	15	5	2	0.830744
11	7	1	1	0.551002
11	7	1	2	1.234039
11	7	2	1	0.293733
11	7	2	2	0.394518
11	7	3	1	0.375359
11	7	3	2	0.446007
11	7	4	1	0.261626
11	7	4	2	0.315953
11	7	5	1	0.429105
11	7	5	2	0.807797
11	14	1	1	0.479240
11	14	1	2	0.978767
11	14	2	1	0.246353
11	14	2	2	0.289331
11	14	3	1	0.254672
11	14	3	2	0.307099
11	14	4	1	0.282583
11	14	4	2	0.365713
11	14	5	1	0.360770
11	14	5	2	0.587924
11	2	1	1	0.576712
11	2	1	2	1.327989
11	2	2	1	0.279143
11	2	2	2	0.357106
11	2	3	1	0.257483
11	2	3	2	0.312044
11	2	4	1	0.282583
11	2	4	2	0.365713
11	2	5	1	0.510132
11	2	5	2	1.087298
12	4	1	1	0.390210
12	4	1	2	0.680469
12	4	2	1	0.255055
12	4	2	2	0.302151
12	4	3	1	0.269185
12	4	3	2	0.330552
12	4	4	1	0.251580
12	4	4	2	0.295478
12	4	5	1	0.457136
12	4	5	2	0.902539
12	3	1	1	0.471770
12	3	1	2	0.952865
12	3	2	1	0.275847
12	3	2	2	0.348998
12	3	3	1	0.424417
12	3	3	2	0.487653
12	3	4	1	0.289880
12	3	4	2	0.384419
12	3	5	1	0.372215
12	3	5	2	0.623462
12	6	1	1	0.384103
12	6	1	2	0.660973
12	6	2	1	0.247702
12	6	2	2	0.293050
12	6	3	1	0.248870
12	6	3	2	0.295725
12	6	4	1	0.246187
12	6	4	2	0.287745
12	6	5	1	0.429105
12	6	5	2	0.807797
12	8	1	1	0.422358
12	8	1	2	0.785344
12	8	2	1	0.259262
12	8	2	2	0.310848
12	8	3	1	0.340328
12	8	3	2	0.413505
12	8	4	1	0.297717
12	8	4	2	0.405114
12	8	5	1	0.568043
12	8	5	2	1.296180
12	13	1	1	0.494484
12	13	1	2	1.032048
12	13	2	1	0.272696
12	13	2	2	0.341388
12	13	3	1	0.340328
12	13	3	2	0.413505
12	13	4	1	0.255055
12	13	4	2	0.302151
12	13	5	1	0.551002
12	13	5	2	1.234039
12	14	1	1	0.486811
12	14	1	2	1.005161
12	14	2	1	0.246131
12	14	2	2	0.288274
12	14	3	1	0.326472
12	14	3	2	0.399619
12	14	4	1	0.246131
12	14	4	2	0.288274
12	14	5	1	0.486811
12	14	5	2	1.005161
12	11	1	1	0.360770
12	11	1	2	0.587924
12	11	2	1	0.264155
12	11	2	2	0.321560
12	11	3	1	0.287219
12	11	3	2	0.355115
12	11	4	1	0.279143
12	11	4	2	0.357106
12	11	5	1	0.576712
12	11	5	2	1.327989
12	9	1	1	0.415716
12	9	1	2	0.763383
12	9	2	1	0.255055
12	9	2	2	0.302151
12	9	3	1	0.280358
12	9	3	2	0.346196
12	9	4	1	0.282583
12	9	4	2	0.365713
12	9	5	1	0.372215
12	9	5	2	0.623462
12	2	1	1	0.551002
12	2	1	2	1.234039
12	2	2	1	0.246870
12	2	2	2	0.290921
12	2	3	1	0.280358
12	2	3	2	0.346196
12	2	4	1	0.247870
12	2	4	2	0.289292
12	2	5	1	0.435957
12	2	5	2	0.830744
12	1	1	1	0.471770
12	1	1	2	0.952865
12	1	2	1	0.269695
12	1	2	2	0.334278
12	1	3	1	0.304119
12	1	3	2	0.375426
12	1	4	1	0.282583
12	1	4	2	0.365713
12	1	5	1	0.409180
12	1	5	2	0.741915
12	5	1	1	0.551002
12	5	1	2	1.234039
12	5	2	1	0.246870
12	5	2	2	0.290921
12	5	3	1	0.340328
12	5	3	2	0.413505
12	5	4	1	0.293733
12	5	4	2	0.394518
12	5	5	1	0.366437
12	5	5	2	0.605446
12	15	1	1	0.551002
12	15	1	2	1.234039
12	15	2	1	0.253223
12	15	2	2	0.298561
12	15	3	1	0.250401
12	15	3	2	0.298951
12	15	4	1	0.251580
12	15	4	2	0.295478
12	15	5	1	0.457136
12	15	5	2	0.902539
12	10	1	1	0.457136
12	10	1	2	0.902539
12	10	2	1	0.279143
12	10	2	2	0.357106
12	10	3	1	0.257483
12	10	3	2	0.312044
12	10	4	1	0.257070
12	10	4	2	0.306247
12	10	5	1	0.409180
12	10	5	2	0.741915
12	7	1	1	0.360770
12	7	1	2	0.587924
12	7	2	1	0.247069
12	7	2	2	0.288257
12	7	3	1	0.397708
12	7	3	2	0.465383
12	7	4	1	0.255055
12	7	4	2	0.302151
12	7	5	1	0.510132
12	7	5	2	1.087298
13	3	1	1	0.449973
13	3	1	2	0.878115
13	3	2	1	0.255055
13	3	2	2	0.302151
13	3	3	1	0.314502
13	3	3	2	0.386980
13	3	4	1	0.251580
13	3	4	2	0.295478
13	3	5	1	0.378104
13	3	5	2	0.641971
13	4	1	1	0.494484
13	4	1	2	1.032048
13	4	2	1	0.247069
13	4	2	2	0.288257
13	4	3	1	0.287219
13	4	3	2	0.355115
13	4	4	1	0.272696
13	4	4	2	0.341388
13	4	5	1	0.542629
13	4	5	2	1.203706
13	8	1	1	0.402749
13	8	1	2	0.720940
13	8	2	1	0.301833
13	8	2	2	0.416205
13	8	3	1	0.456768
13	8	3	2	0.513825
13	8	4	1	0.246870
13	8	4	2	0.290921
13	8	5	1	0.422358
13	8	5	2	0.785344
13	9	1	1	0.559473
13	9	1	2	1.264864
13	9	2	1	0.301833
13	9	2	2	0.416205
13	9	3	1	0.250401
13	9	3	2	0.298951
13	9	4	1	0.306076
13	9	4	2	0.427793
13	9	5	1	0.396426
13	9	5	2	0.700458
13	12	1	1	0.542629
13	12	1	2	1.203706
13	12	2	1	0.246504
13	12	2	2	0.287741
13	12	3	1	0.356456
13	12	3	2	0.428864
13	12	4	1	0.286163
13	12	4	2	0.374817
13	12	5	1	0.471770
13	12	5	2	0.952865
13	1	1	1	0.378104
13	1	1	2	0.641971
13	1	2	1	0.248870
13	1	2	2	0.295725
13	1	3	1	0.248870
13	1	3	2	0.295725
13	1	4	1	0.253223
13	1	4	2	0.298561
13	1	5	1	0.576712
13	1	5	2	1.327989
13	6	1	1	0.479240
13	6	1	2	0.978767
13	6	2	1	0.266846
13	6	2	2	0.327669
13	6	3	1	0.254672
13	6	3	2	0.307099
13	6	4	1	0.266846
13	6	4	2	0.327669
13	6	5	1	0.568043
13	6	5	2	1.296180
13	11	1	1	0.510132
13	11	1	2	1.087298
13	11	2	1	0.259262
13	11	2	2	0.310848
13	11	3	1	0.280358
13	11	3	2	0.346196
13	11	4	1	0.247069
13	11	4	2	0.288257
13	11	5	1	0.510132
13	11	5	2	1.087298
13	2	1	1	0.435957
13	2	1	2	0.830744
13	2	2	1	0.261626
13	2	2	2	0.315953
13	2	3	1	0.340328
13	2	3	2	0.413505
13	2	4	1	0.261626
13	2	4	2	0.315953
13	2	5	1	0.402749
13	2	5	2	0.720940
13	14	1	1	0.457136
13	14	1	2	0.902539
13	14	2	1	0.301833
13	14	2	2	0.416205
13	14	3	1	0.304119
13	14	3	2	0.375426
13	14	4	1	0.246504
13	14	4	2	0.287741
13	14	5	1	0.378104
13	14	5	2	0.641971
13	5	1	1	0.486811
13	5	1	2	1.005161
13	5	2	1	0.246870
13	5	2	2	0.290921
13	5	3	1	0.326472
13	5	3	2	0.399619
13	5	4	1	0.275847
13	5	4	2	0.348998
13	5	5	1	0.372215
13	5	5	2	0.623462
13	10	1	1	0.422358
13	10	1	2	0.785344
13	10	2	1	0.251580
13	10	2	2	0.295478
13	10	3	1	0.252324
13	10	3	2	0.302739
13	10	4	1	0.306076
13	10	4	2	0.427793
13	10	5	1	0.510132
13	10	5	2	1.087298
13	15	1	1	0.479240
13	15	1	2	0.978767
13	15	2	1	0.248895
13	15	2	2	0.290842
13	15	3	1	0.260803
13	15	3	2	0.317588
13	15	4	1	0.246870
13	15	4	2	0.290921
13	15	5	1	0.366437
13	15	5	2	0.605446
13	7	1	1	0.402749
13	7	1	2	0.720940
13	7	2	1	0.246504
13	7	2	2	0.287741
13	7	3	1	0.375359
13	7	3	2	0.446007
13	7	4	1	0.247702
13	7	4	2	0.293050
13	7	5	1	0.568043
13	7	5	2	1.296180
14	2	1	1	0.494484
14	2	1	2	1.032048
14	2	2	1	0.247870
14	2	2	2	0.289292
14	2	3	1	0.314502
14	2	3	2	0.386980
14	2	4	1	0.264155
14	2	4	2	0.321560
14	2	5	1	0.378104
14	2	5	2	0.641971
14	12	1	1	0.486811
14	12	1	2	1.005161
14	12	2	1	0.279143
14	12	2	2	0.357106
14	12	3	1	0.326472
14	12	3	2	0.399619
14	12	4	1	0.269695
14	12	4	2	0.334278
14	12	5	1	0.534355
14	12	5	2	1.173866
14	4	1	1	0.449973
14	4	1	2	0.878115
14	4	2	1	0.253223
14	4	2	2	0.298561
14	4	3	1	0.326472
14	4	3	2	0.399619
14	4	4	1	0.261626
14	4	4	2	0.315953
14	4	5	1	0.518107
14	4	5	2	1.115662
14	13	1	1	0.534355
14	13	1	2	1.173866
14	13	2	1	0.266846
14	13	2	2	0.327669
14	13	3	1	0.274382
14	13	3	2	0.338023
14	13	4	1	0.255055
14	13	4	2	0.302151
14	13	5	1	0.518107
14	13	5	2	1.115662
14	6	1	1	0.442913
14	6	1	2	0.854183
14	6	2	1	0.289880
14	6	2	2	0.384419
14	6	3	1	0.250401
14	6	3	2	0.298951
14	6	4	1	0.247870
14	6	4	2	0.289292
14	6	5	1	0.396426
14	6	5	2	0.700458
14	3	1	1	0.486811
14	3	1	2	1.005161
14	3	2	1	0.282583
14	3	2	2	0.365713
14	3	3	1	0.375359
14	3	3	2	0.446007
14	3	4	1	0.266846
14	3	4	2	0.327669
14	3	5	1	0.449973
14	3	5	2	0.878115
14	11	1	1	0.551002
14	11	1	2	1.234039
14	11	2	1	0.246131
14	11	2	2	0.288274
14	11	3	1	0.250401
14	11	3	2	0.298951
14	11	4	1	0.253223
14	11	4	2	0.298561
14	11	5	1	0.471770
14	11	5	2	0.952865
14	8	1	1	0.396426
14	8	1	2	0.700458
14	8	2	1	0.248870
14	8	2	2	0.295725
14	8	3	1	0.456768
14	8	3	2	0.513825
14	8	4	1	0.266846
14	8	4	2	0.327669
14	8	5	1	0.486811
14	8	5	2	1.005161
14	15	1	1	0.534355
14	15	1	2	1.173866
14	15	2	1	0.259262
14	15	2	2	0.310848
14	15	3	1	0.287219
14	15	3	2	0.355115
14	15	4	1	0.251580
14	15	4	2	0.295478
14	15	5	1	0.471770
14	15	5	2	0.952865
14	9	1	1	0.559473
14	9	1	2	1.264864
14	9	2	1	0.248870
14	9	2	2	0.295725
14	9	3	1	0.274382
14	9	3	2	0.338023
14	9	4	1	0.279143
14	9	4	2	0.357106
14	9	5	1	0.366437
14	9	5	2	0.605446
14	5	1	1	0.396426
14	5	1	2	0.700458
14	5	2	1	0.246187
14	5	2	2	0.287745
14	5	3	1	0.295088
14	5	3	2	0.364835
14	5	4	1	0.246131
14	5	4	2	0.288274
14	5	5	1	0.360770
14	5	5	2	0.587924
14	1	1	1	0.422358
14	1	1	2	0.785344
14	1	2	1	0.246870
14	1	2	2	0.290921
14	1	3	1	0.274382
14	1	3	2	0.338023
14	1	4	1	0.253223
14	1	4	2	0.298561
14	1	5	1	0.402749
14	1	5	2	0.720940
14	10	1	1	0.464402
14	10	1	2	0.927456
14	10	2	1	0.306076
14	10	2	2	0.427793
14	10	3	1	0.375359
14	10	3	2	0.446007
14	10	4	1	0.310446
14	10	4	2	0.439877
14	10	5	1	0.422358
14	10	5	2	0.785344
14	7	1	1	0.360770
14	7	1	2	0.587924
14	7	2	1	0.251580
14	7	2	2	0.295478
14	7	3	1	0.248870
14	7	3	2	0.295725
14	7	4	1	0.246870
14	7	4	2	0.290921
14	7	5	1	0.526181
14	7	5	2	1.144518
15	5	1	1	0.435957
15	5	1	2	0.830744
15	5	2	1	0.247702
15	5	2	2	0.293050
15	5	3	1	0.340328
15	5	3	2	0.413505
15	5	4	1	0.247702
15	5	4	2	0.293050
15	5	5	1	0.479240
15	5	5	2	0.978767
15	7	1	1	0.429105
15	7	1	2	0.807797
15	7	2	1	0.247069
15	7	2	2	0.288257
15	7	3	1	0.250401
15	7	3	2	0.298951
15	7	4	1	0.293733
15	7	4	2	0.394518
15	7	5	1	0.415716
15	7	5	2	0.763383
15	10	1	1	0.471770
15	10	1	2	0.952865
15	10	2	1	0.246353
15	10	2	2	0.289331
15	10	3	1	0.250401
15	10	3	2	0.298951
15	10	4	1	0.247702
15	10	4	2	0.293050
15	10	5	1	0.576712
15	10	5	2	1.327989
15	6	1	1	0.479240
15	6	1	2	0.978767
15	6	2	1	0.279143
15	6	2	2	0.357106
15	6	3	1	0.314502
15	6	3	2	0.386980
15	6	4	1	0.257070
15	6	4	2	0.306247
15	6	5	1	0.479240
15	6	5	2	0.978767
15	11	1	1	0.402749
15	11	1	2	0.720940
15	11	2	1	0.275847
15	11	2	2	0.348998
15	11	3	1	0.264683
15	11	3	2	0.323750
15	11	4	1	0.297717
15	11	4	2	0.405114
15	11	5	1	0.518107
15	11	5	2	1.115662
15	12	1	1	0.457136
15	12	1	2	0.902539
15	12	2	1	0.255055
15	12	2	2	0.302151
15	12	3	1	0.456768
15	12	3	2	0.513825
15	12	4	1	0.293733
15	12	4	2	0.394518
15	12	5	1	0.576712
15	12	5	2	1.327989
15	9	1	1	0.510132
15	9	1	2	1.087298
15	9	2	1	0.275847
15	9	2	2	0.348998
15	9	3	1	0.340328
15	9	3	2	0.413505
15	9	4	1	0.246187
15	9	4	2	0.287745
15	9	5	1	0.396426
15	9	5	2	0.700458
15	8	1	1	0.422358
15	8	1	2	0.785344
15	8	2	1	0.272696
15	8	2	2	0.341388
15	8	3	1	0.280358
15	8	3	2	0.346196
15	8	4	1	0.279143
15	8	4	2	0.357106
15	8	5	1	0.449973
15	8	5	2	0.878115
15	4	1	1	0.435957
15	4	1	2	0.830744
15	4	2	1	0.246504
15	4	2	2	0.287741
15	4	3	1	0.274382
15	4	3	2	0.338023
15	4	4	1	0.247870
15	4	4	2	0.289292
15	4	5	1	0.435957
15	4	5	2	0.830744
15	1	1	1	0.479240
15	1	1	2	0.978767
15	1	2	1	0.286163
15	1	2	2	0.374817
15	1	3	1	0.424417
15	1	3	2	0.487653
15	1	4	1	0.261626
15	1	4	2	0.315953
15	1	5	1	0.486811
15	1	5	2	1.005161
15	14	1	1	0.494484
15	14	1	2	1.032048
15	14	2	1	0.246187
15	14	2	2	0.287745
15	14	3	1	0.260803
15	14	3	2	0.317588
15	14	4	1	0.247870
15	14	4	2	0.289292
15	14	5	1	0.442913
15	14	5	2	0.854183
15	3	1	1	0.526181
15	3	1	2	1.144518
15	3	2	1	0.248895
15	3	2	2	0.290842
15	3	3	1	0.375359
15	3	3	2	0.446007
15	3	4	1	0.248870
15	3	4	2	0.295725
15	3	5	1	0.457136
15	3	5	2	0.902539
15	2	1	1	0.449973
15	2	1	2	0.878115
15	2	2	1	0.255055
15	2	2	2	0.302151
15	2	3	1	0.248870
15	2	3	2	0.295725
15	2	4	1	0.246870
15	2	4	2	0.290921
15	2	5	1	0.390210
15	2	5	2	0.680469
15	13	1	1	0.372215
15	13	1	2	0.623462
15	13	2	1	0.250135
15	13	2	2	0.292905
15	13	3	1	0.397708
15	13	3	2	0.465383
15	13	4	1	0.261626
15	13	4	2	0.315953
15	13	5	1	0.372215
15	13	5	2	0.623462
0	12	1	1	0.409180
0	12	1	2	0.741915
0	12	2	1	0.257070
0	12	2	2	0.306247
0	12	3	1	0.254672
0	12	3	2	0.307099
0	12	4	1	0.246187
0	12	4	2	0.287745
0	12	5	1	0.402749
0	12	5	2	0.720940
0	4	1	1	0.435957
0	4	1	2	0.830744
0	4	2	1	0.261626
0	4	2	2	0.315953
0	4	3	1	0.260803
0	4	3	2	0.317588
0	4	4	1	0.259262
0	4	4	2	0.310848
0	4	5	1	0.494484
0	4	5	2	1.032048
0	6	1	1	0.457136
0	6	1	2	0.902539
0	6	2	1	0.246187
0	6	2	2	0.287745
0	6	3	1	0.340328
0	6	3	2	0.413505
0	6	4	1	0.293733
0	6	4	2	0.394518
0	6	5	1	0.396426
0	6	5	2	0.700458
0	11	1	1	0.471770
0	11	1	2	0.952865
0	11	2	1	0.279143
0	11	2	2	0.357106
0	11	3	1	0.326472
0	11	3	2	0.399619
0	11	4	1	0.255055
0	11	4	2	0.302151
0	11	5	1	0.429105
0	11	5	2	0.807797
0	5	1	1	0.366437
0	5	1	2	0.605446
0	5	2	1	0.264155
0	5	2	2	0.321560
0	5	3	1	0.260803
0	5	3	2	0.317588
0	5	4	1	0.246187
0	5	4	2	0.287745
0	5	5	1	0.366437
0	5	5	2	0.605446
0	15	1	1	0.390210
0	15	1	2	0.680469
0	15	2	1	0.293733
0	15	2	2	0.394518
0	15	3	1	0.340328
0	15	3	2	0.413505
0	15	4	1	0.247069
0	15	4	2	0.288257
0	15	5	1	0.568043
0	15	5	2	1.296180
0	9	1	1	0.464402
0	9	1	2	0.927456
0	9	2	1	0.246187
0	9	2	2	0.287745
0	9	3	1	0.304119
0	9	3	2	0.375426
0	9	4	1	0.301833
0	9	4	2	0.416205
0	9	5	1	0.576712
0	9	5	2	1.327989
0	10	1	1	0.384103
0	10	1	2	0.660973
0	10	2	1	0.275847
0	10	2	2	0.348998
0	10	3	1	0.280358
0	10	3	2	0.346196
0	10	4	1	0.282583
0	10	4	2	0.365713
0	10	5	1	0.518107
0	10	5	2	1.115662
0	8	1	1	0.486811
0	8	1	2	1.005161
0	8	2	1	0.259262
0	8	2	2	0.310848
0	8	3	1	0.326472
0	8	3	2	0.399619
0	8	4	1	0.310446
0	8	4	2	0.439877
0	8	5	1	0.568043
0	8	5	2	1.296180
0	14	1	1	0.449973
0	14	1	2	0.878115
0	14	2	1	0.272696
0	14	2	2	0.341388
0	14	3	1	0.260803
0	14	3	2	0.317588
0	14	4	1	0.246504
0	14	4	2	0.287741
0	14	5	1	0.415716
0	14	5	2	0.763383
0	1	1	1	0.510132
0	1	1	2	1.087298
0	1	2	1	0.257070
0	1	2	2	0.306247
0	1	3	1	0.269185
0	1	3	2	0.330552
0	1	4	1	0.279143
0	1	4	2	0.357106
0	1	5	1	0.568043
0	1	5	2	1.296180
0	3	1	1	0.471770
0	3	1	2	0.952865
0	3	2	1	0.282583
0	3	2	2	0.365713
0	3	3	1	0.269185
0	3	3	2	0.330552
0	3	4	1	0.310446
0	3	4	2	0.439877
0	3	5	1	0.510132
0	3	5	2	1.087298
0	2	1	1	0.479240
0	2	1	2	0.978767
0	2	2	1	0.301833
0	2	2	2	0.416205
0	2	3	1	0.424417
0	2	3	2	0.487653
0	2	4	1	0.306076
0	2	4	2	0.427793
0	2	5	1	0.372215
0	2	5	2	0.623462
0	13	1	1	0.502258
0	13	1	2	1.059427
0	13	2	1	0.246187
0	13	2	2	0.287745
0	13	3	1	0.274382
0	13	3	2	0.338023
0	13	4	1	0.272696
0	13	4	2	0.341388
0	13	5	1	0.396426
0	13	5	2	0.700458
0	7	1	1	0.384103
0	7	1	2	0.660973
0	7	2	1	0.293733
0	7	2	2	0.394518
0	7	3	1	0.314502
0	7	3	2	0.386980
0	7	4	1	0.246131
0	7	4	2	0.288274
0	7	5	1	0.396426
0	7	5	2	0.700458
12	0	1	1	0.502258
12	0	1	2	1.059427
12	0	2	1	0.275847
12	0	2	2	0.348998
12	0	3	1	0.264683
12	0	3	2	0.323750
12	0	4	1	0.279143
12	0	4	2	0.357106
12	0	5	1	0.457136
12	0	5	2	0.902539
4	0	1	1	0.378104
4	0	1	2	0.641971
4	0	2	1	0.250135
4	0	2	2	0.292905
4	0	3	1	0.326472
4	0	3	2	0.399619
4	0	4	1	0.261626
4	0	4	2	0.315953
4	0	5	1	0.435957
4	0	5	2	0.830744
6	0	1	1	0.479240
6	0	1	2	0.978767
6	0	2	1	0.293733
6	0	2	2	0.394518
6	0	3	1	0.356456
6	0	3	2	0.428864
6	0	4	1	0.266846
6	0	4	2	0.327669
6	0	5	1	0.568043
6	0	5	2	1.296180
11	0	1	1	0.457136
11	0	1	2	0.902539
11	0	2	1	0.264155
11	0	2	2	0.321560
11	0	3	1	0.254672
11	0	3	2	0.307099
11	0	4	1	0.301833
11	0	4	2	0.416205
11	0	5	1	0.378104
11	0	5	2	0.641971
5	0	1	1	0.435957
5	0	1	2	0.830744
5	0	2	1	0.269695
5	0	2	2	0.334278
5	0	3	1	0.375359
5	0	3	2	0.446007
5	0	4	1	0.246353
5	0	4	2	0.289331
5	0	5	1	0.471770
5	0	5	2	0.952865
15	0	1	1	0.415716
15	0	1	2	0.763383
15	0	2	1	0.293733
15	0	2	2	0.394518
15	0	3	1	0.248870
15	0	3	2	0.295725
15	0	4	1	0.247870
15	0	4	2	0.289292
15	0	5	1	0.384103
15	0	5	2	0.660973
9	0	1	1	0.384103
9	0	1	2	0.660973
9	0	2	1	0.246131
9	0	2	2	0.288274
9	0	3	1	0.248870
9	0	3	2	0.295725
9	0	4	1	0.248870
9	0	4	2	0.295725
9	0	5	1	0.409180
9	0	5	2	0.741915
10	0	1	1	0.409180
10	0	1	2	0.741915
10	0	2	1	0.257070
10	0	2	2	0.306247
10	0	3	1	0.274382
10	0	3	2	0.338023
10	0	4	1	0.293733
10	0	4	2	0.394518
10	0	5	1	0.526181
10	0	5	2	1.144518
8	0	1	1	0.568043
8	0	1	2	1.296180
8	0	2	1	0.297717
8	0	2	2	0.405114
8	0	3	1	0.314502
8	0	3	2	0.386980
8	0	4	1	0.310446
8	0	4	2	0.439877
8	0	5	1	0.510132
8	0	5	2	1.087298
14	0	1	1	0.396426
14	0	1	2	0.700458
14	0	2	1	0.264155
14	0	2	2	0.321560
14	0	3	1	0.424417
14	0	3	2	0.487653
14	0	4	1	0.275847
14	0	4	2	0.348998
14	0	5	1	0.551002
14	0	5	2	1.234039
1	0	1	1	0.396426
1	0	1	2	0.700458
1	0	2	1	0.246870
1	0	2	2	0.290921
1	0	3	1	0.257483
1	0	3	2	0.312044
1	0	4	1	0.297717
1	0	4	2	0.405114
1	0	5	1	0.568043
1	0	5	2	1.296180
3	0	1	1	0.429105
3	0	1	2	0.807797
3	0	2	1	0.301833
3	0	2	2	0.416205
3	0	3	1	0.250401
3	0	3	2	0.298951
3	0	4	1	0.246353
3	0	4	2	0.289331
3	0	5	1	0.384103
3	0	5	2	0.660973
2	0	1	1	0.429105
2	0	1	2	0.807797
2	0	2	1	0.259262
2	0	2	2	0.310848
2	0	3	1	0.287219
2	0	3	2	0.355115
2	0	4	1	0.301833
2	0	4	2	0.416205
2	0	5	1	0.372215
2	0	5	2	0.623462
13	0	1	1	0.384103
13	0	1	2	0.660973
13	0	2	1	0.266846
13	0	2	2	0.327669
13	0	3	1	0.340328
13	0	3	2	0.413505
13	0	4	1	0.246353
13	0	4	2	0.289331
13	0	5	1	0.471770
13	0	5	2	0.952865
7	0	1	1	0.372215
7	0	1	2	0.623462
7	0	2	1	0.261626
7	0	2	2	0.315953
7	0	3	1	0.250401
7	0	3	2	0.298951
7	0	4	1	0.259262
7	0	4	2	0.310848
7	0	5	1	0.494484
7	0	5	2	1.032048
;
