param:	TIME:	Ts	Te:=
1	0   108
2	108   216
3	216   324
4	324   432
5	432   540
;
param:	NODE:	r	st	WS	WE:=
0	0	0	0	540
1	1290	14	15	340
2	408	5	21	332
3	522	6	76	415
4	702	8	31	343
5	2154	24	39	375
6	1965	22	64	402
7	2055	23	25	375
8	612	7	54	384
9	2469	27	22	369
10	1260	14	83	399
11	2343	26	59	392
12	2040	23	40	394
13	1446	16	66	413
14	1314	15	62	408
15	1125	12	51	384
;
param: VEHICLE:	Ch	Lh	Ph	ch:=
1	10000	150	2.2384e-005	2.66374
2	15000	200	1.79961e-005	2.66374
3	10000	150	2.2384e-005	2.66374
;
param q_real:=3;
param	nth:=14;
param	nth1:=15;
param:	ARC:	D:=
1	15	14.130000
1	3	25.820000
1	10	27.700001
1	6	27.790001
1	2	29.540001
1	5	33.250000
1	12	38.240002
1	7	66.580002
1	14	72.800003
1	13	74.650002
1	8	79.360001
1	11	91.190002
1	9	91.612000
1	4	135.070007
2	10	8.240000
2	15	16.750000
2	3	17.670000
2	1	29.620001
2	6	55.980000
2	5	57.389999
2	12	62.380001
2	7	63.220001
2	14	71.410004
2	13	74.150002
2	8	80.099998
2	11	103.959999
2	9	116.971001
2	4	154.750000
3	2	17.639999
3	15	18.100000
3	10	24.299999
3	1	25.900000
3	6	47.250000
3	5	56.200001
3	12	61.029999
3	7	74.480003
3	14	82.589996
3	13	84.440002
3	8	89.150002
3	11	108.500000
3	9	111.302002
3	4	157.270004
4	11	67.699997
4	9	69.410004
4	12	102.769997
4	5	106.279999
4	8	113.750000
4	13	115.820000
4	6	119.191002
4	14	121.919998
4	7	125.160004
4	1	135.369995
4	15	141.589996
4	10	151.940002
4	2	154.789993
4	3	157.259995
5	12	6.140000
5	6	18.959999
5	1	33.150002
5	15	43.500000
5	10	55.070000
5	3	56.099998
5	2	57.009998
5	9	60.830002
5	11	80.160004
5	7	82.760002
5	13	86.730003
5	8	88.190002
5	14	88.980003
5	4	106.000000
6	5	18.959999
6	12	22.850000
6	1	28.100000
6	15	40.669998
6	3	47.230000
6	10	54.240002
6	2	56.080002
6	9	69.111000
6	7	89.910004
6	14	96.129997
6	13	97.980003
6	11	98.150002
6	8	100.860001
6	4	118.771004
7	14	9.160000
7	13	13.410000
7	8	19.360001
7	10	55.011002
7	15	58.599998
7	11	60.439999
7	2	63.110001
7	1	66.519997
7	3	74.610001
7	5	82.769997
7	12	87.519997
7	6	89.940002
7	4	124.570000
7	9	126.839996
8	13	7.890000
8	14	12.020000
8	7	19.570000
8	11	49.090000
8	10	72.339996
8	15	72.500000
8	1	79.300003
8	2	80.070000
8	5	88.440002
8	3	89.269997
8	12	90.099998
8	6	100.940002
8	4	113.220001
8	9	121.459999
9	12	57.029999
9	5	60.669998
9	6	69.040001
9	4	69.169998
9	11	89.650002
9	1	91.949997
9	15	103.339996
9	3	111.591003
9	10	114.910004
9	2	116.849998
9	13	121.800003
9	8	121.889999
9	14	125.629997
9	7	126.599998
10	2	8.580000
10	15	15.110000
10	3	24.590000
10	1	27.889999
10	6	54.250000
10	5	55.430000
10	7	55.439999
10	12	60.419998
10	14	63.630001
10	13	66.370003
10	8	72.320000
10	11	98.669998
10	9	115.011002
10	4	151.789993
11	8	49.130001
11	13	51.200001
11	14	57.299999
11	7	60.540001
11	4	66.870003
11	12	79.029999
11	5	79.110001
11	9	89.910004
11	15	90.699997
11	1	91.120003
11	6	97.139999
11	10	98.709999
11	2	103.900002
11	3	108.589996
12	5	6.150000
12	6	22.870001
12	1	38.139999
12	15	48.490002
12	9	56.810001
12	10	60.060001
12	3	61.080002
12	2	62.000000
12	11	80.080002
12	7	87.400002
12	13	88.650002
12	8	90.110001
12	14	91.760002
12	4	102.300003
13	14	6.520000
13	8	7.510000
13	7	13.600000
13	11	51.430000
13	10	66.370003
13	15	67.830002
13	2	74.099998
13	1	74.629997
13	3	84.599998
13	5	86.919998
13	12	88.830002
13	6	98.050003
13	4	115.559998
13	9	121.790001
14	13	6.550000
14	7	9.120000
14	8	11.630000
14	11	57.610001
14	10	62.811001
14	15	66.070000
14	2	70.931000
14	1	72.870003
14	3	82.610001
14	5	89.120003
14	12	91.849998
14	6	96.290001
14	4	121.739998
14	9	125.820000
15	1	13.850000
15	10	14.230000
15	2	16.070000
15	3	18.410000
15	6	40.209999
15	5	42.610001
15	12	47.599998
15	7	57.189999
15	14	64.489998
15	13	66.339996
15	8	71.050003
15	11	89.180000
15	9	102.191002
15	4	139.970001
0	11	10.620000
0	8	39.369999
0	13	41.439999
0	14	47.540001
0	7	49.990002
0	5	73.550003
0	12	73.680000
0	4	74.750000
0	15	82.800003
0	1	83.220001
0	10	90.809998
0	6	91.580002
0	9	91.599998
0	2	96.000000
0	3	99.300003
11	0	10.750000
8	0	39.320000
13	0	41.660000
14	0	47.840000
7	0	50.009998
5	0	73.559998
12	0	74.010002
4	0	75.370003
15	0	81.339996
1	0	83.349998
10	0	90.830002
6	0	91.550003
9	0	91.650002
2	0	96.120003
3	0	99.300003
;
param:	v:=
1	15	1	89
1	15	2	38
1	15	3	22
1	15	4	36
1	15	5	96
1	3	1	72
1	3	2	31
1	3	3	20
1	3	4	57
1	3	5	72
1	10	1	88
1	10	2	43
1	10	3	21
1	10	4	38
1	10	5	99
1	6	1	96
1	6	2	41
1	6	3	14
1	6	4	51
1	6	5	74
1	2	1	78
1	2	2	43
1	2	3	27
1	2	4	59
1	2	5	87
1	5	1	74
1	5	2	59
1	5	3	11
1	5	4	55
1	5	5	95
1	12	1	78
1	12	2	35
1	12	3	29
1	12	4	30
1	12	5	73
1	7	1	91
1	7	2	54
1	7	3	20
1	7	4	43
1	7	5	92
1	14	1	70
1	14	2	33
1	14	3	21
1	14	4	57
1	14	5	84
1	13	1	74
1	13	2	57
1	13	3	22
1	13	4	37
1	13	5	84
1	8	1	70
1	8	2	34
1	8	3	23
1	8	4	36
1	8	5	77
1	11	1	70
1	11	2	54
1	11	3	16
1	11	4	47
1	11	5	73
1	9	1	70
1	9	2	60
1	9	3	20
1	9	4	37
1	9	5	80
1	4	1	92
1	4	2	47
1	4	3	27
1	4	4	48
1	4	5	93
2	10	1	100
2	10	2	45
2	10	3	29
2	10	4	39
2	10	5	87
2	15	1	76
2	15	2	57
2	15	3	10
2	15	4	34
2	15	5	86
2	3	1	91
2	3	2	55
2	3	3	29
2	3	4	47
2	3	5	70
2	1	1	97
2	1	2	38
2	1	3	19
2	1	4	39
2	1	5	90
2	6	1	87
2	6	2	37
2	6	3	23
2	6	4	37
2	6	5	76
2	5	1	96
2	5	2	38
2	5	3	22
2	5	4	60
2	5	5	91
2	12	1	80
2	12	2	53
2	12	3	18
2	12	4	54
2	12	5	72
2	7	1	75
2	7	2	52
2	7	3	26
2	7	4	55
2	7	5	93
2	14	1	77
2	14	2	41
2	14	3	13
2	14	4	36
2	14	5	74
2	13	1	70
2	13	2	40
2	13	3	24
2	13	4	31
2	13	5	72
2	8	1	71
2	8	2	57
2	8	3	30
2	8	4	36
2	8	5	91
2	11	1	92
2	11	2	51
2	11	3	19
2	11	4	44
2	11	5	91
2	9	1	72
2	9	2	34
2	9	3	10
2	9	4	47
2	9	5	96
2	4	1	73
2	4	2	30
2	4	3	26
2	4	4	46
2	4	5	73
3	2	1	92
3	2	2	48
3	2	3	17
3	2	4	39
3	2	5	100
3	15	1	76
3	15	2	41
3	15	3	11
3	15	4	60
3	15	5	72
3	10	1	100
3	10	2	47
3	10	3	20
3	10	4	32
3	10	5	71
3	1	1	90
3	1	2	55
3	1	3	18
3	1	4	48
3	1	5	88
3	6	1	75
3	6	2	32
3	6	3	20
3	6	4	41
3	6	5	78
3	5	1	99
3	5	2	57
3	5	3	26
3	5	4	35
3	5	5	93
3	12	1	78
3	12	2	51
3	12	3	17
3	12	4	43
3	12	5	79
3	7	1	88
3	7	2	50
3	7	3	21
3	7	4	37
3	7	5	95
3	14	1	74
3	14	2	42
3	14	3	10
3	14	4	42
3	14	5	93
3	13	1	95
3	13	2	31
3	13	3	30
3	13	4	38
3	13	5	85
3	8	1	82
3	8	2	32
3	8	3	27
3	8	4	47
3	8	5	70
3	11	1	75
3	11	2	54
3	11	3	30
3	11	4	32
3	11	5	77
3	9	1	94
3	9	2	45
3	9	3	24
3	9	4	46
3	9	5	90
3	4	1	79
3	4	2	43
3	4	3	14
3	4	4	44
3	4	5	80
4	11	1	74
4	11	2	30
4	11	3	16
4	11	4	56
4	11	5	70
4	9	1	99
4	9	2	48
4	9	3	26
4	9	4	38
4	9	5	93
4	12	1	79
4	12	2	42
4	12	3	18
4	12	4	38
4	12	5	98
4	5	1	89
4	5	2	55
4	5	3	16
4	5	4	35
4	5	5	83
4	8	1	77
4	8	2	37
4	8	3	20
4	8	4	56
4	8	5	92
4	13	1	90
4	13	2	35
4	13	3	17
4	13	4	32
4	13	5	91
4	6	1	78
4	6	2	44
4	6	3	27
4	6	4	52
4	6	5	73
4	14	1	80
4	14	2	35
4	14	3	17
4	14	4	35
4	14	5	97
4	7	1	86
4	7	2	49
4	7	3	11
4	7	4	42
4	7	5	81
4	1	1	74
4	1	2	43
4	1	3	11
4	1	4	46
4	1	5	96
4	15	1	87
4	15	2	54
4	15	3	17
4	15	4	45
4	15	5	93
4	10	1	77
4	10	2	52
4	10	3	18
4	10	4	54
4	10	5	92
4	2	1	90
4	2	2	55
4	2	3	13
4	2	4	52
4	2	5	99
4	3	1	100
4	3	2	53
4	3	3	14
4	3	4	55
4	3	5	77
5	12	1	89
5	12	2	55
5	12	3	17
5	12	4	36
5	12	5	97
5	6	1	79
5	6	2	51
5	6	3	18
5	6	4	60
5	6	5	71
5	1	1	81
5	1	2	58
5	1	3	25
5	1	4	38
5	1	5	84
5	15	1	89
5	15	2	43
5	15	3	15
5	15	4	38
5	15	5	88
5	10	1	76
5	10	2	43
5	10	3	25
5	10	4	41
5	10	5	96
5	3	1	85
5	3	2	47
5	3	3	14
5	3	4	44
5	3	5	78
5	2	1	88
5	2	2	41
5	2	3	29
5	2	4	54
5	2	5	91
5	9	1	90
5	9	2	44
5	9	3	30
5	9	4	30
5	9	5	78
5	11	1	97
5	11	2	52
5	11	3	29
5	11	4	59
5	11	5	85
5	7	1	76
5	7	2	32
5	7	3	23
5	7	4	59
5	7	5	92
5	13	1	99
5	13	2	31
5	13	3	21
5	13	4	40
5	13	5	93
5	8	1	88
5	8	2	33
5	8	3	16
5	8	4	46
5	8	5	84
5	14	1	81
5	14	2	46
5	14	3	22
5	14	4	31
5	14	5	81
5	4	1	77
5	4	2	42
5	4	3	18
5	4	4	43
5	4	5	88
6	5	1	76
6	5	2	33
6	5	3	22
6	5	4	53
6	5	5	94
6	12	1	75
6	12	2	33
6	12	3	19
6	12	4	33
6	12	5	72
6	1	1	84
6	1	2	42
6	1	3	12
6	1	4	56
6	1	5	70
6	15	1	92
6	15	2	56
6	15	3	30
6	15	4	59
6	15	5	73
6	3	1	84
6	3	2	35
6	3	3	20
6	3	4	43
6	3	5	91
6	10	1	80
6	10	2	58
6	10	3	15
6	10	4	34
6	10	5	80
6	2	1	71
6	2	2	57
6	2	3	16
6	2	4	43
6	2	5	82
6	9	1	83
6	9	2	41
6	9	3	15
6	9	4	31
6	9	5	80
6	7	1	73
6	7	2	56
6	7	3	15
6	7	4	59
6	7	5	81
6	14	1	96
6	14	2	31
6	14	3	26
6	14	4	37
6	14	5	92
6	13	1	96
6	13	2	41
6	13	3	24
6	13	4	60
6	13	5	85
6	11	1	73
6	11	2	33
6	11	3	10
6	11	4	41
6	11	5	91
6	8	1	86
6	8	2	34
6	8	3	20
6	8	4	34
6	8	5	91
6	4	1	80
6	4	2	36
6	4	3	16
6	4	4	46
6	4	5	92
7	14	1	78
7	14	2	32
7	14	3	11
7	14	4	49
7	14	5	98
7	13	1	98
7	13	2	53
7	13	3	19
7	13	4	33
7	13	5	76
7	8	1	77
7	8	2	47
7	8	3	21
7	8	4	36
7	8	5	93
7	10	1	78
7	10	2	31
7	10	3	21
7	10	4	42
7	10	5	85
7	15	1	98
7	15	2	33
7	15	3	17
7	15	4	57
7	15	5	87
7	11	1	78
7	11	2	53
7	11	3	21
7	11	4	55
7	11	5	80
7	2	1	77
7	2	2	58
7	2	3	21
7	2	4	44
7	2	5	92
7	1	1	76
7	1	2	39
7	1	3	30
7	1	4	44
7	1	5	84
7	3	1	95
7	3	2	59
7	3	3	14
7	3	4	54
7	3	5	72
7	5	1	71
7	5	2	54
7	5	3	14
7	5	4	50
7	5	5	84
7	12	1	99
7	12	2	43
7	12	3	30
7	12	4	31
7	12	5	71
7	6	1	89
7	6	2	59
7	6	3	10
7	6	4	34
7	6	5	82
7	4	1	99
7	4	2	41
7	4	3	21
7	4	4	45
7	4	5	75
7	9	1	94
7	9	2	59
7	9	3	16
7	9	4	52
7	9	5	90
8	13	1	90
8	13	2	51
8	13	3	19
8	13	4	46
8	13	5	83
8	14	1	81
8	14	2	42
8	14	3	12
8	14	4	38
8	14	5	86
8	7	1	91
8	7	2	35
8	7	3	16
8	7	4	38
8	7	5	70
8	11	1	99
8	11	2	48
8	11	3	13
8	11	4	34
8	11	5	70
8	10	1	79
8	10	2	35
8	10	3	22
8	10	4	54
8	10	5	74
8	15	1	98
8	15	2	44
8	15	3	26
8	15	4	35
8	15	5	73
8	1	1	99
8	1	2	46
8	1	3	21
8	1	4	51
8	1	5	77
8	2	1	84
8	2	2	50
8	2	3	20
8	2	4	42
8	2	5	84
8	5	1	77
8	5	2	55
8	5	3	17
8	5	4	48
8	5	5	91
8	3	1	75
8	3	2	34
8	3	3	16
8	3	4	37
8	3	5	83
8	12	1	97
8	12	2	47
8	12	3	13
8	12	4	41
8	12	5	84
8	6	1	94
8	6	2	49
8	6	3	13
8	6	4	51
8	6	5	75
8	4	1	95
8	4	2	60
8	4	3	18
8	4	4	31
8	4	5	80
8	9	1	73
8	9	2	43
8	9	3	22
8	9	4	57
8	9	5	76
9	12	1	91
9	12	2	50
9	12	3	29
9	12	4	35
9	12	5	71
9	5	1	97
9	5	2	60
9	5	3	24
9	5	4	39
9	5	5	96
9	6	1	81
9	6	2	51
9	6	3	29
9	6	4	47
9	6	5	74
9	4	1	99
9	4	2	42
9	4	3	17
9	4	4	40
9	4	5	92
9	11	1	83
9	11	2	46
9	11	3	30
9	11	4	58
9	11	5	84
9	1	1	91
9	1	2	49
9	1	3	23
9	1	4	30
9	1	5	75
9	15	1	76
9	15	2	34
9	15	3	12
9	15	4	56
9	15	5	87
9	3	1	78
9	3	2	34
9	3	3	25
9	3	4	45
9	3	5	90
9	10	1	100
9	10	2	51
9	10	3	30
9	10	4	42
9	10	5	71
9	2	1	99
9	2	2	57
9	2	3	25
9	2	4	50
9	2	5	97
9	13	1	83
9	13	2	54
9	13	3	24
9	13	4	45
9	13	5	91
9	8	1	95
9	8	2	55
9	8	3	27
9	8	4	56
9	8	5	76
9	14	1	94
9	14	2	57
9	14	3	18
9	14	4	46
9	14	5	99
9	7	1	88
9	7	2	34
9	7	3	28
9	7	4	53
9	7	5	91
10	2	1	75
10	2	2	40
10	2	3	27
10	2	4	31
10	2	5	74
10	15	1	98
10	15	2	49
10	15	3	23
10	15	4	39
10	15	5	93
10	3	1	72
10	3	2	49
10	3	3	15
10	3	4	46
10	3	5	88
10	1	1	78
10	1	2	54
10	1	3	15
10	1	4	37
10	1	5	79
10	6	1	73
10	6	2	33
10	6	3	18
10	6	4	40
10	6	5	85
10	5	1	94
10	5	2	52
10	5	3	21
10	5	4	50
10	5	5	72
10	7	1	84
10	7	2	53
10	7	3	26
10	7	4	32
10	7	5	97
10	12	1	91
10	12	2	42
10	12	3	28
10	12	4	48
10	12	5	71
10	14	1	97
10	14	2	42
10	14	3	29
10	14	4	59
10	14	5	72
10	13	1	89
10	13	2	58
10	13	3	13
10	13	4	54
10	13	5	85
10	8	1	72
10	8	2	35
10	8	3	26
10	8	4	42
10	8	5	93
10	11	1	83
10	11	2	38
10	11	3	13
10	11	4	44
10	11	5	88
10	9	1	72
10	9	2	37
10	9	3	26
10	9	4	35
10	9	5	94
10	4	1	84
10	4	2	41
10	4	3	16
10	4	4	36
10	4	5	85
11	8	1	97
11	8	2	38
11	8	3	19
11	8	4	38
11	8	5	100
11	13	1	92
11	13	2	44
11	13	3	10
11	13	4	59
11	13	5	81
11	14	1	84
11	14	2	41
11	14	3	20
11	14	4	55
11	14	5	87
11	7	1	84
11	7	2	55
11	7	3	10
11	7	4	44
11	7	5	75
11	4	1	77
11	4	2	52
11	4	3	30
11	4	4	57
11	4	5	81
11	12	1	78
11	12	2	60
11	12	3	13
11	12	4	40
11	12	5	92
11	5	1	76
11	5	2	36
11	5	3	14
11	5	4	59
11	5	5	84
11	9	1	70
11	9	2	34
11	9	3	26
11	9	4	50
11	9	5	86
11	15	1	75
11	15	2	51
11	15	3	13
11	15	4	32
11	15	5	89
11	1	1	89
11	1	2	45
11	1	3	15
11	1	4	54
11	1	5	95
11	6	1	100
11	6	2	46
11	6	3	21
11	6	4	42
11	6	5	100
11	10	1	75
11	10	2	58
11	10	3	15
11	10	4	53
11	10	5	96
11	2	1	89
11	2	2	33
11	2	3	14
11	2	4	50
11	2	5	80
11	3	1	77
11	3	2	54
11	3	3	10
11	3	4	56
11	3	5	89
12	5	1	74
12	5	2	51
12	5	3	26
12	5	4	54
12	5	5	70
12	6	1	82
12	6	2	56
12	6	3	18
12	6	4	39
12	6	5	91
12	1	1	78
12	1	2	43
12	1	3	13
12	1	4	43
12	1	5	70
12	15	1	73
12	15	2	44
12	15	3	12
12	15	4	55
12	15	5	85
12	9	1	80
12	9	2	45
12	9	3	17
12	9	4	41
12	9	5	74
12	10	1	99
12	10	2	60
12	10	3	30
12	10	4	36
12	10	5	76
12	3	1	90
12	3	2	37
12	3	3	30
12	3	4	48
12	3	5	92
12	2	1	82
12	2	2	41
12	2	3	17
12	2	4	52
12	2	5	78
12	11	1	88
12	11	2	59
12	11	3	17
12	11	4	59
12	11	5	98
12	7	1	91
12	7	2	35
12	7	3	11
12	7	4	54
12	7	5	74
12	13	1	95
12	13	2	45
12	13	3	12
12	13	4	54
12	13	5	89
12	8	1	83
12	8	2	60
12	8	3	22
12	8	4	58
12	8	5	77
12	14	1	89
12	14	2	39
12	14	3	14
12	14	4	39
12	14	5	77
12	4	1	76
12	4	2	55
12	4	3	30
12	4	4	44
12	4	5	77
13	14	1	95
13	14	2	49
13	14	3	27
13	14	4	40
13	14	5	76
13	8	1	78
13	8	2	52
13	8	3	29
13	8	4	44
13	8	5	85
13	7	1	89
13	7	2	58
13	7	3	19
13	7	4	31
13	7	5	90
13	11	1	95
13	11	2	43
13	11	3	14
13	11	4	45
13	11	5	92
13	10	1	98
13	10	2	38
13	10	3	10
13	10	4	39
13	10	5	100
13	15	1	99
13	15	2	31
13	15	3	25
13	15	4	60
13	15	5	96
13	2	1	89
13	2	2	35
13	2	3	13
13	2	4	54
13	2	5	78
13	1	1	89
13	1	2	56
13	1	3	27
13	1	4	35
13	1	5	80
13	3	1	70
13	3	2	52
13	3	3	23
13	3	4	47
13	3	5	91
13	5	1	99
13	5	2	54
13	5	3	26
13	5	4	46
13	5	5	86
13	12	1	92
13	12	2	51
13	12	3	18
13	12	4	48
13	12	5	74
13	6	1	86
13	6	2	41
13	6	3	12
13	6	4	39
13	6	5	73
13	4	1	77
13	4	2	59
13	4	3	23
13	4	4	45
13	4	5	86
13	9	1	92
13	9	2	30
13	9	3	24
13	9	4	57
13	9	5	80
14	13	1	100
14	13	2	41
14	13	3	30
14	13	4	51
14	13	5	79
14	7	1	71
14	7	2	39
14	7	3	23
14	7	4	38
14	7	5	76
14	8	1	83
14	8	2	52
14	8	3	11
14	8	4	39
14	8	5	90
14	11	1	82
14	11	2	53
14	11	3	13
14	11	4	40
14	11	5	72
14	10	1	93
14	10	2	31
14	10	3	27
14	10	4	45
14	10	5	95
14	15	1	98
14	15	2	43
14	15	3	22
14	15	4	42
14	15	5	96
14	2	1	83
14	2	2	45
14	2	3	29
14	2	4	33
14	2	5	92
14	1	1	88
14	1	2	47
14	1	3	11
14	1	4	52
14	1	5	97
14	3	1	97
14	3	2	45
14	3	3	21
14	3	4	45
14	3	5	99
14	5	1	79
14	5	2	33
14	5	3	10
14	5	4	53
14	5	5	85
14	12	1	91
14	12	2	34
14	12	3	23
14	12	4	57
14	12	5	80
14	6	1	82
14	6	2	53
14	6	3	26
14	6	4	43
14	6	5	92
14	4	1	96
14	4	2	59
14	4	3	29
14	4	4	56
14	4	5	94
14	9	1	80
14	9	2	42
14	9	3	16
14	9	4	42
14	9	5	83
15	1	1	80
15	1	2	58
15	1	3	13
15	1	4	55
15	1	5	82
15	10	1	94
15	10	2	41
15	10	3	24
15	10	4	41
15	10	5	95
15	2	1	82
15	2	2	32
15	2	3	24
15	2	4	52
15	2	5	80
15	3	1	99
15	3	2	36
15	3	3	29
15	3	4	52
15	3	5	95
15	6	1	95
15	6	2	37
15	6	3	26
15	6	4	32
15	6	5	71
15	5	1	92
15	5	2	42
15	5	3	15
15	5	4	46
15	5	5	100
15	12	1	73
15	12	2	60
15	12	3	30
15	12	4	51
15	12	5	74
15	7	1	79
15	7	2	43
15	7	3	28
15	7	4	47
15	7	5	80
15	14	1	98
15	14	2	56
15	14	3	13
15	14	4	57
15	14	5	70
15	13	1	77
15	13	2	52
15	13	3	19
15	13	4	53
15	13	5	76
15	8	1	89
15	8	2	51
15	8	3	24
15	8	4	53
15	8	5	99
15	11	1	80
15	11	2	60
15	11	3	10
15	11	4	37
15	11	5	86
15	9	1	79
15	9	2	36
15	9	3	29
15	9	4	51
15	9	5	89
15	4	1	78
15	4	2	37
15	4	3	15
15	4	4	42
15	4	5	73
0	11	1	84
0	11	2	31
0	11	3	10
0	11	4	36
0	11	5	88
0	8	1	84
0	8	2	33
0	8	3	24
0	8	4	40
0	8	5	86
0	13	1	78
0	13	2	49
0	13	3	20
0	13	4	57
0	13	5	91
0	14	1	71
0	14	2	33
0	14	3	21
0	14	4	43
0	14	5	74
0	7	1	88
0	7	2	51
0	7	3	30
0	7	4	37
0	7	5	82
0	5	1	80
0	5	2	56
0	5	3	26
0	5	4	48
0	5	5	91
0	12	1	77
0	12	2	59
0	12	3	16
0	12	4	32
0	12	5	75
0	4	1	82
0	4	2	46
0	4	3	23
0	4	4	35
0	4	5	97
0	15	1	70
0	15	2	32
0	15	3	12
0	15	4	51
0	15	5	76
0	1	1	80
0	1	2	49
0	1	3	21
0	1	4	51
0	1	5	78
0	10	1	71
0	10	2	60
0	10	3	25
0	10	4	44
0	10	5	71
0	6	1	76
0	6	2	40
0	6	3	22
0	6	4	50
0	6	5	97
0	9	1	71
0	9	2	52
0	9	3	30
0	9	4	49
0	9	5	77
0	2	1	86
0	2	2	36
0	2	3	24
0	2	4	46
0	2	5	92
0	3	1	74
0	3	2	52
0	3	3	16
0	3	4	37
0	3	5	86
11	0	1	94
11	0	2	35
11	0	3	30
11	0	4	56
11	0	5	94
8	0	1	78
8	0	2	36
8	0	3	22
8	0	4	40
8	0	5	89
13	0	1	81
13	0	2	48
13	0	3	17
13	0	4	45
13	0	5	91
14	0	1	81
14	0	2	33
14	0	3	26
14	0	4	31
14	0	5	73
7	0	1	92
7	0	2	47
7	0	3	10
7	0	4	53
7	0	5	74
5	0	1	99
5	0	2	44
5	0	3	22
5	0	4	37
5	0	5	86
12	0	1	79
12	0	2	43
12	0	3	17
12	0	4	57
12	0	5	94
4	0	1	91
4	0	2	60
4	0	3	24
4	0	4	58
4	0	5	79
15	0	1	95
15	0	2	30
15	0	3	17
15	0	4	51
15	0	5	96
1	0	1	92
1	0	2	42
1	0	3	13
1	0	4	56
1	0	5	95
10	0	1	100
10	0	2	45
10	0	3	14
10	0	4	48
10	0	5	87
6	0	1	79
6	0	2	46
6	0	3	14
6	0	4	33
6	0	5	90
9	0	1	85
9	0	2	59
9	0	3	23
9	0	4	58
9	0	5	73
2	0	1	81
2	0	2	42
2	0	3	22
2	0	4	37
2	0	5	82
3	0	1	84
3	0	2	55
3	0	3	17
3	0	4	47
3	0	5	100
;
param:	g:=
1	15	1	1	0.486811
1	15	1	2	1.005161
1	15	2	1	0.247870
1	15	2	2	0.289292
1	15	3	1	0.274382
1	15	3	2	0.338023
1	15	4	1	0.246504
1	15	4	2	0.287741
1	15	5	1	0.542629
1	15	5	2	1.203706
1	3	1	1	0.372215
1	3	1	2	0.623462
1	3	2	1	0.247702
1	3	2	2	0.293050
1	3	3	1	0.287219
1	3	3	2	0.355115
1	3	4	1	0.297717
1	3	4	2	0.405114
1	3	5	1	0.372215
1	3	5	2	0.623462
1	10	1	1	0.479240
1	10	1	2	0.978767
1	10	2	1	0.255055
1	10	2	2	0.302151
1	10	3	1	0.280358
1	10	3	2	0.346196
1	10	4	1	0.247870
1	10	4	2	0.289292
1	10	5	1	0.568043
1	10	5	2	1.296180
1	6	1	1	0.542629
1	6	1	2	1.203706
1	6	2	1	0.251580
1	6	2	2	0.295478
1	6	3	1	0.356456
1	6	3	2	0.428864
1	6	4	1	0.275847
1	6	4	2	0.348998
1	6	5	1	0.384103
1	6	5	2	0.660973
1	2	1	1	0.409180
1	2	1	2	0.741915
1	2	2	1	0.255055
1	2	2	2	0.302151
1	2	3	1	0.254672
1	2	3	2	0.307099
1	2	4	1	0.306076
1	2	4	2	0.427793
1	2	5	1	0.471770
1	2	5	2	0.952865
1	5	1	1	0.384103
1	5	1	2	0.660973
1	5	2	1	0.306076
1	5	2	2	0.427793
1	5	3	1	0.424417
1	5	3	2	0.487653
1	5	4	1	0.289880
1	5	4	2	0.384419
1	5	5	1	0.534355
1	5	5	2	1.173866
1	12	1	1	0.409180
1	12	1	2	0.741915
1	12	2	1	0.246187
1	12	2	2	0.287745
1	12	3	1	0.250401
1	12	3	2	0.298951
1	12	4	1	0.248870
1	12	4	2	0.295725
1	12	5	1	0.378104
1	12	5	2	0.641971
1	7	1	1	0.502258
1	7	1	2	1.059427
1	7	2	1	0.286163
1	7	2	2	0.374817
1	7	3	1	0.287219
1	7	3	2	0.355115
1	7	4	1	0.255055
1	7	4	2	0.302151
1	7	5	1	0.510132
1	7	5	2	1.087298
1	14	1	1	0.360770
1	14	1	2	0.587924
1	14	2	1	0.246353
1	14	2	2	0.289331
1	14	3	1	0.280358
1	14	3	2	0.346196
1	14	4	1	0.297717
1	14	4	2	0.405114
1	14	5	1	0.449973
1	14	5	2	0.878115
1	13	1	1	0.384103
1	13	1	2	0.660973
1	13	2	1	0.297717
1	13	2	2	0.405114
1	13	3	1	0.274382
1	13	3	2	0.338023
1	13	4	1	0.247069
1	13	4	2	0.288257
1	13	5	1	0.449973
1	13	5	2	0.878115
1	8	1	1	0.360770
1	8	1	2	0.587924
1	8	2	1	0.246131
1	8	2	2	0.288274
1	8	3	1	0.269185
1	8	3	2	0.330552
1	8	4	1	0.246504
1	8	4	2	0.287741
1	8	5	1	0.402749
1	8	5	2	0.720940
1	11	1	1	0.360770
1	11	1	2	0.587924
1	11	2	1	0.286163
1	11	2	2	0.374817
1	11	3	1	0.326472
1	11	3	2	0.399619
1	11	4	1	0.264155
1	11	4	2	0.321560
1	11	5	1	0.378104
1	11	5	2	0.641971
1	9	1	1	0.360770
1	9	1	2	0.587924
1	9	2	1	0.310446
1	9	2	2	0.439877
1	9	3	1	0.287219
1	9	3	2	0.355115
1	9	4	1	0.247069
1	9	4	2	0.288257
1	9	5	1	0.422358
1	9	5	2	0.785344
1	4	1	1	0.510132
1	4	1	2	1.087298
1	4	2	1	0.264155
1	4	2	2	0.321560
1	4	3	1	0.254672
1	4	3	2	0.307099
1	4	4	1	0.266846
1	4	4	2	0.327669
1	4	5	1	0.518107
1	4	5	2	1.115662
2	10	1	1	0.576712
2	10	1	2	1.327989
2	10	2	1	0.259262
2	10	2	2	0.310848
2	10	3	1	0.250401
2	10	3	2	0.298951
2	10	4	1	0.248895
2	10	4	2	0.290842
2	10	5	1	0.471770
2	10	5	2	0.952865
2	15	1	1	0.396426
2	15	1	2	0.700458
2	15	2	1	0.297717
2	15	2	2	0.405114
2	15	3	1	0.456768
2	15	3	2	0.513825
2	15	4	1	0.246131
2	15	4	2	0.288274
2	15	5	1	0.464402
2	15	5	2	0.927456
2	3	1	1	0.502258
2	3	1	2	1.059427
2	3	2	1	0.289880
2	3	2	2	0.384419
2	3	3	1	0.250401
2	3	3	2	0.298951
2	3	4	1	0.264155
2	3	4	2	0.321560
2	3	5	1	0.360770
2	3	5	2	0.587924
2	1	1	1	0.551002
2	1	1	2	1.234039
2	1	2	1	0.247870
2	1	2	2	0.289292
2	1	3	1	0.295088
2	1	3	2	0.364835
2	1	4	1	0.248895
2	1	4	2	0.290842
2	1	5	1	0.494484
2	1	5	2	1.032048
2	6	1	1	0.471770
2	6	1	2	0.952865
2	6	2	1	0.247069
2	6	2	2	0.288257
2	6	3	1	0.269185
2	6	3	2	0.330552
2	6	4	1	0.247069
2	6	4	2	0.288257
2	6	5	1	0.396426
2	6	5	2	0.700458
2	5	1	1	0.542629
2	5	1	2	1.203706
2	5	2	1	0.247870
2	5	2	2	0.289292
2	5	3	1	0.274382
2	5	3	2	0.338023
2	5	4	1	0.310446
2	5	4	2	0.439877
2	5	5	1	0.502258
2	5	5	2	1.059427
2	12	1	1	0.422358
2	12	1	2	0.785344
2	12	2	1	0.282583
2	12	2	2	0.365713
2	12	3	1	0.304119
2	12	3	2	0.375426
2	12	4	1	0.286163
2	12	4	2	0.374817
2	12	5	1	0.372215
2	12	5	2	0.623462
2	7	1	1	0.390210
2	7	1	2	0.680469
2	7	2	1	0.279143
2	7	2	2	0.357106
2	7	3	1	0.257483
2	7	3	2	0.312044
2	7	4	1	0.289880
2	7	4	2	0.384419
2	7	5	1	0.518107
2	7	5	2	1.115662
2	14	1	1	0.402749
2	14	1	2	0.720940
2	14	2	1	0.251580
2	14	2	2	0.295478
2	14	3	1	0.375359
2	14	3	2	0.446007
2	14	4	1	0.246504
2	14	4	2	0.287741
2	14	5	1	0.384103
2	14	5	2	0.660973
2	13	1	1	0.360770
2	13	1	2	0.587924
2	13	2	1	0.250135
2	13	2	2	0.292905
2	13	3	1	0.264683
2	13	3	2	0.323750
2	13	4	1	0.247702
2	13	4	2	0.293050
2	13	5	1	0.372215
2	13	5	2	0.623462
2	8	1	1	0.366437
2	8	1	2	0.605446
2	8	2	1	0.297717
2	8	2	2	0.405114
2	8	3	1	0.248870
2	8	3	2	0.295725
2	8	4	1	0.246504
2	8	4	2	0.287741
2	8	5	1	0.502258
2	8	5	2	1.059427
2	11	1	1	0.510132
2	11	1	2	1.087298
2	11	2	1	0.275847
2	11	2	2	0.348998
2	11	3	1	0.295088
2	11	3	2	0.364835
2	11	4	1	0.257070
2	11	4	2	0.306247
2	11	5	1	0.502258
2	11	5	2	1.059427
2	9	1	1	0.372215
2	9	1	2	0.623462
2	9	2	1	0.246131
2	9	2	2	0.288274
2	9	3	1	0.456768
2	9	3	2	0.513825
2	9	4	1	0.264155
2	9	4	2	0.321560
2	9	5	1	0.542629
2	9	5	2	1.203706
2	4	1	1	0.378104
2	4	1	2	0.641971
2	4	2	1	0.248870
2	4	2	2	0.295725
2	4	3	1	0.257483
2	4	3	2	0.312044
2	4	4	1	0.261626
2	4	4	2	0.315953
2	4	5	1	0.378104
2	4	5	2	0.641971
3	2	1	1	0.510132
3	2	1	2	1.087298
3	2	2	1	0.266846
3	2	2	2	0.327669
3	2	3	1	0.314502
3	2	3	2	0.386980
3	2	4	1	0.248895
3	2	4	2	0.290842
3	2	5	1	0.576712
3	2	5	2	1.327989
3	15	1	1	0.396426
3	15	1	2	0.700458
3	15	2	1	0.251580
3	15	2	2	0.295478
3	15	3	1	0.424417
3	15	3	2	0.487653
3	15	4	1	0.310446
3	15	4	2	0.439877
3	15	5	1	0.372215
3	15	5	2	0.623462
3	10	1	1	0.576712
3	10	1	2	1.327989
3	10	2	1	0.264155
3	10	2	2	0.321560
3	10	3	1	0.287219
3	10	3	2	0.355115
3	10	4	1	0.246870
3	10	4	2	0.290921
3	10	5	1	0.366437
3	10	5	2	0.605446
3	1	1	1	0.494484
3	1	1	2	1.032048
3	1	2	1	0.289880
3	1	2	2	0.384419
3	1	3	1	0.304119
3	1	3	2	0.375426
3	1	4	1	0.266846
3	1	4	2	0.327669
3	1	5	1	0.479240
3	1	5	2	0.978767
3	6	1	1	0.390210
3	6	1	2	0.680469
3	6	2	1	0.246870
3	6	2	2	0.290921
3	6	3	1	0.287219
3	6	3	2	0.355115
3	6	4	1	0.251580
3	6	4	2	0.295478
3	6	5	1	0.409180
3	6	5	2	0.741915
3	5	1	1	0.568043
3	5	1	2	1.296180
3	5	2	1	0.297717
3	5	2	2	0.405114
3	5	3	1	0.257483
3	5	3	2	0.312044
3	5	4	1	0.246187
3	5	4	2	0.287745
3	5	5	1	0.518107
3	5	5	2	1.115662
3	12	1	1	0.409180
3	12	1	2	0.741915
3	12	2	1	0.275847
3	12	2	2	0.348998
3	12	3	1	0.314502
3	12	3	2	0.386980
3	12	4	1	0.255055
3	12	4	2	0.302151
3	12	5	1	0.415716
3	12	5	2	0.763383
3	7	1	1	0.479240
3	7	1	2	0.978767
3	7	2	1	0.272696
3	7	2	2	0.341388
3	7	3	1	0.280358
3	7	3	2	0.346196
3	7	4	1	0.247069
3	7	4	2	0.288257
3	7	5	1	0.534355
3	7	5	2	1.173866
3	14	1	1	0.384103
3	14	1	2	0.660973
3	14	2	1	0.253223
3	14	2	2	0.298561
3	14	3	1	0.456768
3	14	3	2	0.513825
3	14	4	1	0.253223
3	14	4	2	0.298561
3	14	5	1	0.518107
3	14	5	2	1.115662
3	13	1	1	0.534355
3	13	1	2	1.173866
3	13	2	1	0.247702
3	13	2	2	0.293050
3	13	3	1	0.248870
3	13	3	2	0.295725
3	13	4	1	0.247870
3	13	4	2	0.289292
3	13	5	1	0.457136
3	13	5	2	0.902539
3	8	1	1	0.435957
3	8	1	2	0.830744
3	8	2	1	0.246870
3	8	2	2	0.290921
3	8	3	1	0.254672
3	8	3	2	0.307099
3	8	4	1	0.264155
3	8	4	2	0.321560
3	8	5	1	0.360770
3	8	5	2	0.587924
3	11	1	1	0.390210
3	11	1	2	0.680469
3	11	2	1	0.286163
3	11	2	2	0.374817
3	11	3	1	0.248870
3	11	3	2	0.295725
3	11	4	1	0.246870
3	11	4	2	0.290921
3	11	5	1	0.402749
3	11	5	2	0.720940
3	9	1	1	0.526181
3	9	1	2	1.144518
3	9	2	1	0.259262
3	9	2	2	0.310848
3	9	3	1	0.264683
3	9	3	2	0.323750
3	9	4	1	0.261626
3	9	4	2	0.315953
3	9	5	1	0.494484
3	9	5	2	1.032048
3	4	1	1	0.415716
3	4	1	2	0.763383
3	4	2	1	0.255055
3	4	2	2	0.302151
3	4	3	1	0.356456
3	4	3	2	0.428864
3	4	4	1	0.257070
3	4	4	2	0.306247
3	4	5	1	0.422358
3	4	5	2	0.785344
4	11	1	1	0.384103
4	11	1	2	0.660973
4	11	2	1	0.248870
4	11	2	2	0.295725
4	11	3	1	0.326472
4	11	3	2	0.399619
4	11	4	1	0.293733
4	11	4	2	0.394518
4	11	5	1	0.360770
4	11	5	2	0.587924
4	9	1	1	0.568043
4	9	1	2	1.296180
4	9	2	1	0.266846
4	9	2	2	0.327669
4	9	3	1	0.257483
4	9	3	2	0.312044
4	9	4	1	0.247870
4	9	4	2	0.289292
4	9	5	1	0.518107
4	9	5	2	1.115662
4	12	1	1	0.415716
4	12	1	2	0.763383
4	12	2	1	0.253223
4	12	2	2	0.298561
4	12	3	1	0.304119
4	12	3	2	0.375426
4	12	4	1	0.247870
4	12	4	2	0.289292
4	12	5	1	0.559473
4	12	5	2	1.264864
4	5	1	1	0.486811
4	5	1	2	1.005161
4	5	2	1	0.289880
4	5	2	2	0.384419
4	5	3	1	0.326472
4	5	3	2	0.399619
4	5	4	1	0.246187
4	5	4	2	0.287745
4	5	5	1	0.442913
4	5	5	2	0.854183
4	8	1	1	0.402749
4	8	1	2	0.720940
4	8	2	1	0.247069
4	8	2	2	0.288257
4	8	3	1	0.287219
4	8	3	2	0.355115
4	8	4	1	0.293733
4	8	4	2	0.394518
4	8	5	1	0.510132
4	8	5	2	1.087298
4	13	1	1	0.494484
4	13	1	2	1.032048
4	13	2	1	0.246187
4	13	2	2	0.287745
4	13	3	1	0.314502
4	13	3	2	0.386980
4	13	4	1	0.246870
4	13	4	2	0.290921
4	13	5	1	0.502258
4	13	5	2	1.059427
4	6	1	1	0.409180
4	6	1	2	0.741915
4	6	2	1	0.257070
4	6	2	2	0.306247
4	6	3	1	0.254672
4	6	3	2	0.307099
4	6	4	1	0.279143
4	6	4	2	0.357106
4	6	5	1	0.378104
4	6	5	2	0.641971
4	14	1	1	0.422358
4	14	1	2	0.785344
4	14	2	1	0.246187
4	14	2	2	0.287745
4	14	3	1	0.314502
4	14	3	2	0.386980
4	14	4	1	0.246187
4	14	4	2	0.287745
4	14	5	1	0.551002
4	14	5	2	1.234039
4	7	1	1	0.464402
4	7	1	2	0.927456
4	7	2	1	0.269695
4	7	2	2	0.334278
4	7	3	1	0.424417
4	7	3	2	0.487653
4	7	4	1	0.253223
4	7	4	2	0.298561
4	7	5	1	0.429105
4	7	5	2	0.807797
4	1	1	1	0.384103
4	1	1	2	0.660973
4	1	2	1	0.255055
4	1	2	2	0.302151
4	1	3	1	0.424417
4	1	3	2	0.487653
4	1	4	1	0.261626
4	1	4	2	0.315953
4	1	5	1	0.542629
4	1	5	2	1.203706
4	15	1	1	0.471770
4	15	1	2	0.952865
4	15	2	1	0.286163
4	15	2	2	0.374817
4	15	3	1	0.314502
4	15	3	2	0.386980
4	15	4	1	0.259262
4	15	4	2	0.310848
4	15	5	1	0.518107
4	15	5	2	1.115662
4	10	1	1	0.402749
4	10	1	2	0.720940
4	10	2	1	0.279143
4	10	2	2	0.357106
4	10	3	1	0.304119
4	10	3	2	0.375426
4	10	4	1	0.286163
4	10	4	2	0.374817
4	10	5	1	0.510132
4	10	5	2	1.087298
4	2	1	1	0.494484
4	2	1	2	1.032048
4	2	2	1	0.289880
4	2	2	2	0.384419
4	2	3	1	0.375359
4	2	3	2	0.446007
4	2	4	1	0.279143
4	2	4	2	0.357106
4	2	5	1	0.568043
4	2	5	2	1.296180
4	3	1	1	0.576712
4	3	1	2	1.327989
4	3	2	1	0.282583
4	3	2	2	0.365713
4	3	3	1	0.356456
4	3	3	2	0.428864
4	3	4	1	0.289880
4	3	4	2	0.384419
4	3	5	1	0.402749
4	3	5	2	0.720940
5	12	1	1	0.486811
5	12	1	2	1.005161
5	12	2	1	0.289880
5	12	2	2	0.384419
5	12	3	1	0.314502
5	12	3	2	0.386980
5	12	4	1	0.246504
5	12	4	2	0.287741
5	12	5	1	0.551002
5	12	5	2	1.234039
5	6	1	1	0.415716
5	6	1	2	0.763383
5	6	2	1	0.275847
5	6	2	2	0.348998
5	6	3	1	0.304119
5	6	3	2	0.375426
5	6	4	1	0.310446
5	6	4	2	0.439877
5	6	5	1	0.366437
5	6	5	2	0.605446
5	1	1	1	0.429105
5	1	1	2	0.807797
5	1	2	1	0.301833
5	1	2	2	0.416205
5	1	3	1	0.260803
5	1	3	2	0.317588
5	1	4	1	0.247870
5	1	4	2	0.289292
5	1	5	1	0.449973
5	1	5	2	0.878115
5	15	1	1	0.486811
5	15	1	2	1.005161
5	15	2	1	0.255055
5	15	2	2	0.302151
5	15	3	1	0.340328
5	15	3	2	0.413505
5	15	4	1	0.247870
5	15	4	2	0.289292
5	15	5	1	0.479240
5	15	5	2	0.978767
5	10	1	1	0.396426
5	10	1	2	0.700458
5	10	2	1	0.255055
5	10	2	2	0.302151
5	10	3	1	0.260803
5	10	3	2	0.317588
5	10	4	1	0.251580
5	10	4	2	0.295478
5	10	5	1	0.542629
5	10	5	2	1.203706
5	3	1	1	0.457136
5	3	1	2	0.902539
5	3	2	1	0.264155
5	3	2	2	0.321560
5	3	3	1	0.356456
5	3	3	2	0.428864
5	3	4	1	0.257070
5	3	4	2	0.306247
5	3	5	1	0.409180
5	3	5	2	0.741915
5	2	1	1	0.479240
5	2	1	2	0.978767
5	2	2	1	0.251580
5	2	2	2	0.295478
5	2	3	1	0.250401
5	2	3	2	0.298951
5	2	4	1	0.286163
5	2	4	2	0.374817
5	2	5	1	0.502258
5	2	5	2	1.059427
5	9	1	1	0.494484
5	9	1	2	1.032048
5	9	2	1	0.257070
5	9	2	2	0.306247
5	9	3	1	0.248870
5	9	3	2	0.295725
5	9	4	1	0.248870
5	9	4	2	0.295725
5	9	5	1	0.409180
5	9	5	2	0.741915
5	11	1	1	0.551002
5	11	1	2	1.234039
5	11	2	1	0.279143
5	11	2	2	0.357106
5	11	3	1	0.250401
5	11	3	2	0.298951
5	11	4	1	0.306076
5	11	4	2	0.427793
5	11	5	1	0.457136
5	11	5	2	0.902539
5	7	1	1	0.396426
5	7	1	2	0.700458
5	7	2	1	0.246870
5	7	2	2	0.290921
5	7	3	1	0.269185
5	7	3	2	0.330552
5	7	4	1	0.306076
5	7	4	2	0.427793
5	7	5	1	0.510132
5	7	5	2	1.087298
5	13	1	1	0.568043
5	13	1	2	1.296180
5	13	2	1	0.247702
5	13	2	2	0.293050
5	13	3	1	0.280358
5	13	3	2	0.346196
5	13	4	1	0.250135
5	13	4	2	0.292905
5	13	5	1	0.518107
5	13	5	2	1.115662
5	8	1	1	0.479240
5	8	1	2	0.978767
5	8	2	1	0.246353
5	8	2	2	0.289331
5	8	3	1	0.326472
5	8	3	2	0.399619
5	8	4	1	0.261626
5	8	4	2	0.315953
5	8	5	1	0.449973
5	8	5	2	0.878115
5	14	1	1	0.429105
5	14	1	2	0.807797
5	14	2	1	0.261626
5	14	2	2	0.315953
5	14	3	1	0.274382
5	14	3	2	0.338023
5	14	4	1	0.247702
5	14	4	2	0.293050
5	14	5	1	0.429105
5	14	5	2	0.807797
5	4	1	1	0.402749
5	4	1	2	0.720940
5	4	2	1	0.253223
5	4	2	2	0.298561
5	4	3	1	0.304119
5	4	3	2	0.375426
5	4	4	1	0.255055
5	4	4	2	0.302151
5	4	5	1	0.479240
5	4	5	2	0.978767
6	5	1	1	0.396426
6	5	1	2	0.700458
6	5	2	1	0.246353
6	5	2	2	0.289331
6	5	3	1	0.274382
6	5	3	2	0.338023
6	5	4	1	0.282583
6	5	4	2	0.365713
6	5	5	1	0.526181
6	5	5	2	1.144518
6	12	1	1	0.390210
6	12	1	2	0.680469
6	12	2	1	0.246353
6	12	2	2	0.289331
6	12	3	1	0.295088
6	12	3	2	0.364835
6	12	4	1	0.246353
6	12	4	2	0.289331
6	12	5	1	0.372215
6	12	5	2	0.623462
6	1	1	1	0.449973
6	1	1	2	0.878115
6	1	2	1	0.253223
6	1	2	2	0.298561
6	1	3	1	0.397708
6	1	3	2	0.465383
6	1	4	1	0.293733
6	1	4	2	0.394518
6	1	5	1	0.360770
6	1	5	2	0.587924
6	15	1	1	0.510132
6	15	1	2	1.087298
6	15	2	1	0.293733
6	15	2	2	0.394518
6	15	3	1	0.248870
6	15	3	2	0.295725
6	15	4	1	0.306076
6	15	4	2	0.427793
6	15	5	1	0.378104
6	15	5	2	0.641971
6	3	1	1	0.449973
6	3	1	2	0.878115
6	3	2	1	0.246187
6	3	2	2	0.287745
6	3	3	1	0.287219
6	3	3	2	0.355115
6	3	4	1	0.255055
6	3	4	2	0.302151
6	3	5	1	0.502258
6	3	5	2	1.059427
6	10	1	1	0.422358
6	10	1	2	0.785344
6	10	2	1	0.301833
6	10	2	2	0.416205
6	10	3	1	0.340328
6	10	3	2	0.413505
6	10	4	1	0.246131
6	10	4	2	0.288274
6	10	5	1	0.422358
6	10	5	2	0.785344
6	2	1	1	0.366437
6	2	1	2	0.605446
6	2	2	1	0.297717
6	2	2	2	0.405114
6	2	3	1	0.326472
6	2	3	2	0.399619
6	2	4	1	0.255055
6	2	4	2	0.302151
6	2	5	1	0.435957
6	2	5	2	0.830744
6	9	1	1	0.442913
6	9	1	2	0.854183
6	9	2	1	0.251580
6	9	2	2	0.295478
6	9	3	1	0.340328
6	9	3	2	0.413505
6	9	4	1	0.247702
6	9	4	2	0.293050
6	9	5	1	0.422358
6	9	5	2	0.785344
6	7	1	1	0.378104
6	7	1	2	0.641971
6	7	2	1	0.293733
6	7	2	2	0.394518
6	7	3	1	0.340328
6	7	3	2	0.413505
6	7	4	1	0.306076
6	7	4	2	0.427793
6	7	5	1	0.429105
6	7	5	2	0.807797
6	14	1	1	0.542629
6	14	1	2	1.203706
6	14	2	1	0.247702
6	14	2	2	0.293050
6	14	3	1	0.257483
6	14	3	2	0.312044
6	14	4	1	0.247069
6	14	4	2	0.288257
6	14	5	1	0.510132
6	14	5	2	1.087298
6	13	1	1	0.542629
6	13	1	2	1.203706
6	13	2	1	0.251580
6	13	2	2	0.295478
6	13	3	1	0.264683
6	13	3	2	0.323750
6	13	4	1	0.310446
6	13	4	2	0.439877
6	13	5	1	0.457136
6	13	5	2	0.902539
6	11	1	1	0.378104
6	11	1	2	0.641971
6	11	2	1	0.246353
6	11	2	2	0.289331
6	11	3	1	0.456768
6	11	3	2	0.513825
6	11	4	1	0.251580
6	11	4	2	0.295478
6	11	5	1	0.502258
6	11	5	2	1.059427
6	8	1	1	0.464402
6	8	1	2	0.927456
6	8	2	1	0.246131
6	8	2	2	0.288274
6	8	3	1	0.287219
6	8	3	2	0.355115
6	8	4	1	0.246131
6	8	4	2	0.288274
6	8	5	1	0.502258
6	8	5	2	1.059427
6	4	1	1	0.422358
6	4	1	2	0.785344
6	4	2	1	0.246504
6	4	2	2	0.287741
6	4	3	1	0.326472
6	4	3	2	0.399619
6	4	4	1	0.261626
6	4	4	2	0.315953
6	4	5	1	0.510132
6	4	5	2	1.087298
7	14	1	1	0.409180
7	14	1	2	0.741915
7	14	2	1	0.246870
7	14	2	2	0.290921
7	14	3	1	0.424417
7	14	3	2	0.487653
7	14	4	1	0.269695
7	14	4	2	0.334278
7	14	5	1	0.559473
7	14	5	2	1.264864
7	13	1	1	0.559473
7	13	1	2	1.264864
7	13	2	1	0.282583
7	13	2	2	0.365713
7	13	3	1	0.295088
7	13	3	2	0.364835
7	13	4	1	0.246353
7	13	4	2	0.289331
7	13	5	1	0.396426
7	13	5	2	0.700458
7	8	1	1	0.402749
7	8	1	2	0.720940
7	8	2	1	0.264155
7	8	2	2	0.321560
7	8	3	1	0.280358
7	8	3	2	0.346196
7	8	4	1	0.246504
7	8	4	2	0.287741
7	8	5	1	0.518107
7	8	5	2	1.115662
7	10	1	1	0.409180
7	10	1	2	0.741915
7	10	2	1	0.247702
7	10	2	2	0.293050
7	10	3	1	0.280358
7	10	3	2	0.346196
7	10	4	1	0.253223
7	10	4	2	0.298561
7	10	5	1	0.457136
7	10	5	2	0.902539
7	15	1	1	0.559473
7	15	1	2	1.264864
7	15	2	1	0.246353
7	15	2	2	0.289331
7	15	3	1	0.314502
7	15	3	2	0.386980
7	15	4	1	0.297717
7	15	4	2	0.405114
7	15	5	1	0.471770
7	15	5	2	0.952865
7	11	1	1	0.409180
7	11	1	2	0.741915
7	11	2	1	0.282583
7	11	2	2	0.365713
7	11	3	1	0.280358
7	11	3	2	0.346196
7	11	4	1	0.289880
7	11	4	2	0.384419
7	11	5	1	0.422358
7	11	5	2	0.785344
7	2	1	1	0.402749
7	2	1	2	0.720940
7	2	2	1	0.301833
7	2	2	2	0.416205
7	2	3	1	0.280358
7	2	3	2	0.346196
7	2	4	1	0.257070
7	2	4	2	0.306247
7	2	5	1	0.510132
7	2	5	2	1.087298
7	1	1	1	0.396426
7	1	1	2	0.700458
7	1	2	1	0.248895
7	1	2	2	0.290842
7	1	3	1	0.248870
7	1	3	2	0.295725
7	1	4	1	0.257070
7	1	4	2	0.306247
7	1	5	1	0.449973
7	1	5	2	0.878115
7	3	1	1	0.534355
7	3	1	2	1.173866
7	3	2	1	0.306076
7	3	2	2	0.427793
7	3	3	1	0.356456
7	3	3	2	0.428864
7	3	4	1	0.286163
7	3	4	2	0.374817
7	3	5	1	0.372215
7	3	5	2	0.623462
7	5	1	1	0.366437
7	5	1	2	0.605446
7	5	2	1	0.286163
7	5	2	2	0.374817
7	5	3	1	0.356456
7	5	3	2	0.428864
7	5	4	1	0.272696
7	5	4	2	0.341388
7	5	5	1	0.449973
7	5	5	2	0.878115
7	12	1	1	0.568043
7	12	1	2	1.296180
7	12	2	1	0.255055
7	12	2	2	0.302151
7	12	3	1	0.248870
7	12	3	2	0.295725
7	12	4	1	0.247702
7	12	4	2	0.293050
7	12	5	1	0.366437
7	12	5	2	0.605446
7	6	1	1	0.486811
7	6	1	2	1.005161
7	6	2	1	0.306076
7	6	2	2	0.427793
7	6	3	1	0.456768
7	6	3	2	0.513825
7	6	4	1	0.246131
7	6	4	2	0.288274
7	6	5	1	0.435957
7	6	5	2	0.830744
7	4	1	1	0.568043
7	4	1	2	1.296180
7	4	2	1	0.251580
7	4	2	2	0.295478
7	4	3	1	0.280358
7	4	3	2	0.346196
7	4	4	1	0.259262
7	4	4	2	0.310848
7	4	5	1	0.390210
7	4	5	2	0.680469
7	9	1	1	0.526181
7	9	1	2	1.144518
7	9	2	1	0.306076
7	9	2	2	0.427793
7	9	3	1	0.326472
7	9	3	2	0.399619
7	9	4	1	0.279143
7	9	4	2	0.357106
7	9	5	1	0.494484
7	9	5	2	1.032048
8	13	1	1	0.494484
8	13	1	2	1.032048
8	13	2	1	0.275847
8	13	2	2	0.348998
8	13	3	1	0.295088
8	13	3	2	0.364835
8	13	4	1	0.261626
8	13	4	2	0.315953
8	13	5	1	0.442913
8	13	5	2	0.854183
8	14	1	1	0.429105
8	14	1	2	0.807797
8	14	2	1	0.253223
8	14	2	2	0.298561
8	14	3	1	0.397708
8	14	3	2	0.465383
8	14	4	1	0.247870
8	14	4	2	0.289292
8	14	5	1	0.464402
8	14	5	2	0.927456
8	7	1	1	0.502258
8	7	1	2	1.059427
8	7	2	1	0.246187
8	7	2	2	0.287745
8	7	3	1	0.326472
8	7	3	2	0.399619
8	7	4	1	0.247870
8	7	4	2	0.289292
8	7	5	1	0.360770
8	7	5	2	0.587924
8	11	1	1	0.568043
8	11	1	2	1.296180
8	11	2	1	0.266846
8	11	2	2	0.327669
8	11	3	1	0.375359
8	11	3	2	0.446007
8	11	4	1	0.246131
8	11	4	2	0.288274
8	11	5	1	0.360770
8	11	5	2	0.587924
8	10	1	1	0.415716
8	10	1	2	0.763383
8	10	2	1	0.246187
8	10	2	2	0.287745
8	10	3	1	0.274382
8	10	3	2	0.338023
8	10	4	1	0.286163
8	10	4	2	0.374817
8	10	5	1	0.384103
8	10	5	2	0.660973
8	15	1	1	0.559473
8	15	1	2	1.264864
8	15	2	1	0.257070
8	15	2	2	0.306247
8	15	3	1	0.257483
8	15	3	2	0.312044
8	15	4	1	0.246187
8	15	4	2	0.287745
8	15	5	1	0.378104
8	15	5	2	0.641971
8	1	1	1	0.568043
8	1	1	2	1.296180
8	1	2	1	0.261626
8	1	2	2	0.315953
8	1	3	1	0.280358
8	1	3	2	0.346196
8	1	4	1	0.275847
8	1	4	2	0.348998
8	1	5	1	0.402749
8	1	5	2	0.720940
8	2	1	1	0.449973
8	2	1	2	0.878115
8	2	2	1	0.272696
8	2	2	2	0.341388
8	2	3	1	0.287219
8	2	3	2	0.355115
8	2	4	1	0.253223
8	2	4	2	0.298561
8	2	5	1	0.449973
8	2	5	2	0.878115
8	5	1	1	0.402749
8	5	1	2	0.720940
8	5	2	1	0.289880
8	5	2	2	0.384419
8	5	3	1	0.314502
8	5	3	2	0.386980
8	5	4	1	0.266846
8	5	4	2	0.327669
8	5	5	1	0.502258
8	5	5	2	1.059427
8	3	1	1	0.390210
8	3	1	2	0.680469
8	3	2	1	0.246131
8	3	2	2	0.288274
8	3	3	1	0.326472
8	3	3	2	0.399619
8	3	4	1	0.247069
8	3	4	2	0.288257
8	3	5	1	0.442913
8	3	5	2	0.854183
8	12	1	1	0.551002
8	12	1	2	1.234039
8	12	2	1	0.264155
8	12	2	2	0.321560
8	12	3	1	0.375359
8	12	3	2	0.446007
8	12	4	1	0.251580
8	12	4	2	0.295478
8	12	5	1	0.449973
8	12	5	2	0.878115
8	6	1	1	0.526181
8	6	1	2	1.144518
8	6	2	1	0.269695
8	6	2	2	0.334278
8	6	3	1	0.375359
8	6	3	2	0.446007
8	6	4	1	0.275847
8	6	4	2	0.348998
8	6	5	1	0.390210
8	6	5	2	0.680469
8	4	1	1	0.534355
8	4	1	2	1.173866
8	4	2	1	0.310446
8	4	2	2	0.439877
8	4	3	1	0.304119
8	4	3	2	0.375426
8	4	4	1	0.247702
8	4	4	2	0.293050
8	4	5	1	0.422358
8	4	5	2	0.785344
8	9	1	1	0.378104
8	9	1	2	0.641971
8	9	2	1	0.255055
8	9	2	2	0.302151
8	9	3	1	0.274382
8	9	3	2	0.338023
8	9	4	1	0.297717
8	9	4	2	0.405114
8	9	5	1	0.396426
8	9	5	2	0.700458
9	12	1	1	0.502258
9	12	1	2	1.059427
9	12	2	1	0.272696
9	12	2	2	0.341388
9	12	3	1	0.250401
9	12	3	2	0.298951
9	12	4	1	0.246187
9	12	4	2	0.287745
9	12	5	1	0.366437
9	12	5	2	0.605446
9	5	1	1	0.551002
9	5	1	2	1.234039
9	5	2	1	0.310446
9	5	2	2	0.439877
9	5	3	1	0.264683
9	5	3	2	0.323750
9	5	4	1	0.248895
9	5	4	2	0.290842
9	5	5	1	0.542629
9	5	5	2	1.203706
9	6	1	1	0.429105
9	6	1	2	0.807797
9	6	2	1	0.275847
9	6	2	2	0.348998
9	6	3	1	0.250401
9	6	3	2	0.298951
9	6	4	1	0.264155
9	6	4	2	0.321560
9	6	5	1	0.384103
9	6	5	2	0.660973
9	4	1	1	0.568043
9	4	1	2	1.296180
9	4	2	1	0.253223
9	4	2	2	0.298561
9	4	3	1	0.314502
9	4	3	2	0.386980
9	4	4	1	0.250135
9	4	4	2	0.292905
9	4	5	1	0.510132
9	4	5	2	1.087298
9	11	1	1	0.442913
9	11	1	2	0.854183
9	11	2	1	0.261626
9	11	2	2	0.315953
9	11	3	1	0.248870
9	11	3	2	0.295725
9	11	4	1	0.301833
9	11	4	2	0.416205
9	11	5	1	0.449973
9	11	5	2	0.878115
9	1	1	1	0.502258
9	1	1	2	1.059427
9	1	2	1	0.269695
9	1	2	2	0.334278
9	1	3	1	0.269185
9	1	3	2	0.330552
9	1	4	1	0.248870
9	1	4	2	0.295725
9	1	5	1	0.390210
9	1	5	2	0.680469
9	15	1	1	0.396426
9	15	1	2	0.700458
9	15	2	1	0.246131
9	15	2	2	0.288274
9	15	3	1	0.397708
9	15	3	2	0.465383
9	15	4	1	0.293733
9	15	4	2	0.394518
9	15	5	1	0.471770
9	15	5	2	0.952865
9	3	1	1	0.409180
9	3	1	2	0.741915
9	3	2	1	0.246131
9	3	2	2	0.288274
9	3	3	1	0.260803
9	3	3	2	0.317588
9	3	4	1	0.259262
9	3	4	2	0.310848
9	3	5	1	0.494484
9	3	5	2	1.032048
9	10	1	1	0.576712
9	10	1	2	1.327989
9	10	2	1	0.275847
9	10	2	2	0.348998
9	10	3	1	0.248870
9	10	3	2	0.295725
9	10	4	1	0.253223
9	10	4	2	0.298561
9	10	5	1	0.366437
9	10	5	2	0.605446
9	2	1	1	0.568043
9	2	1	2	1.296180
9	2	2	1	0.297717
9	2	2	2	0.405114
9	2	3	1	0.260803
9	2	3	2	0.317588
9	2	4	1	0.272696
9	2	4	2	0.341388
9	2	5	1	0.551002
9	2	5	2	1.234039
9	13	1	1	0.442913
9	13	1	2	0.854183
9	13	2	1	0.286163
9	13	2	2	0.374817
9	13	3	1	0.264683
9	13	3	2	0.323750
9	13	4	1	0.259262
9	13	4	2	0.310848
9	13	5	1	0.502258
9	13	5	2	1.059427
9	8	1	1	0.534355
9	8	1	2	1.173866
9	8	2	1	0.289880
9	8	2	2	0.384419
9	8	3	1	0.254672
9	8	3	2	0.307099
9	8	4	1	0.293733
9	8	4	2	0.394518
9	8	5	1	0.396426
9	8	5	2	0.700458
9	14	1	1	0.526181
9	14	1	2	1.144518
9	14	2	1	0.297717
9	14	2	2	0.405114
9	14	3	1	0.304119
9	14	3	2	0.375426
9	14	4	1	0.261626
9	14	4	2	0.315953
9	14	5	1	0.568043
9	14	5	2	1.296180
9	7	1	1	0.479240
9	7	1	2	0.978767
9	7	2	1	0.246131
9	7	2	2	0.288274
9	7	3	1	0.252324
9	7	3	2	0.302739
9	7	4	1	0.282583
9	7	4	2	0.365713
9	7	5	1	0.502258
9	7	5	2	1.059427
10	2	1	1	0.390210
10	2	1	2	0.680469
10	2	2	1	0.250135
10	2	2	2	0.292905
10	2	3	1	0.254672
10	2	3	2	0.307099
10	2	4	1	0.247702
10	2	4	2	0.293050
10	2	5	1	0.384103
10	2	5	2	0.660973
10	15	1	1	0.559473
10	15	1	2	1.264864
10	15	2	1	0.269695
10	15	2	2	0.334278
10	15	3	1	0.269185
10	15	3	2	0.330552
10	15	4	1	0.248895
10	15	4	2	0.290842
10	15	5	1	0.518107
10	15	5	2	1.115662
10	3	1	1	0.372215
10	3	1	2	0.623462
10	3	2	1	0.269695
10	3	2	2	0.334278
10	3	3	1	0.340328
10	3	3	2	0.413505
10	3	4	1	0.261626
10	3	4	2	0.315953
10	3	5	1	0.479240
10	3	5	2	0.978767
10	1	1	1	0.409180
10	1	1	2	0.741915
10	1	2	1	0.286163
10	1	2	2	0.374817
10	1	3	1	0.340328
10	1	3	2	0.413505
10	1	4	1	0.247069
10	1	4	2	0.288257
10	1	5	1	0.415716
10	1	5	2	0.763383
10	6	1	1	0.378104
10	6	1	2	0.641971
10	6	2	1	0.246353
10	6	2	2	0.289331
10	6	3	1	0.304119
10	6	3	2	0.375426
10	6	4	1	0.250135
10	6	4	2	0.292905
10	6	5	1	0.457136
10	6	5	2	0.902539
10	5	1	1	0.526181
10	5	1	2	1.144518
10	5	2	1	0.279143
10	5	2	2	0.357106
10	5	3	1	0.280358
10	5	3	2	0.346196
10	5	4	1	0.272696
10	5	4	2	0.341388
10	5	5	1	0.372215
10	5	5	2	0.623462
10	7	1	1	0.449973
10	7	1	2	0.878115
10	7	2	1	0.282583
10	7	2	2	0.365713
10	7	3	1	0.257483
10	7	3	2	0.312044
10	7	4	1	0.246870
10	7	4	2	0.290921
10	7	5	1	0.551002
10	7	5	2	1.234039
10	12	1	1	0.502258
10	12	1	2	1.059427
10	12	2	1	0.253223
10	12	2	2	0.298561
10	12	3	1	0.252324
10	12	3	2	0.302739
10	12	4	1	0.266846
10	12	4	2	0.327669
10	12	5	1	0.366437
10	12	5	2	0.605446
10	14	1	1	0.551002
10	14	1	2	1.234039
10	14	2	1	0.253223
10	14	2	2	0.298561
10	14	3	1	0.250401
10	14	3	2	0.298951
10	14	4	1	0.306076
10	14	4	2	0.427793
10	14	5	1	0.372215
10	14	5	2	0.623462
10	13	1	1	0.486811
10	13	1	2	1.005161
10	13	2	1	0.301833
10	13	2	2	0.416205
10	13	3	1	0.375359
10	13	3	2	0.446007
10	13	4	1	0.286163
10	13	4	2	0.374817
10	13	5	1	0.457136
10	13	5	2	0.902539
10	8	1	1	0.372215
10	8	1	2	0.623462
10	8	2	1	0.246187
10	8	2	2	0.287745
10	8	3	1	0.257483
10	8	3	2	0.312044
10	8	4	1	0.253223
10	8	4	2	0.298561
10	8	5	1	0.518107
10	8	5	2	1.115662
10	11	1	1	0.442913
10	11	1	2	0.854183
10	11	2	1	0.247870
10	11	2	2	0.289292
10	11	3	1	0.375359
10	11	3	2	0.446007
10	11	4	1	0.257070
10	11	4	2	0.306247
10	11	5	1	0.479240
10	11	5	2	0.978767
10	9	1	1	0.372215
10	9	1	2	0.623462
10	9	2	1	0.247069
10	9	2	2	0.288257
10	9	3	1	0.257483
10	9	3	2	0.312044
10	9	4	1	0.246187
10	9	4	2	0.287745
10	9	5	1	0.526181
10	9	5	2	1.144518
10	4	1	1	0.449973
10	4	1	2	0.878115
10	4	2	1	0.251580
10	4	2	2	0.295478
10	4	3	1	0.326472
10	4	3	2	0.399619
10	4	4	1	0.246504
10	4	4	2	0.287741
10	4	5	1	0.457136
10	4	5	2	0.902539
11	8	1	1	0.551002
11	8	1	2	1.234039
11	8	2	1	0.247870
11	8	2	2	0.289292
11	8	3	1	0.295088
11	8	3	2	0.364835
11	8	4	1	0.247870
11	8	4	2	0.289292
11	8	5	1	0.576712
11	8	5	2	1.327989
11	13	1	1	0.510132
11	13	1	2	1.087298
11	13	2	1	0.257070
11	13	2	2	0.306247
11	13	3	1	0.456768
11	13	3	2	0.513825
11	13	4	1	0.306076
11	13	4	2	0.427793
11	13	5	1	0.429105
11	13	5	2	0.807797
11	14	1	1	0.449973
11	14	1	2	0.878115
11	14	2	1	0.251580
11	14	2	2	0.295478
11	14	3	1	0.287219
11	14	3	2	0.355115
11	14	4	1	0.289880
11	14	4	2	0.384419
11	14	5	1	0.471770
11	14	5	2	0.952865
11	7	1	1	0.449973
11	7	1	2	0.878115
11	7	2	1	0.289880
11	7	2	2	0.384419
11	7	3	1	0.456768
11	7	3	2	0.513825
11	7	4	1	0.257070
11	7	4	2	0.306247
11	7	5	1	0.390210
11	7	5	2	0.680469
11	4	1	1	0.402749
11	4	1	2	0.720940
11	4	2	1	0.279143
11	4	2	2	0.357106
11	4	3	1	0.248870
11	4	3	2	0.295725
11	4	4	1	0.297717
11	4	4	2	0.405114
11	4	5	1	0.429105
11	4	5	2	0.807797
11	12	1	1	0.409180
11	12	1	2	0.741915
11	12	2	1	0.310446
11	12	2	2	0.439877
11	12	3	1	0.375359
11	12	3	2	0.446007
11	12	4	1	0.250135
11	12	4	2	0.292905
11	12	5	1	0.510132
11	12	5	2	1.087298
11	5	1	1	0.396426
11	5	1	2	0.700458
11	5	2	1	0.246504
11	5	2	2	0.287741
11	5	3	1	0.356456
11	5	3	2	0.428864
11	5	4	1	0.306076
11	5	4	2	0.427793
11	5	5	1	0.449973
11	5	5	2	0.878115
11	9	1	1	0.360770
11	9	1	2	0.587924
11	9	2	1	0.246131
11	9	2	2	0.288274
11	9	3	1	0.257483
11	9	3	2	0.312044
11	9	4	1	0.272696
11	9	4	2	0.341388
11	9	5	1	0.464402
11	9	5	2	0.927456
11	15	1	1	0.390210
11	15	1	2	0.680469
11	15	2	1	0.275847
11	15	2	2	0.348998
11	15	3	1	0.375359
11	15	3	2	0.446007
11	15	4	1	0.246870
11	15	4	2	0.290921
11	15	5	1	0.486811
11	15	5	2	1.005161
11	1	1	1	0.486811
11	1	1	2	1.005161
11	1	2	1	0.259262
11	1	2	2	0.310848
11	1	3	1	0.340328
11	1	3	2	0.413505
11	1	4	1	0.286163
11	1	4	2	0.374817
11	1	5	1	0.534355
11	1	5	2	1.173866
11	6	1	1	0.576712
11	6	1	2	1.327989
11	6	2	1	0.261626
11	6	2	2	0.315953
11	6	3	1	0.280358
11	6	3	2	0.346196
11	6	4	1	0.253223
11	6	4	2	0.298561
11	6	5	1	0.576712
11	6	5	2	1.327989
11	10	1	1	0.390210
11	10	1	2	0.680469
11	10	2	1	0.301833
11	10	2	2	0.416205
11	10	3	1	0.340328
11	10	3	2	0.413505
11	10	4	1	0.282583
11	10	4	2	0.365713
11	10	5	1	0.542629
11	10	5	2	1.203706
11	2	1	1	0.486811
11	2	1	2	1.005161
11	2	2	1	0.246353
11	2	2	2	0.289331
11	2	3	1	0.356456
11	2	3	2	0.428864
11	2	4	1	0.272696
11	2	4	2	0.341388
11	2	5	1	0.422358
11	2	5	2	0.785344
11	3	1	1	0.402749
11	3	1	2	0.720940
11	3	2	1	0.286163
11	3	2	2	0.374817
11	3	3	1	0.456768
11	3	3	2	0.513825
11	3	4	1	0.293733
11	3	4	2	0.394518
11	3	5	1	0.486811
11	3	5	2	1.005161
12	5	1	1	0.384103
12	5	1	2	0.660973
12	5	2	1	0.275847
12	5	2	2	0.348998
12	5	3	1	0.257483
12	5	3	2	0.312044
12	5	4	1	0.286163
12	5	4	2	0.374817
12	5	5	1	0.360770
12	5	5	2	0.587924
12	6	1	1	0.435957
12	6	1	2	0.830744
12	6	2	1	0.293733
12	6	2	2	0.394518
12	6	3	1	0.304119
12	6	3	2	0.375426
12	6	4	1	0.248895
12	6	4	2	0.290842
12	6	5	1	0.502258
12	6	5	2	1.059427
12	1	1	1	0.409180
12	1	1	2	0.741915
12	1	2	1	0.255055
12	1	2	2	0.302151
12	1	3	1	0.375359
12	1	3	2	0.446007
12	1	4	1	0.255055
12	1	4	2	0.302151
12	1	5	1	0.360770
12	1	5	2	0.587924
12	15	1	1	0.378104
12	15	1	2	0.641971
12	15	2	1	0.257070
12	15	2	2	0.306247
12	15	3	1	0.397708
12	15	3	2	0.465383
12	15	4	1	0.289880
12	15	4	2	0.384419
12	15	5	1	0.457136
12	15	5	2	0.902539
12	9	1	1	0.422358
12	9	1	2	0.785344
12	9	2	1	0.259262
12	9	2	2	0.310848
12	9	3	1	0.314502
12	9	3	2	0.386980
12	9	4	1	0.251580
12	9	4	2	0.295478
12	9	5	1	0.384103
12	9	5	2	0.660973
12	10	1	1	0.568043
12	10	1	2	1.296180
12	10	2	1	0.310446
12	10	2	2	0.439877
12	10	3	1	0.248870
12	10	3	2	0.295725
12	10	4	1	0.246504
12	10	4	2	0.287741
12	10	5	1	0.396426
12	10	5	2	0.700458
12	3	1	1	0.494484
12	3	1	2	1.032048
12	3	2	1	0.247069
12	3	2	2	0.288257
12	3	3	1	0.248870
12	3	3	2	0.295725
12	3	4	1	0.266846
12	3	4	2	0.327669
12	3	5	1	0.510132
12	3	5	2	1.087298
12	2	1	1	0.435957
12	2	1	2	0.830744
12	2	2	1	0.251580
12	2	2	2	0.295478
12	2	3	1	0.314502
12	2	3	2	0.386980
12	2	4	1	0.279143
12	2	4	2	0.357106
12	2	5	1	0.409180
12	2	5	2	0.741915
12	11	1	1	0.479240
12	11	1	2	0.978767
12	11	2	1	0.306076
12	11	2	2	0.427793
12	11	3	1	0.314502
12	11	3	2	0.386980
12	11	4	1	0.306076
12	11	4	2	0.427793
12	11	5	1	0.559473
12	11	5	2	1.264864
12	7	1	1	0.502258
12	7	1	2	1.059427
12	7	2	1	0.246187
12	7	2	2	0.287745
12	7	3	1	0.424417
12	7	3	2	0.487653
12	7	4	1	0.286163
12	7	4	2	0.374817
12	7	5	1	0.384103
12	7	5	2	0.660973
12	13	1	1	0.534355
12	13	1	2	1.173866
12	13	2	1	0.259262
12	13	2	2	0.310848
12	13	3	1	0.397708
12	13	3	2	0.465383
12	13	4	1	0.286163
12	13	4	2	0.374817
12	13	5	1	0.486811
12	13	5	2	1.005161
12	8	1	1	0.442913
12	8	1	2	0.854183
12	8	2	1	0.310446
12	8	2	2	0.439877
12	8	3	1	0.274382
12	8	3	2	0.338023
12	8	4	1	0.301833
12	8	4	2	0.416205
12	8	5	1	0.402749
12	8	5	2	0.720940
12	14	1	1	0.486811
12	14	1	2	1.005161
12	14	2	1	0.248895
12	14	2	2	0.290842
12	14	3	1	0.356456
12	14	3	2	0.428864
12	14	4	1	0.248895
12	14	4	2	0.290842
12	14	5	1	0.402749
12	14	5	2	0.720940
12	4	1	1	0.396426
12	4	1	2	0.700458
12	4	2	1	0.289880
12	4	2	2	0.384419
12	4	3	1	0.248870
12	4	3	2	0.295725
12	4	4	1	0.257070
12	4	4	2	0.306247
12	4	5	1	0.402749
12	4	5	2	0.720940
13	14	1	1	0.534355
13	14	1	2	1.173866
13	14	2	1	0.269695
13	14	2	2	0.334278
13	14	3	1	0.254672
13	14	3	2	0.307099
13	14	4	1	0.250135
13	14	4	2	0.292905
13	14	5	1	0.396426
13	14	5	2	0.700458
13	8	1	1	0.409180
13	8	1	2	0.741915
13	8	2	1	0.279143
13	8	2	2	0.357106
13	8	3	1	0.250401
13	8	3	2	0.298951
13	8	4	1	0.257070
13	8	4	2	0.306247
13	8	5	1	0.457136
13	8	5	2	0.902539
13	7	1	1	0.486811
13	7	1	2	1.005161
13	7	2	1	0.301833
13	7	2	2	0.416205
13	7	3	1	0.295088
13	7	3	2	0.364835
13	7	4	1	0.247702
13	7	4	2	0.293050
13	7	5	1	0.494484
13	7	5	2	1.032048
13	11	1	1	0.534355
13	11	1	2	1.173866
13	11	2	1	0.255055
13	11	2	2	0.302151
13	11	3	1	0.356456
13	11	3	2	0.428864
13	11	4	1	0.259262
13	11	4	2	0.310848
13	11	5	1	0.510132
13	11	5	2	1.087298
13	10	1	1	0.559473
13	10	1	2	1.264864
13	10	2	1	0.247870
13	10	2	2	0.289292
13	10	3	1	0.456768
13	10	3	2	0.513825
13	10	4	1	0.248895
13	10	4	2	0.290842
13	10	5	1	0.576712
13	10	5	2	1.327989
13	15	1	1	0.568043
13	15	1	2	1.296180
13	15	2	1	0.247702
13	15	2	2	0.293050
13	15	3	1	0.260803
13	15	3	2	0.317588
13	15	4	1	0.310446
13	15	4	2	0.439877
13	15	5	1	0.542629
13	15	5	2	1.203706
13	2	1	1	0.486811
13	2	1	2	1.005161
13	2	2	1	0.246187
13	2	2	2	0.287745
13	2	3	1	0.375359
13	2	3	2	0.446007
13	2	4	1	0.286163
13	2	4	2	0.374817
13	2	5	1	0.409180
13	2	5	2	0.741915
13	1	1	1	0.486811
13	1	1	2	1.005161
13	1	2	1	0.293733
13	1	2	2	0.394518
13	1	3	1	0.254672
13	1	3	2	0.307099
13	1	4	1	0.246187
13	1	4	2	0.287745
13	1	5	1	0.422358
13	1	5	2	0.785344
13	3	1	1	0.360770
13	3	1	2	0.587924
13	3	2	1	0.279143
13	3	2	2	0.357106
13	3	3	1	0.269185
13	3	3	2	0.330552
13	3	4	1	0.264155
13	3	4	2	0.321560
13	3	5	1	0.502258
13	3	5	2	1.059427
13	5	1	1	0.568043
13	5	1	2	1.296180
13	5	2	1	0.286163
13	5	2	2	0.374817
13	5	3	1	0.257483
13	5	3	2	0.312044
13	5	4	1	0.261626
13	5	4	2	0.315953
13	5	5	1	0.464402
13	5	5	2	0.927456
13	12	1	1	0.510132
13	12	1	2	1.087298
13	12	2	1	0.275847
13	12	2	2	0.348998
13	12	3	1	0.304119
13	12	3	2	0.375426
13	12	4	1	0.266846
13	12	4	2	0.327669
13	12	5	1	0.384103
13	12	5	2	0.660973
13	6	1	1	0.464402
13	6	1	2	0.927456
13	6	2	1	0.251580
13	6	2	2	0.295478
13	6	3	1	0.397708
13	6	3	2	0.465383
13	6	4	1	0.248895
13	6	4	2	0.290842
13	6	5	1	0.378104
13	6	5	2	0.641971
13	4	1	1	0.402749
13	4	1	2	0.720940
13	4	2	1	0.306076
13	4	2	2	0.427793
13	4	3	1	0.269185
13	4	3	2	0.330552
13	4	4	1	0.259262
13	4	4	2	0.310848
13	4	5	1	0.464402
13	4	5	2	0.927456
13	9	1	1	0.510132
13	9	1	2	1.087298
13	9	2	1	0.248870
13	9	2	2	0.295725
13	9	3	1	0.264683
13	9	3	2	0.323750
13	9	4	1	0.297717
13	9	4	2	0.405114
13	9	5	1	0.422358
13	9	5	2	0.785344
14	13	1	1	0.576712
14	13	1	2	1.327989
14	13	2	1	0.251580
14	13	2	2	0.295478
14	13	3	1	0.248870
14	13	3	2	0.295725
14	13	4	1	0.275847
14	13	4	2	0.348998
14	13	5	1	0.415716
14	13	5	2	0.763383
14	7	1	1	0.366437
14	7	1	2	0.605446
14	7	2	1	0.248895
14	7	2	2	0.290842
14	7	3	1	0.269185
14	7	3	2	0.330552
14	7	4	1	0.247870
14	7	4	2	0.289292
14	7	5	1	0.396426
14	7	5	2	0.700458
14	8	1	1	0.442913
14	8	1	2	0.854183
14	8	2	1	0.279143
14	8	2	2	0.357106
14	8	3	1	0.424417
14	8	3	2	0.487653
14	8	4	1	0.248895
14	8	4	2	0.290842
14	8	5	1	0.494484
14	8	5	2	1.032048
14	11	1	1	0.435957
14	11	1	2	0.830744
14	11	2	1	0.282583
14	11	2	2	0.365713
14	11	3	1	0.375359
14	11	3	2	0.446007
14	11	4	1	0.250135
14	11	4	2	0.292905
14	11	5	1	0.372215
14	11	5	2	0.623462
14	10	1	1	0.518107
14	10	1	2	1.115662
14	10	2	1	0.247702
14	10	2	2	0.293050
14	10	3	1	0.254672
14	10	3	2	0.307099
14	10	4	1	0.259262
14	10	4	2	0.310848
14	10	5	1	0.534355
14	10	5	2	1.173866
14	15	1	1	0.559473
14	15	1	2	1.264864
14	15	2	1	0.255055
14	15	2	2	0.302151
14	15	3	1	0.274382
14	15	3	2	0.338023
14	15	4	1	0.253223
14	15	4	2	0.298561
14	15	5	1	0.542629
14	15	5	2	1.203706
14	2	1	1	0.442913
14	2	1	2	0.854183
14	2	2	1	0.259262
14	2	2	2	0.310848
14	2	3	1	0.250401
14	2	3	2	0.298951
14	2	4	1	0.246353
14	2	4	2	0.289331
14	2	5	1	0.510132
14	2	5	2	1.087298
14	1	1	1	0.479240
14	1	1	2	0.978767
14	1	2	1	0.264155
14	1	2	2	0.321560
14	1	3	1	0.424417
14	1	3	2	0.487653
14	1	4	1	0.279143
14	1	4	2	0.357106
14	1	5	1	0.551002
14	1	5	2	1.234039
14	3	1	1	0.551002
14	3	1	2	1.234039
14	3	2	1	0.259262
14	3	2	2	0.310848
14	3	3	1	0.280358
14	3	3	2	0.346196
14	3	4	1	0.259262
14	3	4	2	0.310848
14	3	5	1	0.568043
14	3	5	2	1.296180
14	5	1	1	0.415716
14	5	1	2	0.763383
14	5	2	1	0.246353
14	5	2	2	0.289331
14	5	3	1	0.456768
14	5	3	2	0.513825
14	5	4	1	0.282583
14	5	4	2	0.365713
14	5	5	1	0.457136
14	5	5	2	0.902539
14	12	1	1	0.502258
14	12	1	2	1.059427
14	12	2	1	0.246131
14	12	2	2	0.288274
14	12	3	1	0.269185
14	12	3	2	0.330552
14	12	4	1	0.297717
14	12	4	2	0.405114
14	12	5	1	0.422358
14	12	5	2	0.785344
14	6	1	1	0.435957
14	6	1	2	0.830744
14	6	2	1	0.282583
14	6	2	2	0.365713
14	6	3	1	0.257483
14	6	3	2	0.312044
14	6	4	1	0.255055
14	6	4	2	0.302151
14	6	5	1	0.510132
14	6	5	2	1.087298
14	4	1	1	0.542629
14	4	1	2	1.203706
14	4	2	1	0.306076
14	4	2	2	0.427793
14	4	3	1	0.250401
14	4	3	2	0.298951
14	4	4	1	0.293733
14	4	4	2	0.394518
14	4	5	1	0.526181
14	4	5	2	1.144518
14	9	1	1	0.422358
14	9	1	2	0.785344
14	9	2	1	0.253223
14	9	2	2	0.298561
14	9	3	1	0.326472
14	9	3	2	0.399619
14	9	4	1	0.253223
14	9	4	2	0.298561
14	9	5	1	0.442913
14	9	5	2	0.854183
15	1	1	1	0.422358
15	1	1	2	0.785344
15	1	2	1	0.301833
15	1	2	2	0.416205
15	1	3	1	0.375359
15	1	3	2	0.446007
15	1	4	1	0.289880
15	1	4	2	0.384419
15	1	5	1	0.435957
15	1	5	2	0.830744
15	10	1	1	0.526181
15	10	1	2	1.144518
15	10	2	1	0.251580
15	10	2	2	0.295478
15	10	3	1	0.264683
15	10	3	2	0.323750
15	10	4	1	0.251580
15	10	4	2	0.295478
15	10	5	1	0.534355
15	10	5	2	1.173866
15	2	1	1	0.435957
15	2	1	2	0.830744
15	2	2	1	0.246870
15	2	2	2	0.290921
15	2	3	1	0.264683
15	2	3	2	0.323750
15	2	4	1	0.279143
15	2	4	2	0.357106
15	2	5	1	0.422358
15	2	5	2	0.785344
15	3	1	1	0.568043
15	3	1	2	1.296180
15	3	2	1	0.246504
15	3	2	2	0.287741
15	3	3	1	0.250401
15	3	3	2	0.298951
15	3	4	1	0.279143
15	3	4	2	0.357106
15	3	5	1	0.534355
15	3	5	2	1.173866
15	6	1	1	0.534355
15	6	1	2	1.173866
15	6	2	1	0.247069
15	6	2	2	0.288257
15	6	3	1	0.257483
15	6	3	2	0.312044
15	6	4	1	0.246870
15	6	4	2	0.290921
15	6	5	1	0.366437
15	6	5	2	0.605446
15	5	1	1	0.510132
15	5	1	2	1.087298
15	5	2	1	0.253223
15	5	2	2	0.298561
15	5	3	1	0.340328
15	5	3	2	0.413505
15	5	4	1	0.261626
15	5	4	2	0.315953
15	5	5	1	0.576712
15	5	5	2	1.327989
15	12	1	1	0.378104
15	12	1	2	0.641971
15	12	2	1	0.310446
15	12	2	2	0.439877
15	12	3	1	0.248870
15	12	3	2	0.295725
15	12	4	1	0.275847
15	12	4	2	0.348998
15	12	5	1	0.384103
15	12	5	2	0.660973
15	7	1	1	0.415716
15	7	1	2	0.763383
15	7	2	1	0.255055
15	7	2	2	0.302151
15	7	3	1	0.252324
15	7	3	2	0.302739
15	7	4	1	0.264155
15	7	4	2	0.321560
15	7	5	1	0.422358
15	7	5	2	0.785344
15	14	1	1	0.559473
15	14	1	2	1.264864
15	14	2	1	0.293733
15	14	2	2	0.394518
15	14	3	1	0.375359
15	14	3	2	0.446007
15	14	4	1	0.297717
15	14	4	2	0.405114
15	14	5	1	0.360770
15	14	5	2	0.587924
15	13	1	1	0.402749
15	13	1	2	0.720940
15	13	2	1	0.279143
15	13	2	2	0.357106
15	13	3	1	0.295088
15	13	3	2	0.364835
15	13	4	1	0.282583
15	13	4	2	0.365713
15	13	5	1	0.396426
15	13	5	2	0.700458
15	8	1	1	0.486811
15	8	1	2	1.005161
15	8	2	1	0.275847
15	8	2	2	0.348998
15	8	3	1	0.264683
15	8	3	2	0.323750
15	8	4	1	0.282583
15	8	4	2	0.365713
15	8	5	1	0.568043
15	8	5	2	1.296180
15	11	1	1	0.422358
15	11	1	2	0.785344
15	11	2	1	0.310446
15	11	2	2	0.439877
15	11	3	1	0.456768
15	11	3	2	0.513825
15	11	4	1	0.247069
15	11	4	2	0.288257
15	11	5	1	0.464402
15	11	5	2	0.927456
15	9	1	1	0.415716
15	9	1	2	0.763383
15	9	2	1	0.246504
15	9	2	2	0.287741
15	9	3	1	0.250401
15	9	3	2	0.298951
15	9	4	1	0.275847
15	9	4	2	0.348998
15	9	5	1	0.486811
15	9	5	2	1.005161
15	4	1	1	0.409180
15	4	1	2	0.741915
15	4	2	1	0.247069
15	4	2	2	0.288257
15	4	3	1	0.340328
15	4	3	2	0.413505
15	4	4	1	0.253223
15	4	4	2	0.298561
15	4	5	1	0.378104
15	4	5	2	0.641971
0	11	1	1	0.449973
0	11	1	2	0.878115
0	11	2	1	0.247702
0	11	2	2	0.293050
0	11	3	1	0.456768
0	11	3	2	0.513825
0	11	4	1	0.246504
0	11	4	2	0.287741
0	11	5	1	0.479240
0	11	5	2	0.978767
0	8	1	1	0.449973
0	8	1	2	0.878115
0	8	2	1	0.246353
0	8	2	2	0.289331
0	8	3	1	0.264683
0	8	3	2	0.323750
0	8	4	1	0.250135
0	8	4	2	0.292905
0	8	5	1	0.464402
0	8	5	2	0.927456
0	13	1	1	0.409180
0	13	1	2	0.741915
0	13	2	1	0.269695
0	13	2	2	0.334278
0	13	3	1	0.287219
0	13	3	2	0.355115
0	13	4	1	0.297717
0	13	4	2	0.405114
0	13	5	1	0.502258
0	13	5	2	1.059427
0	14	1	1	0.366437
0	14	1	2	0.605446
0	14	2	1	0.246353
0	14	2	2	0.289331
0	14	3	1	0.280358
0	14	3	2	0.346196
0	14	4	1	0.255055
0	14	4	2	0.302151
0	14	5	1	0.384103
0	14	5	2	0.660973
0	7	1	1	0.479240
0	7	1	2	0.978767
0	7	2	1	0.275847
0	7	2	2	0.348998
0	7	3	1	0.248870
0	7	3	2	0.295725
0	7	4	1	0.247069
0	7	4	2	0.288257
0	7	5	1	0.435957
0	7	5	2	0.830744
0	5	1	1	0.422358
0	5	1	2	0.785344
0	5	2	1	0.293733
0	5	2	2	0.394518
0	5	3	1	0.257483
0	5	3	2	0.312044
0	5	4	1	0.266846
0	5	4	2	0.327669
0	5	5	1	0.502258
0	5	5	2	1.059427
0	12	1	1	0.402749
0	12	1	2	0.720940
0	12	2	1	0.306076
0	12	2	2	0.427793
0	12	3	1	0.326472
0	12	3	2	0.399619
0	12	4	1	0.246870
0	12	4	2	0.290921
0	12	5	1	0.390210
0	12	5	2	0.680469
0	4	1	1	0.435957
0	4	1	2	0.830744
0	4	2	1	0.261626
0	4	2	2	0.315953
0	4	3	1	0.269185
0	4	3	2	0.330552
0	4	4	1	0.246187
0	4	4	2	0.287745
0	4	5	1	0.551002
0	4	5	2	1.234039
0	15	1	1	0.360770
0	15	1	2	0.587924
0	15	2	1	0.246870
0	15	2	2	0.290921
0	15	3	1	0.397708
0	15	3	2	0.465383
0	15	4	1	0.275847
0	15	4	2	0.348998
0	15	5	1	0.396426
0	15	5	2	0.700458
0	1	1	1	0.422358
0	1	1	2	0.785344
0	1	2	1	0.269695
0	1	2	2	0.334278
0	1	3	1	0.280358
0	1	3	2	0.346196
0	1	4	1	0.275847
0	1	4	2	0.348998
0	1	5	1	0.409180
0	1	5	2	0.741915
0	10	1	1	0.366437
0	10	1	2	0.605446
0	10	2	1	0.310446
0	10	2	2	0.439877
0	10	3	1	0.260803
0	10	3	2	0.317588
0	10	4	1	0.257070
0	10	4	2	0.306247
0	10	5	1	0.366437
0	10	5	2	0.605446
0	6	1	1	0.396426
0	6	1	2	0.700458
0	6	2	1	0.250135
0	6	2	2	0.292905
0	6	3	1	0.274382
0	6	3	2	0.338023
0	6	4	1	0.272696
0	6	4	2	0.341388
0	6	5	1	0.551002
0	6	5	2	1.234039
0	9	1	1	0.366437
0	9	1	2	0.605446
0	9	2	1	0.279143
0	9	2	2	0.357106
0	9	3	1	0.248870
0	9	3	2	0.295725
0	9	4	1	0.269695
0	9	4	2	0.334278
0	9	5	1	0.402749
0	9	5	2	0.720940
0	2	1	1	0.464402
0	2	1	2	0.927456
0	2	2	1	0.246504
0	2	2	2	0.287741
0	2	3	1	0.264683
0	2	3	2	0.323750
0	2	4	1	0.261626
0	2	4	2	0.315953
0	2	5	1	0.510132
0	2	5	2	1.087298
0	3	1	1	0.384103
0	3	1	2	0.660973
0	3	2	1	0.279143
0	3	2	2	0.357106
0	3	3	1	0.326472
0	3	3	2	0.399619
0	3	4	1	0.247069
0	3	4	2	0.288257
0	3	5	1	0.464402
0	3	5	2	0.927456
11	0	1	1	0.526181
11	0	1	2	1.144518
11	0	2	1	0.246187
11	0	2	2	0.287745
11	0	3	1	0.248870
11	0	3	2	0.295725
11	0	4	1	0.293733
11	0	4	2	0.394518
11	0	5	1	0.526181
11	0	5	2	1.144518
8	0	1	1	0.409180
8	0	1	2	0.741915
8	0	2	1	0.246504
8	0	2	2	0.287741
8	0	3	1	0.274382
8	0	3	2	0.338023
8	0	4	1	0.250135
8	0	4	2	0.292905
8	0	5	1	0.486811
8	0	5	2	1.005161
13	0	1	1	0.429105
13	0	1	2	0.807797
13	0	2	1	0.266846
13	0	2	2	0.327669
13	0	3	1	0.314502
13	0	3	2	0.386980
13	0	4	1	0.259262
13	0	4	2	0.310848
13	0	5	1	0.502258
13	0	5	2	1.059427
14	0	1	1	0.429105
14	0	1	2	0.807797
14	0	2	1	0.246353
14	0	2	2	0.289331
14	0	3	1	0.257483
14	0	3	2	0.312044
14	0	4	1	0.247702
14	0	4	2	0.293050
14	0	5	1	0.378104
14	0	5	2	0.641971
7	0	1	1	0.510132
7	0	1	2	1.087298
7	0	2	1	0.264155
7	0	2	2	0.321560
7	0	3	1	0.456768
7	0	3	2	0.513825
7	0	4	1	0.282583
7	0	4	2	0.365713
7	0	5	1	0.384103
7	0	5	2	0.660973
5	0	1	1	0.568043
5	0	1	2	1.296180
5	0	2	1	0.257070
5	0	2	2	0.306247
5	0	3	1	0.274382
5	0	3	2	0.338023
5	0	4	1	0.247069
5	0	4	2	0.288257
5	0	5	1	0.464402
5	0	5	2	0.927456
12	0	1	1	0.415716
12	0	1	2	0.763383
12	0	2	1	0.255055
12	0	2	2	0.302151
12	0	3	1	0.314502
12	0	3	2	0.386980
12	0	4	1	0.297717
12	0	4	2	0.405114
12	0	5	1	0.526181
12	0	5	2	1.144518
4	0	1	1	0.502258
4	0	1	2	1.059427
4	0	2	1	0.310446
4	0	2	2	0.439877
4	0	3	1	0.264683
4	0	3	2	0.323750
4	0	4	1	0.301833
4	0	4	2	0.416205
4	0	5	1	0.415716
4	0	5	2	0.763383
15	0	1	1	0.534355
15	0	1	2	1.173866
15	0	2	1	0.248870
15	0	2	2	0.295725
15	0	3	1	0.314502
15	0	3	2	0.386980
15	0	4	1	0.275847
15	0	4	2	0.348998
15	0	5	1	0.542629
15	0	5	2	1.203706
1	0	1	1	0.510132
1	0	1	2	1.087298
1	0	2	1	0.253223
1	0	2	2	0.298561
1	0	3	1	0.375359
1	0	3	2	0.446007
1	0	4	1	0.293733
1	0	4	2	0.394518
1	0	5	1	0.534355
1	0	5	2	1.173866
10	0	1	1	0.576712
10	0	1	2	1.327989
10	0	2	1	0.259262
10	0	2	2	0.310848
10	0	3	1	0.356456
10	0	3	2	0.428864
10	0	4	1	0.266846
10	0	4	2	0.327669
10	0	5	1	0.471770
10	0	5	2	0.952865
6	0	1	1	0.415716
6	0	1	2	0.763383
6	0	2	1	0.261626
6	0	2	2	0.315953
6	0	3	1	0.356456
6	0	3	2	0.428864
6	0	4	1	0.246353
6	0	4	2	0.289331
6	0	5	1	0.494484
6	0	5	2	1.032048
9	0	1	1	0.457136
9	0	1	2	0.902539
9	0	2	1	0.306076
9	0	2	2	0.427793
9	0	3	1	0.269185
9	0	3	2	0.330552
9	0	4	1	0.301833
9	0	4	2	0.416205
9	0	5	1	0.378104
9	0	5	2	0.641971
2	0	1	1	0.429105
2	0	1	2	0.807797
2	0	2	1	0.253223
2	0	2	2	0.298561
2	0	3	1	0.274382
2	0	3	2	0.338023
2	0	4	1	0.247069
2	0	4	2	0.288257
2	0	5	1	0.435957
2	0	5	2	0.830744
3	0	1	1	0.449973
3	0	1	2	0.878115
3	0	2	1	0.289880
3	0	2	2	0.384419
3	0	3	1	0.314502
3	0	3	2	0.386980
3	0	4	1	0.264155
3	0	4	2	0.321560
3	0	5	1	0.576712
3	0	5	2	1.327989
;
