param:	TIME:	Ts	Te:=
1	0   108
2	108   216
3	216   324
4	324   432
5	432   540
;
param:	NODE:	r	st	WS	WE:=
0	0	0	0	540
1	465	5	15	327
2	828	9	41	374
3	699	8	77	412
4	624	7	59	393
5	774	9	73	397
6	1371	15	18	356
7	2469	27	60	387
8	1512	17	83	401
9	1536	17	35	374
10	1041	12	69	384
11	1677	19	50	383
12	1107	12	86	423
13	897	10	75	403
14	1266	14	42	384
15	780	9	48	366
;
param: VEHICLE:	Ch	Lh	Ph	ch:=
1	10000	150	2.2384e-005	2.66374
2	15000	200	1.79961e-005	2.66374
3	10000	150	2.2384e-005	2.66374
;
param q_real:=3;
param	nth:=14;
param	nth1:=15;
param:	ARC:	D:=
1	9	10.850000
1	14	19.600000
1	11	27.680000
1	3	39.889999
1	13	47.810001
1	12	52.880001
1	10	56.080002
1	6	56.639999
1	15	56.669998
1	7	60.220001
1	4	67.790001
1	8	94.981003
1	5	96.680000
1	2	96.809998
2	5	9.960000
2	15	51.119999
2	4	51.169998
2	10	61.640999
2	12	64.800003
2	3	73.511002
2	14	95.010002
2	1	95.889999
2	9	96.769997
2	8	103.170998
2	6	116.111000
2	11	120.839996
2	13	130.751007
2	7	142.130997
3	10	23.040001
3	4	36.400002
3	1	40.240002
3	6	45.220001
3	9	47.259998
3	15	49.279999
3	14	50.049999
3	11	50.570000
3	12	52.020000
3	13	58.529999
3	8	59.540001
3	7	70.309998
3	5	72.150002
3	2	73.791000
4	10	23.889999
4	3	35.759998
4	15	44.009998
4	5	46.099998
4	2	51.250000
4	12	53.139999
4	8	65.419998
4	1	67.339996
4	14	69.660004
4	9	71.239998
4	6	78.360001
4	11	85.040001
4	13	93.000000
4	7	104.379997
5	2	9.840000
5	4	45.950001
5	15	51.869999
5	10	60.139999
5	12	65.550003
5	3	72.010002
5	14	94.790001
5	1	95.669998
5	9	96.550003
5	8	101.669998
5	6	114.610001
5	11	120.620003
5	13	129.250000
5	7	140.630005
6	13	26.250000
6	7	29.889999
6	11	38.740002
6	3	45.189999
6	1	56.279999
6	10	63.400002
6	9	65.591003
6	14	73.740997
6	4	79.050003
6	8	81.879997
6	15	90.860001
6	12	91.620003
6	5	114.800003
6	2	116.441002
7	13	14.150000
7	6	29.650000
7	11	33.759998
7	1	60.169998
7	9	68.540001
7	3	70.070000
7	14	78.489998
7	10	90.980003
7	4	104.339996
7	12	105.320000
7	15	107.760002
7	8	111.529999
7	5	140.089996
7	2	141.731003
8	10	44.310001
8	3	60.230000
8	4	66.730003
8	6	81.290001
8	15	87.309998
8	12	94.949997
8	1	94.961998
8	9	101.822998
8	5	102.480003
8	14	102.589996
8	11	103.660004
8	13	103.980003
8	2	104.121002
8	7	111.180000
9	1	10.590000
9	14	11.120000
9	11	35.459999
9	3	46.549999
9	12	49.439999
9	15	55.820000
9	13	56.849998
9	10	60.410000
9	6	65.970001
9	7	68.480003
9	4	71.440002
9	5	96.849998
9	2	96.980003
9	8	101.662003
10	3	22.730000
10	4	24.389999
10	8	43.410000
10	15	44.970001
10	12	52.849998
10	1	56.369999
10	5	60.139999
10	14	60.669998
10	9	60.970001
10	2	61.780998
10	6	62.119999
10	11	71.300003
10	13	78.879997
10	7	90.099998
11	13	23.150000
11	1	27.540001
11	7	33.810001
11	9	35.330002
11	6	38.900002
11	14	45.860001
11	3	50.290001
11	10	72.040001
11	12	79.449997
11	15	81.930000
11	4	85.400002
11	8	103.849998
11	5	121.150002
11	2	121.150002
12	15	15.821000
12	14	44.369999
12	9	50.200001
12	10	52.000000
12	3	52.330002
12	1	53.400002
12	4	53.910000
12	2	65.331001
12	5	65.960999
12	11	79.440002
12	6	91.300003
12	13	91.889999
12	8	93.849998
12	7	105.339996
13	7	14.150000
13	11	23.100000
13	6	26.290001
13	1	47.990002
13	9	57.080002
13	3	58.110001
13	14	66.339996
13	10	79.709999
13	12	91.860001
13	4	93.070000
13	15	94.300003
13	8	104.690002
13	5	128.820007
13	2	130.460999
14	9	11.110000
14	1	19.870001
14	12	44.779999
14	11	46.119999
14	3	50.279999
14	15	53.340000
14	10	60.320000
14	13	66.419998
14	4	70.989998
14	6	74.471001
14	7	78.830002
14	5	95.800003
14	2	95.930000
14	8	102.459999
15	12	15.280000
15	4	44.560001
15	10	45.580002
15	3	49.500000
15	2	51.099998
15	5	51.730000
15	14	53.439999
15	1	56.619999
15	9	56.630001
15	11	82.000000
15	8	87.110001
15	6	91.320000
15	13	94.449997
15	7	107.900002
0	10	14.940000
0	8	29.639999
0	3	34.669998
0	4	38.209999
0	15	58.790001
0	6	62.520000
0	12	65.580002
0	1	68.440002
0	14	73.220001
0	9	73.519997
0	5	73.959999
0	2	75.600998
0	11	79.889999
0	13	82.860001
0	7	92.339996
10	0	13.920000
8	0	30.010000
3	0	33.950001
4	0	36.250000
15	0	57.939999
6	0	61.790001
12	0	64.360001
1	0	68.379997
5	0	72.500000
14	0	72.680000
9	0	72.769997
2	0	74.000999
11	0	79.370003
13	0	82.239998
7	0	91.410004
;
param:	v:=
1	9	1	85
1	9	2	52
1	9	3	27
1	9	4	52
1	9	5	91
1	14	1	88
1	14	2	34
1	14	3	29
1	14	4	57
1	14	5	76
1	11	1	99
1	11	2	46
1	11	3	11
1	11	4	50
1	11	5	74
1	3	1	88
1	3	2	56
1	3	3	15
1	3	4	57
1	3	5	73
1	13	1	73
1	13	2	59
1	13	3	16
1	13	4	40
1	13	5	85
1	12	1	89
1	12	2	37
1	12	3	17
1	12	4	59
1	12	5	93
1	10	1	97
1	10	2	48
1	10	3	15
1	10	4	49
1	10	5	97
1	6	1	73
1	6	2	36
1	6	3	11
1	6	4	30
1	6	5	79
1	15	1	88
1	15	2	42
1	15	3	25
1	15	4	39
1	15	5	78
1	7	1	98
1	7	2	32
1	7	3	20
1	7	4	36
1	7	5	96
1	4	1	82
1	4	2	30
1	4	3	20
1	4	4	40
1	4	5	100
1	8	1	74
1	8	2	51
1	8	3	18
1	8	4	33
1	8	5	81
1	5	1	87
1	5	2	50
1	5	3	26
1	5	4	54
1	5	5	95
1	2	1	95
1	2	2	57
1	2	3	28
1	2	4	56
1	2	5	85
2	5	1	97
2	5	2	46
2	5	3	12
2	5	4	42
2	5	5	88
2	15	1	83
2	15	2	41
2	15	3	25
2	15	4	59
2	15	5	83
2	4	1	84
2	4	2	35
2	4	3	30
2	4	4	52
2	4	5	85
2	10	1	95
2	10	2	52
2	10	3	11
2	10	4	44
2	10	5	78
2	12	1	91
2	12	2	37
2	12	3	25
2	12	4	44
2	12	5	81
2	3	1	75
2	3	2	32
2	3	3	23
2	3	4	44
2	3	5	74
2	14	1	80
2	14	2	31
2	14	3	17
2	14	4	38
2	14	5	97
2	1	1	76
2	1	2	32
2	1	3	20
2	1	4	44
2	1	5	92
2	9	1	80
2	9	2	38
2	9	3	15
2	9	4	46
2	9	5	74
2	8	1	75
2	8	2	48
2	8	3	23
2	8	4	44
2	8	5	98
2	6	1	97
2	6	2	34
2	6	3	28
2	6	4	43
2	6	5	84
2	11	1	91
2	11	2	46
2	11	3	27
2	11	4	46
2	11	5	74
2	13	1	88
2	13	2	43
2	13	3	25
2	13	4	57
2	13	5	94
2	7	1	71
2	7	2	49
2	7	3	10
2	7	4	45
2	7	5	81
3	10	1	86
3	10	2	43
3	10	3	21
3	10	4	41
3	10	5	78
3	4	1	98
3	4	2	37
3	4	3	25
3	4	4	48
3	4	5	100
3	1	1	70
3	1	2	39
3	1	3	15
3	1	4	37
3	1	5	100
3	6	1	96
3	6	2	30
3	6	3	14
3	6	4	41
3	6	5	87
3	9	1	77
3	9	2	50
3	9	3	19
3	9	4	60
3	9	5	71
3	15	1	76
3	15	2	38
3	15	3	29
3	15	4	60
3	15	5	82
3	14	1	90
3	14	2	34
3	14	3	29
3	14	4	47
3	14	5	96
3	11	1	93
3	11	2	41
3	11	3	21
3	11	4	49
3	11	5	98
3	12	1	70
3	12	2	34
3	12	3	12
3	12	4	60
3	12	5	70
3	13	1	89
3	13	2	52
3	13	3	17
3	13	4	31
3	13	5	90
3	8	1	72
3	8	2	48
3	8	3	15
3	8	4	55
3	8	5	81
3	7	1	86
3	7	2	48
3	7	3	28
3	7	4	36
3	7	5	77
3	5	1	80
3	5	2	34
3	5	3	29
3	5	4	52
3	5	5	75
3	2	1	85
3	2	2	31
3	2	3	17
3	2	4	32
3	2	5	97
4	10	1	82
4	10	2	53
4	10	3	26
4	10	4	53
4	10	5	84
4	3	1	96
4	3	2	57
4	3	3	14
4	3	4	42
4	3	5	78
4	15	1	89
4	15	2	59
4	15	3	24
4	15	4	47
4	15	5	98
4	5	1	85
4	5	2	52
4	5	3	19
4	5	4	52
4	5	5	97
4	2	1	100
4	2	2	40
4	2	3	28
4	2	4	46
4	2	5	82
4	12	1	84
4	12	2	52
4	12	3	18
4	12	4	44
4	12	5	81
4	8	1	86
4	8	2	58
4	8	3	12
4	8	4	49
4	8	5	100
4	1	1	85
4	1	2	39
4	1	3	28
4	1	4	42
4	1	5	81
4	14	1	83
4	14	2	58
4	14	3	27
4	14	4	57
4	14	5	85
4	9	1	82
4	9	2	58
4	9	3	11
4	9	4	54
4	9	5	94
4	6	1	98
4	6	2	48
4	6	3	15
4	6	4	51
4	6	5	84
4	11	1	97
4	11	2	49
4	11	3	11
4	11	4	58
4	11	5	72
4	13	1	91
4	13	2	55
4	13	3	12
4	13	4	50
4	13	5	93
4	7	1	91
4	7	2	43
4	7	3	17
4	7	4	37
4	7	5	90
5	2	1	99
5	2	2	58
5	2	3	28
5	2	4	35
5	2	5	73
5	4	1	77
5	4	2	33
5	4	3	28
5	4	4	58
5	4	5	70
5	15	1	83
5	15	2	40
5	15	3	13
5	15	4	58
5	15	5	72
5	10	1	98
5	10	2	39
5	10	3	13
5	10	4	60
5	10	5	98
5	12	1	98
5	12	2	55
5	12	3	11
5	12	4	49
5	12	5	91
5	3	1	87
5	3	2	44
5	3	3	26
5	3	4	52
5	3	5	80
5	14	1	84
5	14	2	40
5	14	3	28
5	14	4	59
5	14	5	70
5	1	1	87
5	1	2	59
5	1	3	22
5	1	4	41
5	1	5	80
5	9	1	97
5	9	2	34
5	9	3	15
5	9	4	53
5	9	5	85
5	8	1	80
5	8	2	34
5	8	3	11
5	8	4	47
5	8	5	74
5	6	1	87
5	6	2	52
5	6	3	18
5	6	4	57
5	6	5	83
5	11	1	91
5	11	2	31
5	11	3	16
5	11	4	35
5	11	5	88
5	13	1	94
5	13	2	52
5	13	3	16
5	13	4	57
5	13	5	92
5	7	1	71
5	7	2	53
5	7	3	11
5	7	4	35
5	7	5	94
6	13	1	79
6	13	2	48
6	13	3	22
6	13	4	30
6	13	5	88
6	7	1	80
6	7	2	42
6	7	3	21
6	7	4	50
6	7	5	79
6	11	1	97
6	11	2	44
6	11	3	14
6	11	4	57
6	11	5	83
6	3	1	94
6	3	2	57
6	3	3	25
6	3	4	47
6	3	5	89
6	1	1	98
6	1	2	41
6	1	3	11
6	1	4	47
6	1	5	72
6	10	1	89
6	10	2	35
6	10	3	23
6	10	4	60
6	10	5	98
6	9	1	98
6	9	2	54
6	9	3	27
6	9	4	44
6	9	5	77
6	14	1	83
6	14	2	53
6	14	3	20
6	14	4	56
6	14	5	88
6	4	1	95
6	4	2	37
6	4	3	18
6	4	4	43
6	4	5	79
6	8	1	100
6	8	2	49
6	8	3	26
6	8	4	56
6	8	5	96
6	15	1	86
6	15	2	60
6	15	3	26
6	15	4	52
6	15	5	85
6	12	1	72
6	12	2	59
6	12	3	28
6	12	4	43
6	12	5	74
6	5	1	83
6	5	2	59
6	5	3	11
6	5	4	30
6	5	5	92
6	2	1	87
6	2	2	59
6	2	3	13
6	2	4	43
6	2	5	99
7	13	1	86
7	13	2	57
7	13	3	16
7	13	4	38
7	13	5	77
7	6	1	73
7	6	2	57
7	6	3	27
7	6	4	45
7	6	5	87
7	11	1	70
7	11	2	37
7	11	3	16
7	11	4	45
7	11	5	91
7	1	1	92
7	1	2	42
7	1	3	20
7	1	4	52
7	1	5	98
7	9	1	82
7	9	2	56
7	9	3	15
7	9	4	42
7	9	5	94
7	3	1	95
7	3	2	51
7	3	3	18
7	3	4	40
7	3	5	77
7	14	1	84
7	14	2	44
7	14	3	16
7	14	4	33
7	14	5	76
7	10	1	84
7	10	2	51
7	10	3	19
7	10	4	30
7	10	5	92
7	4	1	86
7	4	2	55
7	4	3	28
7	4	4	32
7	4	5	90
7	12	1	85
7	12	2	35
7	12	3	24
7	12	4	57
7	12	5	100
7	15	1	74
7	15	2	37
7	15	3	30
7	15	4	36
7	15	5	76
7	8	1	81
7	8	2	59
7	8	3	19
7	8	4	42
7	8	5	71
7	5	1	75
7	5	2	58
7	5	3	29
7	5	4	31
7	5	5	83
7	2	1	83
7	2	2	40
7	2	3	10
7	2	4	54
7	2	5	85
8	10	1	91
8	10	2	37
8	10	3	26
8	10	4	56
8	10	5	76
8	3	1	74
8	3	2	30
8	3	3	21
8	3	4	53
8	3	5	92
8	4	1	96
8	4	2	60
8	4	3	25
8	4	4	40
8	4	5	84
8	6	1	75
8	6	2	51
8	6	3	28
8	6	4	55
8	6	5	76
8	15	1	74
8	15	2	54
8	15	3	11
8	15	4	36
8	15	5	93
8	12	1	89
8	12	2	53
8	12	3	10
8	12	4	32
8	12	5	91
8	1	1	89
8	1	2	54
8	1	3	16
8	1	4	59
8	1	5	82
8	9	1	75
8	9	2	55
8	9	3	12
8	9	4	38
8	9	5	93
8	5	1	81
8	5	2	50
8	5	3	26
8	5	4	48
8	5	5	70
8	14	1	72
8	14	2	56
8	14	3	29
8	14	4	50
8	14	5	86
8	11	1	80
8	11	2	51
8	11	3	24
8	11	4	31
8	11	5	89
8	13	1	86
8	13	2	44
8	13	3	15
8	13	4	50
8	13	5	95
8	2	1	83
8	2	2	47
8	2	3	11
8	2	4	33
8	2	5	88
8	7	1	70
8	7	2	39
8	7	3	19
8	7	4	39
8	7	5	80
9	1	1	87
9	1	2	35
9	1	3	21
9	1	4	49
9	1	5	94
9	14	1	70
9	14	2	53
9	14	3	21
9	14	4	60
9	14	5	84
9	11	1	97
9	11	2	40
9	11	3	16
9	11	4	43
9	11	5	80
9	3	1	85
9	3	2	34
9	3	3	18
9	3	4	48
9	3	5	72
9	12	1	71
9	12	2	44
9	12	3	11
9	12	4	48
9	12	5	97
9	15	1	74
9	15	2	30
9	15	3	15
9	15	4	38
9	15	5	82
9	13	1	82
9	13	2	52
9	13	3	24
9	13	4	48
9	13	5	85
9	10	1	94
9	10	2	53
9	10	3	21
9	10	4	43
9	10	5	84
9	6	1	72
9	6	2	32
9	6	3	18
9	6	4	60
9	6	5	85
9	7	1	99
9	7	2	52
9	7	3	26
9	7	4	31
9	7	5	71
9	4	1	86
9	4	2	58
9	4	3	12
9	4	4	45
9	4	5	98
9	5	1	90
9	5	2	41
9	5	3	15
9	5	4	57
9	5	5	78
9	2	1	92
9	2	2	47
9	2	3	15
9	2	4	48
9	2	5	76
9	8	1	100
9	8	2	31
9	8	3	22
9	8	4	34
9	8	5	92
10	3	1	77
10	3	2	38
10	3	3	22
10	3	4	56
10	3	5	71
10	4	1	84
10	4	2	52
10	4	3	14
10	4	4	50
10	4	5	97
10	8	1	100
10	8	2	38
10	8	3	27
10	8	4	34
10	8	5	99
10	15	1	94
10	15	2	56
10	15	3	23
10	15	4	33
10	15	5	79
10	12	1	98
10	12	2	33
10	12	3	21
10	12	4	33
10	12	5	78
10	1	1	99
10	1	2	56
10	1	3	12
10	1	4	59
10	1	5	87
10	5	1	90
10	5	2	60
10	5	3	22
10	5	4	43
10	5	5	100
10	14	1	100
10	14	2	45
10	14	3	12
10	14	4	52
10	14	5	78
10	9	1	76
10	9	2	36
10	9	3	20
10	9	4	59
10	9	5	79
10	2	1	71
10	2	2	30
10	2	3	12
10	2	4	31
10	2	5	92
10	6	1	75
10	6	2	40
10	6	3	15
10	6	4	53
10	6	5	83
10	11	1	84
10	11	2	60
10	11	3	18
10	11	4	32
10	11	5	71
10	13	1	95
10	13	2	50
10	13	3	17
10	13	4	54
10	13	5	94
10	7	1	81
10	7	2	42
10	7	3	11
10	7	4	49
10	7	5	79
11	13	1	92
11	13	2	49
11	13	3	30
11	13	4	36
11	13	5	96
11	1	1	87
11	1	2	57
11	1	3	25
11	1	4	34
11	1	5	97
11	7	1	70
11	7	2	43
11	7	3	28
11	7	4	34
11	7	5	81
11	9	1	88
11	9	2	58
11	9	3	18
11	9	4	54
11	9	5	73
11	6	1	73
11	6	2	39
11	6	3	22
11	6	4	31
11	6	5	85
11	14	1	73
11	14	2	56
11	14	3	14
11	14	4	30
11	14	5	95
11	3	1	71
11	3	2	56
11	3	3	18
11	3	4	57
11	3	5	81
11	10	1	78
11	10	2	49
11	10	3	13
11	10	4	55
11	10	5	95
11	12	1	75
11	12	2	39
11	12	3	21
11	12	4	50
11	12	5	89
11	15	1	87
11	15	2	40
11	15	3	17
11	15	4	43
11	15	5	73
11	4	1	82
11	4	2	55
11	4	3	15
11	4	4	34
11	4	5	84
11	8	1	97
11	8	2	59
11	8	3	26
11	8	4	37
11	8	5	96
11	5	1	94
11	5	2	60
11	5	3	14
11	5	4	41
11	5	5	81
11	2	1	82
11	2	2	58
11	2	3	22
11	2	4	46
11	2	5	100
12	15	1	82
12	15	2	56
12	15	3	25
12	15	4	36
12	15	5	76
12	14	1	80
12	14	2	47
12	14	3	15
12	14	4	31
12	14	5	73
12	9	1	79
12	9	2	60
12	9	3	13
12	9	4	37
12	9	5	73
12	10	1	93
12	10	2	47
12	10	3	26
12	10	4	33
12	10	5	87
12	3	1	97
12	3	2	54
12	3	3	13
12	3	4	34
12	3	5	97
12	1	1	80
12	1	2	43
12	1	3	19
12	1	4	44
12	1	5	80
12	4	1	90
12	4	2	42
12	4	3	19
12	4	4	36
12	4	5	99
12	2	1	76
12	2	2	37
12	2	3	28
12	2	4	34
12	2	5	86
12	5	1	72
12	5	2	46
12	5	3	10
12	5	4	33
12	5	5	87
12	11	1	77
12	11	2	45
12	11	3	16
12	11	4	38
12	11	5	71
12	6	1	91
12	6	2	45
12	6	3	28
12	6	4	53
12	6	5	78
12	13	1	84
12	13	2	35
12	13	3	26
12	13	4	30
12	13	5	81
12	8	1	73
12	8	2	42
12	8	3	25
12	8	4	55
12	8	5	95
12	7	1	80
12	7	2	54
12	7	3	20
12	7	4	47
12	7	5	71
13	7	1	86
13	7	2	38
13	7	3	30
13	7	4	56
13	7	5	82
13	11	1	85
13	11	2	48
13	11	3	26
13	11	4	50
13	11	5	93
13	6	1	94
13	6	2	50
13	6	3	25
13	6	4	34
13	6	5	99
13	1	1	85
13	1	2	40
13	1	3	19
13	1	4	36
13	1	5	74
13	9	1	77
13	9	2	37
13	9	3	22
13	9	4	36
13	9	5	84
13	3	1	83
13	3	2	48
13	3	3	24
13	3	4	53
13	3	5	82
13	14	1	95
13	14	2	60
13	14	3	17
13	14	4	42
13	14	5	100
13	10	1	86
13	10	2	59
13	10	3	26
13	10	4	48
13	10	5	89
13	12	1	97
13	12	2	32
13	12	3	21
13	12	4	35
13	12	5	75
13	4	1	92
13	4	2	50
13	4	3	18
13	4	4	58
13	4	5	86
13	15	1	100
13	15	2	58
13	15	3	11
13	15	4	47
13	15	5	72
13	8	1	88
13	8	2	49
13	8	3	22
13	8	4	46
13	8	5	76
13	5	1	75
13	5	2	52
13	5	3	18
13	5	4	46
13	5	5	82
13	2	1	90
13	2	2	49
13	2	3	23
13	2	4	58
13	2	5	89
14	9	1	75
14	9	2	31
14	9	3	11
14	9	4	42
14	9	5	92
14	1	1	100
14	1	2	54
14	1	3	23
14	1	4	44
14	1	5	79
14	12	1	92
14	12	2	34
14	12	3	14
14	12	4	53
14	12	5	76
14	11	1	96
14	11	2	44
14	11	3	12
14	11	4	41
14	11	5	93
14	3	1	74
14	3	2	37
14	3	3	23
14	3	4	47
14	3	5	72
14	15	1	84
14	15	2	60
14	15	3	26
14	15	4	51
14	15	5	81
14	10	1	92
14	10	2	42
14	10	3	29
14	10	4	49
14	10	5	85
14	13	1	92
14	13	2	38
14	13	3	21
14	13	4	36
14	13	5	95
14	4	1	73
14	4	2	56
14	4	3	18
14	4	4	46
14	4	5	75
14	6	1	92
14	6	2	36
14	6	3	17
14	6	4	59
14	6	5	74
14	7	1	94
14	7	2	30
14	7	3	19
14	7	4	35
14	7	5	98
14	5	1	73
14	5	2	52
14	5	3	16
14	5	4	45
14	5	5	84
14	2	1	98
14	2	2	30
14	2	3	25
14	2	4	49
14	2	5	98
14	8	1	90
14	8	2	46
14	8	3	16
14	8	4	52
14	8	5	76
15	12	1	98
15	12	2	51
15	12	3	26
15	12	4	38
15	12	5	88
15	4	1	81
15	4	2	54
15	4	3	30
15	4	4	41
15	4	5	81
15	10	1	82
15	10	2	55
15	10	3	17
15	10	4	35
15	10	5	87
15	3	1	97
15	3	2	42
15	3	3	18
15	3	4	60
15	3	5	88
15	2	1	97
15	2	2	37
15	2	3	30
15	2	4	42
15	2	5	74
15	5	1	77
15	5	2	51
15	5	3	30
15	5	4	37
15	5	5	98
15	14	1	78
15	14	2	38
15	14	3	15
15	14	4	46
15	14	5	74
15	1	1	79
15	1	2	58
15	1	3	13
15	1	4	49
15	1	5	76
15	9	1	96
15	9	2	30
15	9	3	15
15	9	4	53
15	9	5	84
15	11	1	70
15	11	2	55
15	11	3	20
15	11	4	37
15	11	5	79
15	8	1	80
15	8	2	53
15	8	3	22
15	8	4	32
15	8	5	89
15	6	1	70
15	6	2	47
15	6	3	22
15	6	4	53
15	6	5	97
15	13	1	91
15	13	2	58
15	13	3	25
15	13	4	41
15	13	5	76
15	7	1	100
15	7	2	54
15	7	3	25
15	7	4	33
15	7	5	86
0	10	1	85
0	10	2	49
0	10	3	21
0	10	4	60
0	10	5	72
0	8	1	76
0	8	2	45
0	8	3	10
0	8	4	59
0	8	5	92
0	3	1	100
0	3	2	47
0	3	3	18
0	3	4	51
0	3	5	85
0	4	1	78
0	4	2	55
0	4	3	24
0	4	4	57
0	4	5	85
0	15	1	73
0	15	2	43
0	15	3	11
0	15	4	31
0	15	5	91
0	6	1	95
0	6	2	54
0	6	3	30
0	6	4	52
0	6	5	92
0	12	1	91
0	12	2	51
0	12	3	11
0	12	4	32
0	12	5	82
0	1	1	92
0	1	2	30
0	1	3	14
0	1	4	46
0	1	5	72
0	14	1	94
0	14	2	45
0	14	3	28
0	14	4	60
0	14	5	75
0	9	1	70
0	9	2	36
0	9	3	17
0	9	4	57
0	9	5	93
0	5	1	76
0	5	2	37
0	5	3	30
0	5	4	33
0	5	5	90
0	2	1	78
0	2	2	60
0	2	3	25
0	2	4	40
0	2	5	92
0	11	1	73
0	11	2	33
0	11	3	24
0	11	4	33
0	11	5	96
0	13	1	79
0	13	2	31
0	13	3	19
0	13	4	30
0	13	5	83
0	7	1	93
0	7	2	55
0	7	3	25
0	7	4	53
0	7	5	93
10	0	1	71
10	0	2	31
10	0	3	21
10	0	4	40
10	0	5	86
8	0	1	76
8	0	2	51
8	0	3	15
8	0	4	52
8	0	5	87
3	0	1	78
3	0	2	34
3	0	3	22
3	0	4	40
3	0	5	85
4	0	1	72
4	0	2	48
4	0	3	13
4	0	4	59
4	0	5	98
15	0	1	80
15	0	2	48
15	0	3	17
15	0	4	60
15	0	5	73
6	0	1	77
6	0	2	57
6	0	3	19
6	0	4	49
6	0	5	89
12	0	1	74
12	0	2	39
12	0	3	29
12	0	4	52
12	0	5	75
1	0	1	87
1	0	2	43
1	0	3	27
1	0	4	39
1	0	5	97
5	0	1	84
5	0	2	44
5	0	3	22
5	0	4	59
5	0	5	94
14	0	1	92
14	0	2	52
14	0	3	17
14	0	4	51
14	0	5	85
9	0	1	89
9	0	2	44
9	0	3	21
9	0	4	34
9	0	5	88
2	0	1	82
2	0	2	44
2	0	3	22
2	0	4	57
2	0	5	92
11	0	1	84
11	0	2	42
11	0	3	20
11	0	4	35
11	0	5	100
13	0	1	76
13	0	2	33
13	0	3	29
13	0	4	54
13	0	5	72
7	0	1	71
7	0	2	53
7	0	3	25
7	0	4	31
7	0	5	81
;
param:	g:=
1	9	1	1	0.457136
1	9	1	2	0.902539
1	9	2	1	0.279143
1	9	2	2	0.357106
1	9	3	1	0.254672
1	9	3	2	0.307099
1	9	4	1	0.279143
1	9	4	2	0.357106
1	9	5	1	0.502258
1	9	5	2	1.059427
1	14	1	1	0.479240
1	14	1	2	0.978767
1	14	2	1	0.246131
1	14	2	2	0.288274
1	14	3	1	0.250401
1	14	3	2	0.298951
1	14	4	1	0.297717
1	14	4	2	0.405114
1	14	5	1	0.396426
1	14	5	2	0.700458
1	11	1	1	0.568043
1	11	1	2	1.296180
1	11	2	1	0.261626
1	11	2	2	0.315953
1	11	3	1	0.424417
1	11	3	2	0.487653
1	11	4	1	0.272696
1	11	4	2	0.341388
1	11	5	1	0.384103
1	11	5	2	0.660973
1	3	1	1	0.479240
1	3	1	2	0.978767
1	3	2	1	0.293733
1	3	2	2	0.394518
1	3	3	1	0.340328
1	3	3	2	0.413505
1	3	4	1	0.297717
1	3	4	2	0.405114
1	3	5	1	0.378104
1	3	5	2	0.641971
1	13	1	1	0.378104
1	13	1	2	0.641971
1	13	2	1	0.306076
1	13	2	2	0.427793
1	13	3	1	0.326472
1	13	3	2	0.399619
1	13	4	1	0.250135
1	13	4	2	0.292905
1	13	5	1	0.457136
1	13	5	2	0.902539
1	12	1	1	0.486811
1	12	1	2	1.005161
1	12	2	1	0.247069
1	12	2	2	0.288257
1	12	3	1	0.314502
1	12	3	2	0.386980
1	12	4	1	0.306076
1	12	4	2	0.427793
1	12	5	1	0.518107
1	12	5	2	1.115662
1	10	1	1	0.551002
1	10	1	2	1.234039
1	10	2	1	0.266846
1	10	2	2	0.327669
1	10	3	1	0.340328
1	10	3	2	0.413505
1	10	4	1	0.269695
1	10	4	2	0.334278
1	10	5	1	0.551002
1	10	5	2	1.234039
1	6	1	1	0.378104
1	6	1	2	0.641971
1	6	2	1	0.246504
1	6	2	2	0.287741
1	6	3	1	0.424417
1	6	3	2	0.487653
1	6	4	1	0.248870
1	6	4	2	0.295725
1	6	5	1	0.415716
1	6	5	2	0.763383
1	15	1	1	0.479240
1	15	1	2	0.978767
1	15	2	1	0.253223
1	15	2	2	0.298561
1	15	3	1	0.260803
1	15	3	2	0.317588
1	15	4	1	0.248895
1	15	4	2	0.290842
1	15	5	1	0.409180
1	15	5	2	0.741915
1	7	1	1	0.559473
1	7	1	2	1.264864
1	7	2	1	0.246870
1	7	2	2	0.290921
1	7	3	1	0.287219
1	7	3	2	0.355115
1	7	4	1	0.246504
1	7	4	2	0.287741
1	7	5	1	0.542629
1	7	5	2	1.203706
1	4	1	1	0.435957
1	4	1	2	0.830744
1	4	2	1	0.248870
1	4	2	2	0.295725
1	4	3	1	0.287219
1	4	3	2	0.355115
1	4	4	1	0.250135
1	4	4	2	0.292905
1	4	5	1	0.576712
1	4	5	2	1.327989
1	8	1	1	0.384103
1	8	1	2	0.660973
1	8	2	1	0.275847
1	8	2	2	0.348998
1	8	3	1	0.304119
1	8	3	2	0.375426
1	8	4	1	0.246353
1	8	4	2	0.289331
1	8	5	1	0.429105
1	8	5	2	0.807797
1	5	1	1	0.471770
1	5	1	2	0.952865
1	5	2	1	0.272696
1	5	2	2	0.341388
1	5	3	1	0.257483
1	5	3	2	0.312044
1	5	4	1	0.286163
1	5	4	2	0.374817
1	5	5	1	0.534355
1	5	5	2	1.173866
1	2	1	1	0.534355
1	2	1	2	1.173866
1	2	2	1	0.297717
1	2	2	2	0.405114
1	2	3	1	0.252324
1	2	3	2	0.302739
1	2	4	1	0.293733
1	2	4	2	0.394518
1	2	5	1	0.457136
1	2	5	2	0.902539
2	5	1	1	0.551002
2	5	1	2	1.234039
2	5	2	1	0.261626
2	5	2	2	0.315953
2	5	3	1	0.397708
2	5	3	2	0.465383
2	5	4	1	0.253223
2	5	4	2	0.298561
2	5	5	1	0.479240
2	5	5	2	0.978767
2	15	1	1	0.442913
2	15	1	2	0.854183
2	15	2	1	0.251580
2	15	2	2	0.295478
2	15	3	1	0.260803
2	15	3	2	0.317588
2	15	4	1	0.306076
2	15	4	2	0.427793
2	15	5	1	0.442913
2	15	5	2	0.854183
2	4	1	1	0.449973
2	4	1	2	0.878115
2	4	2	1	0.246187
2	4	2	2	0.287745
2	4	3	1	0.248870
2	4	3	2	0.295725
2	4	4	1	0.279143
2	4	4	2	0.357106
2	4	5	1	0.457136
2	4	5	2	0.902539
2	10	1	1	0.534355
2	10	1	2	1.173866
2	10	2	1	0.279143
2	10	2	2	0.357106
2	10	3	1	0.424417
2	10	3	2	0.487653
2	10	4	1	0.257070
2	10	4	2	0.306247
2	10	5	1	0.409180
2	10	5	2	0.741915
2	12	1	1	0.502258
2	12	1	2	1.059427
2	12	2	1	0.247069
2	12	2	2	0.288257
2	12	3	1	0.260803
2	12	3	2	0.317588
2	12	4	1	0.257070
2	12	4	2	0.306247
2	12	5	1	0.429105
2	12	5	2	0.807797
2	3	1	1	0.390210
2	3	1	2	0.680469
2	3	2	1	0.246870
2	3	2	2	0.290921
2	3	3	1	0.269185
2	3	3	2	0.330552
2	3	4	1	0.257070
2	3	4	2	0.306247
2	3	5	1	0.384103
2	3	5	2	0.660973
2	14	1	1	0.422358
2	14	1	2	0.785344
2	14	2	1	0.247702
2	14	2	2	0.293050
2	14	3	1	0.314502
2	14	3	2	0.386980
2	14	4	1	0.247870
2	14	4	2	0.289292
2	14	5	1	0.551002
2	14	5	2	1.234039
2	1	1	1	0.396426
2	1	1	2	0.700458
2	1	2	1	0.246870
2	1	2	2	0.290921
2	1	3	1	0.287219
2	1	3	2	0.355115
2	1	4	1	0.257070
2	1	4	2	0.306247
2	1	5	1	0.510132
2	1	5	2	1.087298
2	9	1	1	0.422358
2	9	1	2	0.785344
2	9	2	1	0.247870
2	9	2	2	0.289292
2	9	3	1	0.340328
2	9	3	2	0.413505
2	9	4	1	0.261626
2	9	4	2	0.315953
2	9	5	1	0.384103
2	9	5	2	0.660973
2	8	1	1	0.390210
2	8	1	2	0.680469
2	8	2	1	0.266846
2	8	2	2	0.327669
2	8	3	1	0.269185
2	8	3	2	0.330552
2	8	4	1	0.257070
2	8	4	2	0.306247
2	8	5	1	0.559473
2	8	5	2	1.264864
2	6	1	1	0.551002
2	6	1	2	1.234039
2	6	2	1	0.246131
2	6	2	2	0.288274
2	6	3	1	0.252324
2	6	3	2	0.302739
2	6	4	1	0.255055
2	6	4	2	0.302151
2	6	5	1	0.449973
2	6	5	2	0.878115
2	11	1	1	0.502258
2	11	1	2	1.059427
2	11	2	1	0.261626
2	11	2	2	0.315953
2	11	3	1	0.254672
2	11	3	2	0.307099
2	11	4	1	0.261626
2	11	4	2	0.315953
2	11	5	1	0.384103
2	11	5	2	0.660973
2	13	1	1	0.479240
2	13	1	2	0.978767
2	13	2	1	0.255055
2	13	2	2	0.302151
2	13	3	1	0.260803
2	13	3	2	0.317588
2	13	4	1	0.297717
2	13	4	2	0.405114
2	13	5	1	0.526181
2	13	5	2	1.144518
2	7	1	1	0.366437
2	7	1	2	0.605446
2	7	2	1	0.269695
2	7	2	2	0.334278
2	7	3	1	0.456768
2	7	3	2	0.513825
2	7	4	1	0.259262
2	7	4	2	0.310848
2	7	5	1	0.429105
2	7	5	2	0.807797
3	10	1	1	0.464402
3	10	1	2	0.927456
3	10	2	1	0.255055
3	10	2	2	0.302151
3	10	3	1	0.280358
3	10	3	2	0.346196
3	10	4	1	0.251580
3	10	4	2	0.295478
3	10	5	1	0.409180
3	10	5	2	0.741915
3	4	1	1	0.559473
3	4	1	2	1.264864
3	4	2	1	0.247069
3	4	2	2	0.288257
3	4	3	1	0.260803
3	4	3	2	0.317588
3	4	4	1	0.266846
3	4	4	2	0.327669
3	4	5	1	0.576712
3	4	5	2	1.327989
3	1	1	1	0.360770
3	1	1	2	0.587924
3	1	2	1	0.248895
3	1	2	2	0.290842
3	1	3	1	0.340328
3	1	3	2	0.413505
3	1	4	1	0.247069
3	1	4	2	0.288257
3	1	5	1	0.576712
3	1	5	2	1.327989
3	6	1	1	0.542629
3	6	1	2	1.203706
3	6	2	1	0.248870
3	6	2	2	0.295725
3	6	3	1	0.356456
3	6	3	2	0.428864
3	6	4	1	0.251580
3	6	4	2	0.295478
3	6	5	1	0.471770
3	6	5	2	0.952865
3	9	1	1	0.402749
3	9	1	2	0.720940
3	9	2	1	0.272696
3	9	2	2	0.341388
3	9	3	1	0.295088
3	9	3	2	0.364835
3	9	4	1	0.310446
3	9	4	2	0.439877
3	9	5	1	0.366437
3	9	5	2	0.605446
3	15	1	1	0.396426
3	15	1	2	0.700458
3	15	2	1	0.247870
3	15	2	2	0.289292
3	15	3	1	0.250401
3	15	3	2	0.298951
3	15	4	1	0.310446
3	15	4	2	0.439877
3	15	5	1	0.435957
3	15	5	2	0.830744
3	14	1	1	0.494484
3	14	1	2	1.032048
3	14	2	1	0.246131
3	14	2	2	0.288274
3	14	3	1	0.250401
3	14	3	2	0.298951
3	14	4	1	0.264155
3	14	4	2	0.321560
3	14	5	1	0.542629
3	14	5	2	1.203706
3	11	1	1	0.518107
3	11	1	2	1.115662
3	11	2	1	0.251580
3	11	2	2	0.295478
3	11	3	1	0.280358
3	11	3	2	0.346196
3	11	4	1	0.269695
3	11	4	2	0.334278
3	11	5	1	0.559473
3	11	5	2	1.264864
3	12	1	1	0.360770
3	12	1	2	0.587924
3	12	2	1	0.246131
3	12	2	2	0.288274
3	12	3	1	0.397708
3	12	3	2	0.465383
3	12	4	1	0.310446
3	12	4	2	0.439877
3	12	5	1	0.360770
3	12	5	2	0.587924
3	13	1	1	0.486811
3	13	1	2	1.005161
3	13	2	1	0.279143
3	13	2	2	0.357106
3	13	3	1	0.314502
3	13	3	2	0.386980
3	13	4	1	0.247702
3	13	4	2	0.293050
3	13	5	1	0.494484
3	13	5	2	1.032048
3	8	1	1	0.372215
3	8	1	2	0.623462
3	8	2	1	0.266846
3	8	2	2	0.327669
3	8	3	1	0.340328
3	8	3	2	0.413505
3	8	4	1	0.289880
3	8	4	2	0.384419
3	8	5	1	0.429105
3	8	5	2	0.807797
3	7	1	1	0.464402
3	7	1	2	0.927456
3	7	2	1	0.266846
3	7	2	2	0.327669
3	7	3	1	0.252324
3	7	3	2	0.302739
3	7	4	1	0.246504
3	7	4	2	0.287741
3	7	5	1	0.402749
3	7	5	2	0.720940
3	5	1	1	0.422358
3	5	1	2	0.785344
3	5	2	1	0.246131
3	5	2	2	0.288274
3	5	3	1	0.250401
3	5	3	2	0.298951
3	5	4	1	0.279143
3	5	4	2	0.357106
3	5	5	1	0.390210
3	5	5	2	0.680469
3	2	1	1	0.457136
3	2	1	2	0.902539
3	2	2	1	0.247702
3	2	2	2	0.293050
3	2	3	1	0.314502
3	2	3	2	0.386980
3	2	4	1	0.246870
3	2	4	2	0.290921
3	2	5	1	0.551002
3	2	5	2	1.234039
4	10	1	1	0.435957
4	10	1	2	0.830744
4	10	2	1	0.282583
4	10	2	2	0.365713
4	10	3	1	0.257483
4	10	3	2	0.312044
4	10	4	1	0.282583
4	10	4	2	0.365713
4	10	5	1	0.449973
4	10	5	2	0.878115
4	3	1	1	0.542629
4	3	1	2	1.203706
4	3	2	1	0.297717
4	3	2	2	0.405114
4	3	3	1	0.356456
4	3	3	2	0.428864
4	3	4	1	0.253223
4	3	4	2	0.298561
4	3	5	1	0.409180
4	3	5	2	0.741915
4	15	1	1	0.486811
4	15	1	2	1.005161
4	15	2	1	0.306076
4	15	2	2	0.427793
4	15	3	1	0.264683
4	15	3	2	0.323750
4	15	4	1	0.264155
4	15	4	2	0.321560
4	15	5	1	0.559473
4	15	5	2	1.264864
4	5	1	1	0.457136
4	5	1	2	0.902539
4	5	2	1	0.279143
4	5	2	2	0.357106
4	5	3	1	0.295088
4	5	3	2	0.364835
4	5	4	1	0.279143
4	5	4	2	0.357106
4	5	5	1	0.551002
4	5	5	2	1.234039
4	2	1	1	0.576712
4	2	1	2	1.327989
4	2	2	1	0.250135
4	2	2	2	0.292905
4	2	3	1	0.252324
4	2	3	2	0.302739
4	2	4	1	0.261626
4	2	4	2	0.315953
4	2	5	1	0.435957
4	2	5	2	0.830744
4	12	1	1	0.449973
4	12	1	2	0.878115
4	12	2	1	0.279143
4	12	2	2	0.357106
4	12	3	1	0.304119
4	12	3	2	0.375426
4	12	4	1	0.257070
4	12	4	2	0.306247
4	12	5	1	0.429105
4	12	5	2	0.807797
4	8	1	1	0.464402
4	8	1	2	0.927456
4	8	2	1	0.301833
4	8	2	2	0.416205
4	8	3	1	0.397708
4	8	3	2	0.465383
4	8	4	1	0.269695
4	8	4	2	0.334278
4	8	5	1	0.576712
4	8	5	2	1.327989
4	1	1	1	0.457136
4	1	1	2	0.902539
4	1	2	1	0.248895
4	1	2	2	0.290842
4	1	3	1	0.252324
4	1	3	2	0.302739
4	1	4	1	0.253223
4	1	4	2	0.298561
4	1	5	1	0.429105
4	1	5	2	0.807797
4	14	1	1	0.442913
4	14	1	2	0.854183
4	14	2	1	0.301833
4	14	2	2	0.416205
4	14	3	1	0.254672
4	14	3	2	0.307099
4	14	4	1	0.297717
4	14	4	2	0.405114
4	14	5	1	0.457136
4	14	5	2	0.902539
4	9	1	1	0.435957
4	9	1	2	0.830744
4	9	2	1	0.301833
4	9	2	2	0.416205
4	9	3	1	0.424417
4	9	3	2	0.487653
4	9	4	1	0.286163
4	9	4	2	0.374817
4	9	5	1	0.526181
4	9	5	2	1.144518
4	6	1	1	0.559473
4	6	1	2	1.264864
4	6	2	1	0.266846
4	6	2	2	0.327669
4	6	3	1	0.340328
4	6	3	2	0.413505
4	6	4	1	0.275847
4	6	4	2	0.348998
4	6	5	1	0.449973
4	6	5	2	0.878115
4	11	1	1	0.551002
4	11	1	2	1.234039
4	11	2	1	0.269695
4	11	2	2	0.334278
4	11	3	1	0.424417
4	11	3	2	0.487653
4	11	4	1	0.301833
4	11	4	2	0.416205
4	11	5	1	0.372215
4	11	5	2	0.623462
4	13	1	1	0.502258
4	13	1	2	1.059427
4	13	2	1	0.289880
4	13	2	2	0.384419
4	13	3	1	0.397708
4	13	3	2	0.465383
4	13	4	1	0.272696
4	13	4	2	0.341388
4	13	5	1	0.518107
4	13	5	2	1.115662
4	7	1	1	0.502258
4	7	1	2	1.059427
4	7	2	1	0.255055
4	7	2	2	0.302151
4	7	3	1	0.314502
4	7	3	2	0.386980
4	7	4	1	0.247069
4	7	4	2	0.288257
4	7	5	1	0.494484
4	7	5	2	1.032048
5	2	1	1	0.568043
5	2	1	2	1.296180
5	2	2	1	0.301833
5	2	2	2	0.416205
5	2	3	1	0.252324
5	2	3	2	0.302739
5	2	4	1	0.246187
5	2	4	2	0.287745
5	2	5	1	0.378104
5	2	5	2	0.641971
5	4	1	1	0.402749
5	4	1	2	0.720940
5	4	2	1	0.246353
5	4	2	2	0.289331
5	4	3	1	0.252324
5	4	3	2	0.302739
5	4	4	1	0.301833
5	4	4	2	0.416205
5	4	5	1	0.360770
5	4	5	2	0.587924
5	15	1	1	0.442913
5	15	1	2	0.854183
5	15	2	1	0.250135
5	15	2	2	0.292905
5	15	3	1	0.375359
5	15	3	2	0.446007
5	15	4	1	0.301833
5	15	4	2	0.416205
5	15	5	1	0.372215
5	15	5	2	0.623462
5	10	1	1	0.559473
5	10	1	2	1.264864
5	10	2	1	0.248895
5	10	2	2	0.290842
5	10	3	1	0.375359
5	10	3	2	0.446007
5	10	4	1	0.310446
5	10	4	2	0.439877
5	10	5	1	0.559473
5	10	5	2	1.264864
5	12	1	1	0.559473
5	12	1	2	1.264864
5	12	2	1	0.289880
5	12	2	2	0.384419
5	12	3	1	0.424417
5	12	3	2	0.487653
5	12	4	1	0.269695
5	12	4	2	0.334278
5	12	5	1	0.502258
5	12	5	2	1.059427
5	3	1	1	0.471770
5	3	1	2	0.952865
5	3	2	1	0.257070
5	3	2	2	0.306247
5	3	3	1	0.257483
5	3	3	2	0.312044
5	3	4	1	0.279143
5	3	4	2	0.357106
5	3	5	1	0.422358
5	3	5	2	0.785344
5	14	1	1	0.449973
5	14	1	2	0.878115
5	14	2	1	0.250135
5	14	2	2	0.292905
5	14	3	1	0.252324
5	14	3	2	0.302739
5	14	4	1	0.306076
5	14	4	2	0.427793
5	14	5	1	0.360770
5	14	5	2	0.587924
5	1	1	1	0.471770
5	1	1	2	0.952865
5	1	2	1	0.306076
5	1	2	2	0.427793
5	1	3	1	0.274382
5	1	3	2	0.338023
5	1	4	1	0.251580
5	1	4	2	0.295478
5	1	5	1	0.422358
5	1	5	2	0.785344
5	9	1	1	0.551002
5	9	1	2	1.234039
5	9	2	1	0.246131
5	9	2	2	0.288274
5	9	3	1	0.340328
5	9	3	2	0.413505
5	9	4	1	0.282583
5	9	4	2	0.365713
5	9	5	1	0.457136
5	9	5	2	0.902539
5	8	1	1	0.422358
5	8	1	2	0.785344
5	8	2	1	0.246131
5	8	2	2	0.288274
5	8	3	1	0.424417
5	8	3	2	0.487653
5	8	4	1	0.264155
5	8	4	2	0.321560
5	8	5	1	0.384103
5	8	5	2	0.660973
5	6	1	1	0.471770
5	6	1	2	0.952865
5	6	2	1	0.279143
5	6	2	2	0.357106
5	6	3	1	0.304119
5	6	3	2	0.375426
5	6	4	1	0.297717
5	6	4	2	0.405114
5	6	5	1	0.442913
5	6	5	2	0.854183
5	11	1	1	0.502258
5	11	1	2	1.059427
5	11	2	1	0.247702
5	11	2	2	0.293050
5	11	3	1	0.326472
5	11	3	2	0.399619
5	11	4	1	0.246187
5	11	4	2	0.287745
5	11	5	1	0.479240
5	11	5	2	0.978767
5	13	1	1	0.526181
5	13	1	2	1.144518
5	13	2	1	0.279143
5	13	2	2	0.357106
5	13	3	1	0.326472
5	13	3	2	0.399619
5	13	4	1	0.297717
5	13	4	2	0.405114
5	13	5	1	0.510132
5	13	5	2	1.087298
5	7	1	1	0.366437
5	7	1	2	0.605446
5	7	2	1	0.282583
5	7	2	2	0.365713
5	7	3	1	0.424417
5	7	3	2	0.487653
5	7	4	1	0.246187
5	7	4	2	0.287745
5	7	5	1	0.526181
5	7	5	2	1.144518
6	13	1	1	0.415716
6	13	1	2	0.763383
6	13	2	1	0.266846
6	13	2	2	0.327669
6	13	3	1	0.274382
6	13	3	2	0.338023
6	13	4	1	0.248870
6	13	4	2	0.295725
6	13	5	1	0.479240
6	13	5	2	0.978767
6	7	1	1	0.422358
6	7	1	2	0.785344
6	7	2	1	0.253223
6	7	2	2	0.298561
6	7	3	1	0.280358
6	7	3	2	0.346196
6	7	4	1	0.272696
6	7	4	2	0.341388
6	7	5	1	0.415716
6	7	5	2	0.763383
6	11	1	1	0.551002
6	11	1	2	1.234039
6	11	2	1	0.257070
6	11	2	2	0.306247
6	11	3	1	0.356456
6	11	3	2	0.428864
6	11	4	1	0.297717
6	11	4	2	0.405114
6	11	5	1	0.442913
6	11	5	2	0.854183
6	3	1	1	0.526181
6	3	1	2	1.144518
6	3	2	1	0.297717
6	3	2	2	0.405114
6	3	3	1	0.260803
6	3	3	2	0.317588
6	3	4	1	0.264155
6	3	4	2	0.321560
6	3	5	1	0.486811
6	3	5	2	1.005161
6	1	1	1	0.559473
6	1	1	2	1.264864
6	1	2	1	0.251580
6	1	2	2	0.295478
6	1	3	1	0.424417
6	1	3	2	0.487653
6	1	4	1	0.264155
6	1	4	2	0.321560
6	1	5	1	0.372215
6	1	5	2	0.623462
6	10	1	1	0.486811
6	10	1	2	1.005161
6	10	2	1	0.246187
6	10	2	2	0.287745
6	10	3	1	0.269185
6	10	3	2	0.330552
6	10	4	1	0.310446
6	10	4	2	0.439877
6	10	5	1	0.559473
6	10	5	2	1.264864
6	9	1	1	0.559473
6	9	1	2	1.264864
6	9	2	1	0.286163
6	9	2	2	0.374817
6	9	3	1	0.254672
6	9	3	2	0.307099
6	9	4	1	0.257070
6	9	4	2	0.306247
6	9	5	1	0.402749
6	9	5	2	0.720940
6	14	1	1	0.442913
6	14	1	2	0.854183
6	14	2	1	0.282583
6	14	2	2	0.365713
6	14	3	1	0.287219
6	14	3	2	0.355115
6	14	4	1	0.293733
6	14	4	2	0.394518
6	14	5	1	0.479240
6	14	5	2	0.978767
6	4	1	1	0.534355
6	4	1	2	1.173866
6	4	2	1	0.247069
6	4	2	2	0.288257
6	4	3	1	0.304119
6	4	3	2	0.375426
6	4	4	1	0.255055
6	4	4	2	0.302151
6	4	5	1	0.415716
6	4	5	2	0.763383
6	8	1	1	0.576712
6	8	1	2	1.327989
6	8	2	1	0.269695
6	8	2	2	0.334278
6	8	3	1	0.257483
6	8	3	2	0.312044
6	8	4	1	0.293733
6	8	4	2	0.394518
6	8	5	1	0.542629
6	8	5	2	1.203706
6	15	1	1	0.464402
6	15	1	2	0.927456
6	15	2	1	0.310446
6	15	2	2	0.439877
6	15	3	1	0.257483
6	15	3	2	0.312044
6	15	4	1	0.279143
6	15	4	2	0.357106
6	15	5	1	0.457136
6	15	5	2	0.902539
6	12	1	1	0.372215
6	12	1	2	0.623462
6	12	2	1	0.306076
6	12	2	2	0.427793
6	12	3	1	0.252324
6	12	3	2	0.302739
6	12	4	1	0.255055
6	12	4	2	0.302151
6	12	5	1	0.384103
6	12	5	2	0.660973
6	5	1	1	0.442913
6	5	1	2	0.854183
6	5	2	1	0.306076
6	5	2	2	0.427793
6	5	3	1	0.424417
6	5	3	2	0.487653
6	5	4	1	0.248870
6	5	4	2	0.295725
6	5	5	1	0.510132
6	5	5	2	1.087298
6	2	1	1	0.471770
6	2	1	2	0.952865
6	2	2	1	0.306076
6	2	2	2	0.427793
6	2	3	1	0.375359
6	2	3	2	0.446007
6	2	4	1	0.255055
6	2	4	2	0.302151
6	2	5	1	0.568043
6	2	5	2	1.296180
7	13	1	1	0.464402
7	13	1	2	0.927456
7	13	2	1	0.297717
7	13	2	2	0.405114
7	13	3	1	0.326472
7	13	3	2	0.399619
7	13	4	1	0.247870
7	13	4	2	0.289292
7	13	5	1	0.402749
7	13	5	2	0.720940
7	6	1	1	0.378104
7	6	1	2	0.641971
7	6	2	1	0.297717
7	6	2	2	0.405114
7	6	3	1	0.254672
7	6	3	2	0.307099
7	6	4	1	0.259262
7	6	4	2	0.310848
7	6	5	1	0.471770
7	6	5	2	0.952865
7	11	1	1	0.360770
7	11	1	2	0.587924
7	11	2	1	0.247069
7	11	2	2	0.288257
7	11	3	1	0.326472
7	11	3	2	0.399619
7	11	4	1	0.259262
7	11	4	2	0.310848
7	11	5	1	0.502258
7	11	5	2	1.059427
7	1	1	1	0.510132
7	1	1	2	1.087298
7	1	2	1	0.253223
7	1	2	2	0.298561
7	1	3	1	0.287219
7	1	3	2	0.355115
7	1	4	1	0.279143
7	1	4	2	0.357106
7	1	5	1	0.559473
7	1	5	2	1.264864
7	9	1	1	0.435957
7	9	1	2	0.830744
7	9	2	1	0.293733
7	9	2	2	0.394518
7	9	3	1	0.340328
7	9	3	2	0.413505
7	9	4	1	0.253223
7	9	4	2	0.298561
7	9	5	1	0.526181
7	9	5	2	1.144518
7	3	1	1	0.534355
7	3	1	2	1.173866
7	3	2	1	0.275847
7	3	2	2	0.348998
7	3	3	1	0.304119
7	3	3	2	0.375426
7	3	4	1	0.250135
7	3	4	2	0.292905
7	3	5	1	0.402749
7	3	5	2	0.720940
7	14	1	1	0.449973
7	14	1	2	0.878115
7	14	2	1	0.257070
7	14	2	2	0.306247
7	14	3	1	0.326472
7	14	3	2	0.399619
7	14	4	1	0.246353
7	14	4	2	0.289331
7	14	5	1	0.396426
7	14	5	2	0.700458
7	10	1	1	0.449973
7	10	1	2	0.878115
7	10	2	1	0.275847
7	10	2	2	0.348998
7	10	3	1	0.295088
7	10	3	2	0.364835
7	10	4	1	0.248870
7	10	4	2	0.295725
7	10	5	1	0.510132
7	10	5	2	1.087298
7	4	1	1	0.464402
7	4	1	2	0.927456
7	4	2	1	0.289880
7	4	2	2	0.384419
7	4	3	1	0.252324
7	4	3	2	0.302739
7	4	4	1	0.246870
7	4	4	2	0.290921
7	4	5	1	0.494484
7	4	5	2	1.032048
7	12	1	1	0.457136
7	12	1	2	0.902539
7	12	2	1	0.246187
7	12	2	2	0.287745
7	12	3	1	0.264683
7	12	3	2	0.323750
7	12	4	1	0.297717
7	12	4	2	0.405114
7	12	5	1	0.576712
7	12	5	2	1.327989
7	15	1	1	0.384103
7	15	1	2	0.660973
7	15	2	1	0.247069
7	15	2	2	0.288257
7	15	3	1	0.248870
7	15	3	2	0.295725
7	15	4	1	0.246504
7	15	4	2	0.287741
7	15	5	1	0.396426
7	15	5	2	0.700458
7	8	1	1	0.429105
7	8	1	2	0.807797
7	8	2	1	0.306076
7	8	2	2	0.427793
7	8	3	1	0.295088
7	8	3	2	0.364835
7	8	4	1	0.253223
7	8	4	2	0.298561
7	8	5	1	0.366437
7	8	5	2	0.605446
7	5	1	1	0.390210
7	5	1	2	0.680469
7	5	2	1	0.301833
7	5	2	2	0.416205
7	5	3	1	0.250401
7	5	3	2	0.298951
7	5	4	1	0.247702
7	5	4	2	0.293050
7	5	5	1	0.442913
7	5	5	2	0.854183
7	2	1	1	0.442913
7	2	1	2	0.854183
7	2	2	1	0.250135
7	2	2	2	0.292905
7	2	3	1	0.456768
7	2	3	2	0.513825
7	2	4	1	0.286163
7	2	4	2	0.374817
7	2	5	1	0.457136
7	2	5	2	0.902539
8	10	1	1	0.502258
8	10	1	2	1.059427
8	10	2	1	0.247069
8	10	2	2	0.288257
8	10	3	1	0.257483
8	10	3	2	0.312044
8	10	4	1	0.293733
8	10	4	2	0.394518
8	10	5	1	0.396426
8	10	5	2	0.700458
8	3	1	1	0.384103
8	3	1	2	0.660973
8	3	2	1	0.248870
8	3	2	2	0.295725
8	3	3	1	0.280358
8	3	3	2	0.346196
8	3	4	1	0.282583
8	3	4	2	0.365713
8	3	5	1	0.510132
8	3	5	2	1.087298
8	4	1	1	0.542629
8	4	1	2	1.203706
8	4	2	1	0.310446
8	4	2	2	0.439877
8	4	3	1	0.260803
8	4	3	2	0.317588
8	4	4	1	0.250135
8	4	4	2	0.292905
8	4	5	1	0.449973
8	4	5	2	0.878115
8	6	1	1	0.390210
8	6	1	2	0.680469
8	6	2	1	0.275847
8	6	2	2	0.348998
8	6	3	1	0.252324
8	6	3	2	0.302739
8	6	4	1	0.289880
8	6	4	2	0.384419
8	6	5	1	0.396426
8	6	5	2	0.700458
8	15	1	1	0.384103
8	15	1	2	0.660973
8	15	2	1	0.286163
8	15	2	2	0.374817
8	15	3	1	0.424417
8	15	3	2	0.487653
8	15	4	1	0.246504
8	15	4	2	0.287741
8	15	5	1	0.518107
8	15	5	2	1.115662
8	12	1	1	0.486811
8	12	1	2	1.005161
8	12	2	1	0.282583
8	12	2	2	0.365713
8	12	3	1	0.456768
8	12	3	2	0.513825
8	12	4	1	0.246870
8	12	4	2	0.290921
8	12	5	1	0.502258
8	12	5	2	1.059427
8	1	1	1	0.486811
8	1	1	2	1.005161
8	1	2	1	0.286163
8	1	2	2	0.374817
8	1	3	1	0.326472
8	1	3	2	0.399619
8	1	4	1	0.306076
8	1	4	2	0.427793
8	1	5	1	0.435957
8	1	5	2	0.830744
8	9	1	1	0.390210
8	9	1	2	0.680469
8	9	2	1	0.289880
8	9	2	2	0.384419
8	9	3	1	0.397708
8	9	3	2	0.465383
8	9	4	1	0.247870
8	9	4	2	0.289292
8	9	5	1	0.518107
8	9	5	2	1.115662
8	5	1	1	0.429105
8	5	1	2	0.807797
8	5	2	1	0.272696
8	5	2	2	0.341388
8	5	3	1	0.257483
8	5	3	2	0.312044
8	5	4	1	0.266846
8	5	4	2	0.327669
8	5	5	1	0.360770
8	5	5	2	0.587924
8	14	1	1	0.372215
8	14	1	2	0.623462
8	14	2	1	0.293733
8	14	2	2	0.394518
8	14	3	1	0.250401
8	14	3	2	0.298951
8	14	4	1	0.272696
8	14	4	2	0.341388
8	14	5	1	0.464402
8	14	5	2	0.927456
8	11	1	1	0.422358
8	11	1	2	0.785344
8	11	2	1	0.275847
8	11	2	2	0.348998
8	11	3	1	0.264683
8	11	3	2	0.323750
8	11	4	1	0.247702
8	11	4	2	0.293050
8	11	5	1	0.486811
8	11	5	2	1.005161
8	13	1	1	0.464402
8	13	1	2	0.927456
8	13	2	1	0.257070
8	13	2	2	0.306247
8	13	3	1	0.340328
8	13	3	2	0.413505
8	13	4	1	0.272696
8	13	4	2	0.341388
8	13	5	1	0.534355
8	13	5	2	1.173866
8	2	1	1	0.442913
8	2	1	2	0.854183
8	2	2	1	0.264155
8	2	2	2	0.321560
8	2	3	1	0.424417
8	2	3	2	0.487653
8	2	4	1	0.246353
8	2	4	2	0.289331
8	2	5	1	0.479240
8	2	5	2	0.978767
8	7	1	1	0.360770
8	7	1	2	0.587924
8	7	2	1	0.248895
8	7	2	2	0.290842
8	7	3	1	0.295088
8	7	3	2	0.364835
8	7	4	1	0.248895
8	7	4	2	0.290842
8	7	5	1	0.422358
8	7	5	2	0.785344
9	1	1	1	0.471770
9	1	1	2	0.952865
9	1	2	1	0.246187
9	1	2	2	0.287745
9	1	3	1	0.280358
9	1	3	2	0.346196
9	1	4	1	0.269695
9	1	4	2	0.334278
9	1	5	1	0.526181
9	1	5	2	1.144518
9	14	1	1	0.360770
9	14	1	2	0.587924
9	14	2	1	0.282583
9	14	2	2	0.365713
9	14	3	1	0.280358
9	14	3	2	0.346196
9	14	4	1	0.310446
9	14	4	2	0.439877
9	14	5	1	0.449973
9	14	5	2	0.878115
9	11	1	1	0.551002
9	11	1	2	1.234039
9	11	2	1	0.250135
9	11	2	2	0.292905
9	11	3	1	0.326472
9	11	3	2	0.399619
9	11	4	1	0.255055
9	11	4	2	0.302151
9	11	5	1	0.422358
9	11	5	2	0.785344
9	3	1	1	0.457136
9	3	1	2	0.902539
9	3	2	1	0.246131
9	3	2	2	0.288274
9	3	3	1	0.304119
9	3	3	2	0.375426
9	3	4	1	0.266846
9	3	4	2	0.327669
9	3	5	1	0.372215
9	3	5	2	0.623462
9	12	1	1	0.366437
9	12	1	2	0.605446
9	12	2	1	0.257070
9	12	2	2	0.306247
9	12	3	1	0.424417
9	12	3	2	0.487653
9	12	4	1	0.266846
9	12	4	2	0.327669
9	12	5	1	0.551002
9	12	5	2	1.234039
9	15	1	1	0.384103
9	15	1	2	0.660973
9	15	2	1	0.248870
9	15	2	2	0.295725
9	15	3	1	0.340328
9	15	3	2	0.413505
9	15	4	1	0.247870
9	15	4	2	0.289292
9	15	5	1	0.435957
9	15	5	2	0.830744
9	13	1	1	0.435957
9	13	1	2	0.830744
9	13	2	1	0.279143
9	13	2	2	0.357106
9	13	3	1	0.264683
9	13	3	2	0.323750
9	13	4	1	0.266846
9	13	4	2	0.327669
9	13	5	1	0.457136
9	13	5	2	0.902539
9	10	1	1	0.526181
9	10	1	2	1.144518
9	10	2	1	0.282583
9	10	2	2	0.365713
9	10	3	1	0.280358
9	10	3	2	0.346196
9	10	4	1	0.255055
9	10	4	2	0.302151
9	10	5	1	0.449973
9	10	5	2	0.878115
9	6	1	1	0.372215
9	6	1	2	0.623462
9	6	2	1	0.246870
9	6	2	2	0.290921
9	6	3	1	0.304119
9	6	3	2	0.375426
9	6	4	1	0.310446
9	6	4	2	0.439877
9	6	5	1	0.457136
9	6	5	2	0.902539
9	7	1	1	0.568043
9	7	1	2	1.296180
9	7	2	1	0.279143
9	7	2	2	0.357106
9	7	3	1	0.257483
9	7	3	2	0.312044
9	7	4	1	0.247702
9	7	4	2	0.293050
9	7	5	1	0.366437
9	7	5	2	0.605446
9	4	1	1	0.464402
9	4	1	2	0.927456
9	4	2	1	0.301833
9	4	2	2	0.416205
9	4	3	1	0.397708
9	4	3	2	0.465383
9	4	4	1	0.259262
9	4	4	2	0.310848
9	4	5	1	0.559473
9	4	5	2	1.264864
9	5	1	1	0.494484
9	5	1	2	1.032048
9	5	2	1	0.251580
9	5	2	2	0.295478
9	5	3	1	0.340328
9	5	3	2	0.413505
9	5	4	1	0.297717
9	5	4	2	0.405114
9	5	5	1	0.409180
9	5	5	2	0.741915
9	2	1	1	0.510132
9	2	1	2	1.087298
9	2	2	1	0.264155
9	2	2	2	0.321560
9	2	3	1	0.340328
9	2	3	2	0.413505
9	2	4	1	0.266846
9	2	4	2	0.327669
9	2	5	1	0.396426
9	2	5	2	0.700458
9	8	1	1	0.576712
9	8	1	2	1.327989
9	8	2	1	0.247702
9	8	2	2	0.293050
9	8	3	1	0.274382
9	8	3	2	0.338023
9	8	4	1	0.246131
9	8	4	2	0.288274
9	8	5	1	0.510132
9	8	5	2	1.087298
10	3	1	1	0.402749
10	3	1	2	0.720940
10	3	2	1	0.247870
10	3	2	2	0.289292
10	3	3	1	0.274382
10	3	3	2	0.338023
10	3	4	1	0.293733
10	3	4	2	0.394518
10	3	5	1	0.366437
10	3	5	2	0.605446
10	4	1	1	0.449973
10	4	1	2	0.878115
10	4	2	1	0.279143
10	4	2	2	0.357106
10	4	3	1	0.356456
10	4	3	2	0.428864
10	4	4	1	0.272696
10	4	4	2	0.341388
10	4	5	1	0.551002
10	4	5	2	1.234039
10	8	1	1	0.576712
10	8	1	2	1.327989
10	8	2	1	0.247870
10	8	2	2	0.289292
10	8	3	1	0.254672
10	8	3	2	0.307099
10	8	4	1	0.246131
10	8	4	2	0.288274
10	8	5	1	0.568043
10	8	5	2	1.296180
10	15	1	1	0.526181
10	15	1	2	1.144518
10	15	2	1	0.293733
10	15	2	2	0.394518
10	15	3	1	0.269185
10	15	3	2	0.330552
10	15	4	1	0.246353
10	15	4	2	0.289331
10	15	5	1	0.415716
10	15	5	2	0.763383
10	12	1	1	0.559473
10	12	1	2	1.264864
10	12	2	1	0.246353
10	12	2	2	0.289331
10	12	3	1	0.280358
10	12	3	2	0.346196
10	12	4	1	0.246353
10	12	4	2	0.289331
10	12	5	1	0.409180
10	12	5	2	0.741915
10	1	1	1	0.568043
10	1	1	2	1.296180
10	1	2	1	0.293733
10	1	2	2	0.394518
10	1	3	1	0.397708
10	1	3	2	0.465383
10	1	4	1	0.306076
10	1	4	2	0.427793
10	1	5	1	0.471770
10	1	5	2	0.952865
10	5	1	1	0.494484
10	5	1	2	1.032048
10	5	2	1	0.310446
10	5	2	2	0.439877
10	5	3	1	0.274382
10	5	3	2	0.338023
10	5	4	1	0.255055
10	5	4	2	0.302151
10	5	5	1	0.576712
10	5	5	2	1.327989
10	14	1	1	0.576712
10	14	1	2	1.327989
10	14	2	1	0.259262
10	14	2	2	0.310848
10	14	3	1	0.397708
10	14	3	2	0.465383
10	14	4	1	0.279143
10	14	4	2	0.357106
10	14	5	1	0.409180
10	14	5	2	0.741915
10	9	1	1	0.396426
10	9	1	2	0.700458
10	9	2	1	0.246504
10	9	2	2	0.287741
10	9	3	1	0.287219
10	9	3	2	0.355115
10	9	4	1	0.306076
10	9	4	2	0.427793
10	9	5	1	0.415716
10	9	5	2	0.763383
10	2	1	1	0.366437
10	2	1	2	0.605446
10	2	2	1	0.248870
10	2	2	2	0.295725
10	2	3	1	0.397708
10	2	3	2	0.465383
10	2	4	1	0.247702
10	2	4	2	0.293050
10	2	5	1	0.510132
10	2	5	2	1.087298
10	6	1	1	0.390210
10	6	1	2	0.680469
10	6	2	1	0.250135
10	6	2	2	0.292905
10	6	3	1	0.340328
10	6	3	2	0.413505
10	6	4	1	0.282583
10	6	4	2	0.365713
10	6	5	1	0.442913
10	6	5	2	0.854183
10	11	1	1	0.449973
10	11	1	2	0.878115
10	11	2	1	0.310446
10	11	2	2	0.439877
10	11	3	1	0.304119
10	11	3	2	0.375426
10	11	4	1	0.246870
10	11	4	2	0.290921
10	11	5	1	0.366437
10	11	5	2	0.605446
10	13	1	1	0.534355
10	13	1	2	1.173866
10	13	2	1	0.272696
10	13	2	2	0.341388
10	13	3	1	0.314502
10	13	3	2	0.386980
10	13	4	1	0.286163
10	13	4	2	0.374817
10	13	5	1	0.526181
10	13	5	2	1.144518
10	7	1	1	0.429105
10	7	1	2	0.807797
10	7	2	1	0.253223
10	7	2	2	0.298561
10	7	3	1	0.424417
10	7	3	2	0.487653
10	7	4	1	0.269695
10	7	4	2	0.334278
10	7	5	1	0.415716
10	7	5	2	0.763383
11	13	1	1	0.510132
11	13	1	2	1.087298
11	13	2	1	0.269695
11	13	2	2	0.334278
11	13	3	1	0.248870
11	13	3	2	0.295725
11	13	4	1	0.246504
11	13	4	2	0.287741
11	13	5	1	0.542629
11	13	5	2	1.203706
11	1	1	1	0.471770
11	1	1	2	0.952865
11	1	2	1	0.297717
11	1	2	2	0.405114
11	1	3	1	0.260803
11	1	3	2	0.317588
11	1	4	1	0.246131
11	1	4	2	0.288274
11	1	5	1	0.551002
11	1	5	2	1.234039
11	7	1	1	0.360770
11	7	1	2	0.587924
11	7	2	1	0.255055
11	7	2	2	0.302151
11	7	3	1	0.252324
11	7	3	2	0.302739
11	7	4	1	0.246131
11	7	4	2	0.288274
11	7	5	1	0.429105
11	7	5	2	0.807797
11	9	1	1	0.479240
11	9	1	2	0.978767
11	9	2	1	0.301833
11	9	2	2	0.416205
11	9	3	1	0.304119
11	9	3	2	0.375426
11	9	4	1	0.286163
11	9	4	2	0.374817
11	9	5	1	0.378104
11	9	5	2	0.641971
11	6	1	1	0.378104
11	6	1	2	0.641971
11	6	2	1	0.248895
11	6	2	2	0.290842
11	6	3	1	0.274382
11	6	3	2	0.338023
11	6	4	1	0.247702
11	6	4	2	0.293050
11	6	5	1	0.457136
11	6	5	2	0.902539
11	14	1	1	0.378104
11	14	1	2	0.641971
11	14	2	1	0.293733
11	14	2	2	0.394518
11	14	3	1	0.356456
11	14	3	2	0.428864
11	14	4	1	0.248870
11	14	4	2	0.295725
11	14	5	1	0.534355
11	14	5	2	1.173866
11	3	1	1	0.366437
11	3	1	2	0.605446
11	3	2	1	0.293733
11	3	2	2	0.394518
11	3	3	1	0.304119
11	3	3	2	0.375426
11	3	4	1	0.297717
11	3	4	2	0.405114
11	3	5	1	0.429105
11	3	5	2	0.807797
11	10	1	1	0.409180
11	10	1	2	0.741915
11	10	2	1	0.269695
11	10	2	2	0.334278
11	10	3	1	0.375359
11	10	3	2	0.446007
11	10	4	1	0.289880
11	10	4	2	0.384419
11	10	5	1	0.534355
11	10	5	2	1.173866
11	12	1	1	0.390210
11	12	1	2	0.680469
11	12	2	1	0.248895
11	12	2	2	0.290842
11	12	3	1	0.280358
11	12	3	2	0.346196
11	12	4	1	0.272696
11	12	4	2	0.341388
11	12	5	1	0.486811
11	12	5	2	1.005161
11	15	1	1	0.471770
11	15	1	2	0.952865
11	15	2	1	0.250135
11	15	2	2	0.292905
11	15	3	1	0.314502
11	15	3	2	0.386980
11	15	4	1	0.255055
11	15	4	2	0.302151
11	15	5	1	0.378104
11	15	5	2	0.641971
11	4	1	1	0.435957
11	4	1	2	0.830744
11	4	2	1	0.289880
11	4	2	2	0.384419
11	4	3	1	0.340328
11	4	3	2	0.413505
11	4	4	1	0.246131
11	4	4	2	0.288274
11	4	5	1	0.449973
11	4	5	2	0.878115
11	8	1	1	0.551002
11	8	1	2	1.234039
11	8	2	1	0.306076
11	8	2	2	0.427793
11	8	3	1	0.257483
11	8	3	2	0.312044
11	8	4	1	0.247069
11	8	4	2	0.288257
11	8	5	1	0.542629
11	8	5	2	1.203706
11	5	1	1	0.526181
11	5	1	2	1.144518
11	5	2	1	0.310446
11	5	2	2	0.439877
11	5	3	1	0.356456
11	5	3	2	0.428864
11	5	4	1	0.251580
11	5	4	2	0.295478
11	5	5	1	0.429105
11	5	5	2	0.807797
11	2	1	1	0.435957
11	2	1	2	0.830744
11	2	2	1	0.301833
11	2	2	2	0.416205
11	2	3	1	0.274382
11	2	3	2	0.338023
11	2	4	1	0.261626
11	2	4	2	0.315953
11	2	5	1	0.576712
11	2	5	2	1.327989
12	15	1	1	0.435957
12	15	1	2	0.830744
12	15	2	1	0.293733
12	15	2	2	0.394518
12	15	3	1	0.260803
12	15	3	2	0.317588
12	15	4	1	0.246504
12	15	4	2	0.287741
12	15	5	1	0.396426
12	15	5	2	0.700458
12	14	1	1	0.422358
12	14	1	2	0.785344
12	14	2	1	0.264155
12	14	2	2	0.321560
12	14	3	1	0.340328
12	14	3	2	0.413505
12	14	4	1	0.247702
12	14	4	2	0.293050
12	14	5	1	0.378104
12	14	5	2	0.641971
12	9	1	1	0.415716
12	9	1	2	0.763383
12	9	2	1	0.310446
12	9	2	2	0.439877
12	9	3	1	0.375359
12	9	3	2	0.446007
12	9	4	1	0.247069
12	9	4	2	0.288257
12	9	5	1	0.378104
12	9	5	2	0.641971
12	10	1	1	0.518107
12	10	1	2	1.115662
12	10	2	1	0.264155
12	10	2	2	0.321560
12	10	3	1	0.257483
12	10	3	2	0.312044
12	10	4	1	0.246353
12	10	4	2	0.289331
12	10	5	1	0.471770
12	10	5	2	0.952865
12	3	1	1	0.551002
12	3	1	2	1.234039
12	3	2	1	0.286163
12	3	2	2	0.374817
12	3	3	1	0.375359
12	3	3	2	0.446007
12	3	4	1	0.246131
12	3	4	2	0.288274
12	3	5	1	0.551002
12	3	5	2	1.234039
12	1	1	1	0.422358
12	1	1	2	0.785344
12	1	2	1	0.255055
12	1	2	2	0.302151
12	1	3	1	0.295088
12	1	3	2	0.364835
12	1	4	1	0.257070
12	1	4	2	0.306247
12	1	5	1	0.422358
12	1	5	2	0.785344
12	4	1	1	0.494484
12	4	1	2	1.032048
12	4	2	1	0.253223
12	4	2	2	0.298561
12	4	3	1	0.295088
12	4	3	2	0.364835
12	4	4	1	0.246504
12	4	4	2	0.287741
12	4	5	1	0.568043
12	4	5	2	1.296180
12	2	1	1	0.396426
12	2	1	2	0.700458
12	2	2	1	0.247069
12	2	2	2	0.288257
12	2	3	1	0.252324
12	2	3	2	0.302739
12	2	4	1	0.246131
12	2	4	2	0.288274
12	2	5	1	0.464402
12	2	5	2	0.927456
12	5	1	1	0.372215
12	5	1	2	0.623462
12	5	2	1	0.261626
12	5	2	2	0.315953
12	5	3	1	0.456768
12	5	3	2	0.513825
12	5	4	1	0.246353
12	5	4	2	0.289331
12	5	5	1	0.471770
12	5	5	2	0.952865
12	11	1	1	0.402749
12	11	1	2	0.720940
12	11	2	1	0.259262
12	11	2	2	0.310848
12	11	3	1	0.326472
12	11	3	2	0.399619
12	11	4	1	0.247870
12	11	4	2	0.289292
12	11	5	1	0.366437
12	11	5	2	0.605446
12	6	1	1	0.502258
12	6	1	2	1.059427
12	6	2	1	0.259262
12	6	2	2	0.310848
12	6	3	1	0.252324
12	6	3	2	0.302739
12	6	4	1	0.282583
12	6	4	2	0.365713
12	6	5	1	0.409180
12	6	5	2	0.741915
12	13	1	1	0.449973
12	13	1	2	0.878115
12	13	2	1	0.246187
12	13	2	2	0.287745
12	13	3	1	0.257483
12	13	3	2	0.312044
12	13	4	1	0.248870
12	13	4	2	0.295725
12	13	5	1	0.429105
12	13	5	2	0.807797
12	8	1	1	0.378104
12	8	1	2	0.641971
12	8	2	1	0.253223
12	8	2	2	0.298561
12	8	3	1	0.260803
12	8	3	2	0.317588
12	8	4	1	0.289880
12	8	4	2	0.384419
12	8	5	1	0.534355
12	8	5	2	1.173866
12	7	1	1	0.422358
12	7	1	2	0.785344
12	7	2	1	0.286163
12	7	2	2	0.374817
12	7	3	1	0.287219
12	7	3	2	0.355115
12	7	4	1	0.264155
12	7	4	2	0.321560
12	7	5	1	0.366437
12	7	5	2	0.605446
13	7	1	1	0.464402
13	7	1	2	0.927456
13	7	2	1	0.247870
13	7	2	2	0.289292
13	7	3	1	0.248870
13	7	3	2	0.295725
13	7	4	1	0.293733
13	7	4	2	0.394518
13	7	5	1	0.435957
13	7	5	2	0.830744
13	11	1	1	0.457136
13	11	1	2	0.902539
13	11	2	1	0.266846
13	11	2	2	0.327669
13	11	3	1	0.257483
13	11	3	2	0.312044
13	11	4	1	0.272696
13	11	4	2	0.341388
13	11	5	1	0.518107
13	11	5	2	1.115662
13	6	1	1	0.526181
13	6	1	2	1.144518
13	6	2	1	0.272696
13	6	2	2	0.341388
13	6	3	1	0.260803
13	6	3	2	0.317588
13	6	4	1	0.246131
13	6	4	2	0.288274
13	6	5	1	0.568043
13	6	5	2	1.296180
13	1	1	1	0.457136
13	1	1	2	0.902539
13	1	2	1	0.250135
13	1	2	2	0.292905
13	1	3	1	0.295088
13	1	3	2	0.364835
13	1	4	1	0.246504
13	1	4	2	0.287741
13	1	5	1	0.384103
13	1	5	2	0.660973
13	9	1	1	0.402749
13	9	1	2	0.720940
13	9	2	1	0.247069
13	9	2	2	0.288257
13	9	3	1	0.274382
13	9	3	2	0.338023
13	9	4	1	0.246504
13	9	4	2	0.287741
13	9	5	1	0.449973
13	9	5	2	0.878115
13	3	1	1	0.442913
13	3	1	2	0.854183
13	3	2	1	0.266846
13	3	2	2	0.327669
13	3	3	1	0.264683
13	3	3	2	0.323750
13	3	4	1	0.282583
13	3	4	2	0.365713
13	3	5	1	0.435957
13	3	5	2	0.830744
13	14	1	1	0.534355
13	14	1	2	1.173866
13	14	2	1	0.310446
13	14	2	2	0.439877
13	14	3	1	0.314502
13	14	3	2	0.386980
13	14	4	1	0.253223
13	14	4	2	0.298561
13	14	5	1	0.576712
13	14	5	2	1.327989
13	10	1	1	0.464402
13	10	1	2	0.927456
13	10	2	1	0.306076
13	10	2	2	0.427793
13	10	3	1	0.257483
13	10	3	2	0.312044
13	10	4	1	0.266846
13	10	4	2	0.327669
13	10	5	1	0.486811
13	10	5	2	1.005161
13	12	1	1	0.551002
13	12	1	2	1.234039
13	12	2	1	0.246870
13	12	2	2	0.290921
13	12	3	1	0.280358
13	12	3	2	0.346196
13	12	4	1	0.246187
13	12	4	2	0.287745
13	12	5	1	0.390210
13	12	5	2	0.680469
13	4	1	1	0.510132
13	4	1	2	1.087298
13	4	2	1	0.272696
13	4	2	2	0.341388
13	4	3	1	0.304119
13	4	3	2	0.375426
13	4	4	1	0.301833
13	4	4	2	0.416205
13	4	5	1	0.464402
13	4	5	2	0.927456
13	15	1	1	0.576712
13	15	1	2	1.327989
13	15	2	1	0.301833
13	15	2	2	0.416205
13	15	3	1	0.424417
13	15	3	2	0.487653
13	15	4	1	0.264155
13	15	4	2	0.321560
13	15	5	1	0.372215
13	15	5	2	0.623462
13	8	1	1	0.479240
13	8	1	2	0.978767
13	8	2	1	0.269695
13	8	2	2	0.334278
13	8	3	1	0.274382
13	8	3	2	0.338023
13	8	4	1	0.261626
13	8	4	2	0.315953
13	8	5	1	0.396426
13	8	5	2	0.700458
13	5	1	1	0.390210
13	5	1	2	0.680469
13	5	2	1	0.279143
13	5	2	2	0.357106
13	5	3	1	0.304119
13	5	3	2	0.375426
13	5	4	1	0.261626
13	5	4	2	0.315953
13	5	5	1	0.435957
13	5	5	2	0.830744
13	2	1	1	0.494484
13	2	1	2	1.032048
13	2	2	1	0.269695
13	2	2	2	0.334278
13	2	3	1	0.269185
13	2	3	2	0.330552
13	2	4	1	0.301833
13	2	4	2	0.416205
13	2	5	1	0.486811
13	2	5	2	1.005161
14	9	1	1	0.390210
14	9	1	2	0.680469
14	9	2	1	0.247702
14	9	2	2	0.293050
14	9	3	1	0.424417
14	9	3	2	0.487653
14	9	4	1	0.253223
14	9	4	2	0.298561
14	9	5	1	0.510132
14	9	5	2	1.087298
14	1	1	1	0.576712
14	1	1	2	1.327989
14	1	2	1	0.286163
14	1	2	2	0.374817
14	1	3	1	0.269185
14	1	3	2	0.330552
14	1	4	1	0.257070
14	1	4	2	0.306247
14	1	5	1	0.415716
14	1	5	2	0.763383
14	12	1	1	0.510132
14	12	1	2	1.087298
14	12	2	1	0.246131
14	12	2	2	0.288274
14	12	3	1	0.356456
14	12	3	2	0.428864
14	12	4	1	0.282583
14	12	4	2	0.365713
14	12	5	1	0.396426
14	12	5	2	0.700458
14	11	1	1	0.542629
14	11	1	2	1.203706
14	11	2	1	0.257070
14	11	2	2	0.306247
14	11	3	1	0.397708
14	11	3	2	0.465383
14	11	4	1	0.251580
14	11	4	2	0.295478
14	11	5	1	0.518107
14	11	5	2	1.115662
14	3	1	1	0.384103
14	3	1	2	0.660973
14	3	2	1	0.247069
14	3	2	2	0.288257
14	3	3	1	0.269185
14	3	3	2	0.330552
14	3	4	1	0.264155
14	3	4	2	0.321560
14	3	5	1	0.372215
14	3	5	2	0.623462
14	15	1	1	0.449973
14	15	1	2	0.878115
14	15	2	1	0.310446
14	15	2	2	0.439877
14	15	3	1	0.257483
14	15	3	2	0.312044
14	15	4	1	0.275847
14	15	4	2	0.348998
14	15	5	1	0.429105
14	15	5	2	0.807797
14	10	1	1	0.510132
14	10	1	2	1.087298
14	10	2	1	0.253223
14	10	2	2	0.298561
14	10	3	1	0.250401
14	10	3	2	0.298951
14	10	4	1	0.269695
14	10	4	2	0.334278
14	10	5	1	0.457136
14	10	5	2	0.902539
14	13	1	1	0.510132
14	13	1	2	1.087298
14	13	2	1	0.247870
14	13	2	2	0.289292
14	13	3	1	0.280358
14	13	3	2	0.346196
14	13	4	1	0.246504
14	13	4	2	0.287741
14	13	5	1	0.534355
14	13	5	2	1.173866
14	4	1	1	0.378104
14	4	1	2	0.641971
14	4	2	1	0.293733
14	4	2	2	0.394518
14	4	3	1	0.304119
14	4	3	2	0.375426
14	4	4	1	0.261626
14	4	4	2	0.315953
14	4	5	1	0.390210
14	4	5	2	0.680469
14	6	1	1	0.510132
14	6	1	2	1.087298
14	6	2	1	0.246504
14	6	2	2	0.287741
14	6	3	1	0.314502
14	6	3	2	0.386980
14	6	4	1	0.306076
14	6	4	2	0.427793
14	6	5	1	0.384103
14	6	5	2	0.660973
14	7	1	1	0.526181
14	7	1	2	1.144518
14	7	2	1	0.248870
14	7	2	2	0.295725
14	7	3	1	0.295088
14	7	3	2	0.364835
14	7	4	1	0.246187
14	7	4	2	0.287745
14	7	5	1	0.559473
14	7	5	2	1.264864
14	5	1	1	0.378104
14	5	1	2	0.641971
14	5	2	1	0.279143
14	5	2	2	0.357106
14	5	3	1	0.326472
14	5	3	2	0.399619
14	5	4	1	0.259262
14	5	4	2	0.310848
14	5	5	1	0.449973
14	5	5	2	0.878115
14	2	1	1	0.559473
14	2	1	2	1.264864
14	2	2	1	0.248870
14	2	2	2	0.295725
14	2	3	1	0.260803
14	2	3	2	0.317588
14	2	4	1	0.269695
14	2	4	2	0.334278
14	2	5	1	0.559473
14	2	5	2	1.264864
14	8	1	1	0.494484
14	8	1	2	1.032048
14	8	2	1	0.261626
14	8	2	2	0.315953
14	8	3	1	0.326472
14	8	3	2	0.399619
14	8	4	1	0.279143
14	8	4	2	0.357106
14	8	5	1	0.396426
14	8	5	2	0.700458
15	12	1	1	0.559473
15	12	1	2	1.264864
15	12	2	1	0.275847
15	12	2	2	0.348998
15	12	3	1	0.257483
15	12	3	2	0.312044
15	12	4	1	0.247870
15	12	4	2	0.289292
15	12	5	1	0.479240
15	12	5	2	0.978767
15	4	1	1	0.429105
15	4	1	2	0.807797
15	4	2	1	0.286163
15	4	2	2	0.374817
15	4	3	1	0.248870
15	4	3	2	0.295725
15	4	4	1	0.251580
15	4	4	2	0.295478
15	4	5	1	0.429105
15	4	5	2	0.807797
15	10	1	1	0.435957
15	10	1	2	0.830744
15	10	2	1	0.289880
15	10	2	2	0.384419
15	10	3	1	0.314502
15	10	3	2	0.386980
15	10	4	1	0.246187
15	10	4	2	0.287745
15	10	5	1	0.471770
15	10	5	2	0.952865
15	3	1	1	0.551002
15	3	1	2	1.234039
15	3	2	1	0.253223
15	3	2	2	0.298561
15	3	3	1	0.304119
15	3	3	2	0.375426
15	3	4	1	0.310446
15	3	4	2	0.439877
15	3	5	1	0.479240
15	3	5	2	0.978767
15	2	1	1	0.551002
15	2	1	2	1.234039
15	2	2	1	0.247069
15	2	2	2	0.288257
15	2	3	1	0.248870
15	2	3	2	0.295725
15	2	4	1	0.253223
15	2	4	2	0.298561
15	2	5	1	0.384103
15	2	5	2	0.660973
15	5	1	1	0.402749
15	5	1	2	0.720940
15	5	2	1	0.275847
15	5	2	2	0.348998
15	5	3	1	0.248870
15	5	3	2	0.295725
15	5	4	1	0.247069
15	5	4	2	0.288257
15	5	5	1	0.559473
15	5	5	2	1.264864
15	14	1	1	0.409180
15	14	1	2	0.741915
15	14	2	1	0.247870
15	14	2	2	0.289292
15	14	3	1	0.340328
15	14	3	2	0.413505
15	14	4	1	0.261626
15	14	4	2	0.315953
15	14	5	1	0.384103
15	14	5	2	0.660973
15	1	1	1	0.415716
15	1	1	2	0.763383
15	1	2	1	0.301833
15	1	2	2	0.416205
15	1	3	1	0.375359
15	1	3	2	0.446007
15	1	4	1	0.269695
15	1	4	2	0.334278
15	1	5	1	0.396426
15	1	5	2	0.700458
15	9	1	1	0.542629
15	9	1	2	1.203706
15	9	2	1	0.248870
15	9	2	2	0.295725
15	9	3	1	0.340328
15	9	3	2	0.413505
15	9	4	1	0.282583
15	9	4	2	0.365713
15	9	5	1	0.449973
15	9	5	2	0.878115
15	11	1	1	0.360770
15	11	1	2	0.587924
15	11	2	1	0.289880
15	11	2	2	0.384419
15	11	3	1	0.287219
15	11	3	2	0.355115
15	11	4	1	0.247069
15	11	4	2	0.288257
15	11	5	1	0.415716
15	11	5	2	0.763383
15	8	1	1	0.422358
15	8	1	2	0.785344
15	8	2	1	0.282583
15	8	2	2	0.365713
15	8	3	1	0.274382
15	8	3	2	0.338023
15	8	4	1	0.246870
15	8	4	2	0.290921
15	8	5	1	0.486811
15	8	5	2	1.005161
15	6	1	1	0.360770
15	6	1	2	0.587924
15	6	2	1	0.264155
15	6	2	2	0.321560
15	6	3	1	0.274382
15	6	3	2	0.338023
15	6	4	1	0.282583
15	6	4	2	0.365713
15	6	5	1	0.551002
15	6	5	2	1.234039
15	13	1	1	0.502258
15	13	1	2	1.059427
15	13	2	1	0.301833
15	13	2	2	0.416205
15	13	3	1	0.260803
15	13	3	2	0.317588
15	13	4	1	0.251580
15	13	4	2	0.295478
15	13	5	1	0.396426
15	13	5	2	0.700458
15	7	1	1	0.576712
15	7	1	2	1.327989
15	7	2	1	0.286163
15	7	2	2	0.374817
15	7	3	1	0.260803
15	7	3	2	0.317588
15	7	4	1	0.246353
15	7	4	2	0.289331
15	7	5	1	0.464402
15	7	5	2	0.927456
0	10	1	1	0.457136
0	10	1	2	0.902539
0	10	2	1	0.269695
0	10	2	2	0.334278
0	10	3	1	0.280358
0	10	3	2	0.346196
0	10	4	1	0.310446
0	10	4	2	0.439877
0	10	5	1	0.372215
0	10	5	2	0.623462
0	8	1	1	0.396426
0	8	1	2	0.700458
0	8	2	1	0.259262
0	8	2	2	0.310848
0	8	3	1	0.456768
0	8	3	2	0.513825
0	8	4	1	0.306076
0	8	4	2	0.427793
0	8	5	1	0.510132
0	8	5	2	1.087298
0	3	1	1	0.576712
0	3	1	2	1.327989
0	3	2	1	0.264155
0	3	2	2	0.321560
0	3	3	1	0.304119
0	3	3	2	0.375426
0	3	4	1	0.275847
0	3	4	2	0.348998
0	3	5	1	0.457136
0	3	5	2	0.902539
0	4	1	1	0.409180
0	4	1	2	0.741915
0	4	2	1	0.289880
0	4	2	2	0.384419
0	4	3	1	0.264683
0	4	3	2	0.323750
0	4	4	1	0.297717
0	4	4	2	0.405114
0	4	5	1	0.457136
0	4	5	2	0.902539
0	15	1	1	0.378104
0	15	1	2	0.641971
0	15	2	1	0.255055
0	15	2	2	0.302151
0	15	3	1	0.424417
0	15	3	2	0.487653
0	15	4	1	0.247702
0	15	4	2	0.293050
0	15	5	1	0.502258
0	15	5	2	1.059427
0	6	1	1	0.534355
0	6	1	2	1.173866
0	6	2	1	0.286163
0	6	2	2	0.374817
0	6	3	1	0.248870
0	6	3	2	0.295725
0	6	4	1	0.279143
0	6	4	2	0.357106
0	6	5	1	0.510132
0	6	5	2	1.087298
0	12	1	1	0.502258
0	12	1	2	1.059427
0	12	2	1	0.275847
0	12	2	2	0.348998
0	12	3	1	0.424417
0	12	3	2	0.487653
0	12	4	1	0.246870
0	12	4	2	0.290921
0	12	5	1	0.435957
0	12	5	2	0.830744
0	1	1	1	0.510132
0	1	1	2	1.087298
0	1	2	1	0.248870
0	1	2	2	0.295725
0	1	3	1	0.356456
0	1	3	2	0.428864
0	1	4	1	0.261626
0	1	4	2	0.315953
0	1	5	1	0.372215
0	1	5	2	0.623462
0	14	1	1	0.526181
0	14	1	2	1.144518
0	14	2	1	0.259262
0	14	2	2	0.310848
0	14	3	1	0.252324
0	14	3	2	0.302739
0	14	4	1	0.310446
0	14	4	2	0.439877
0	14	5	1	0.390210
0	14	5	2	0.680469
0	9	1	1	0.360770
0	9	1	2	0.587924
0	9	2	1	0.246504
0	9	2	2	0.287741
0	9	3	1	0.314502
0	9	3	2	0.386980
0	9	4	1	0.297717
0	9	4	2	0.405114
0	9	5	1	0.518107
0	9	5	2	1.115662
0	5	1	1	0.396426
0	5	1	2	0.700458
0	5	2	1	0.247069
0	5	2	2	0.288257
0	5	3	1	0.248870
0	5	3	2	0.295725
0	5	4	1	0.246353
0	5	4	2	0.289331
0	5	5	1	0.494484
0	5	5	2	1.032048
0	2	1	1	0.409180
0	2	1	2	0.741915
0	2	2	1	0.310446
0	2	2	2	0.439877
0	2	3	1	0.260803
0	2	3	2	0.317588
0	2	4	1	0.250135
0	2	4	2	0.292905
0	2	5	1	0.510132
0	2	5	2	1.087298
0	11	1	1	0.378104
0	11	1	2	0.641971
0	11	2	1	0.246353
0	11	2	2	0.289331
0	11	3	1	0.264683
0	11	3	2	0.323750
0	11	4	1	0.246353
0	11	4	2	0.289331
0	11	5	1	0.542629
0	11	5	2	1.203706
0	13	1	1	0.415716
0	13	1	2	0.763383
0	13	2	1	0.247702
0	13	2	2	0.293050
0	13	3	1	0.295088
0	13	3	2	0.364835
0	13	4	1	0.248870
0	13	4	2	0.295725
0	13	5	1	0.442913
0	13	5	2	0.854183
0	7	1	1	0.518107
0	7	1	2	1.115662
0	7	2	1	0.289880
0	7	2	2	0.384419
0	7	3	1	0.260803
0	7	3	2	0.317588
0	7	4	1	0.282583
0	7	4	2	0.365713
0	7	5	1	0.518107
0	7	5	2	1.115662
10	0	1	1	0.366437
10	0	1	2	0.605446
10	0	2	1	0.247702
10	0	2	2	0.293050
10	0	3	1	0.280358
10	0	3	2	0.346196
10	0	4	1	0.250135
10	0	4	2	0.292905
10	0	5	1	0.464402
10	0	5	2	0.927456
8	0	1	1	0.396426
8	0	1	2	0.700458
8	0	2	1	0.275847
8	0	2	2	0.348998
8	0	3	1	0.340328
8	0	3	2	0.413505
8	0	4	1	0.279143
8	0	4	2	0.357106
8	0	5	1	0.471770
8	0	5	2	0.952865
3	0	1	1	0.409180
3	0	1	2	0.741915
3	0	2	1	0.246131
3	0	2	2	0.288274
3	0	3	1	0.274382
3	0	3	2	0.338023
3	0	4	1	0.250135
3	0	4	2	0.292905
3	0	5	1	0.457136
3	0	5	2	0.902539
4	0	1	1	0.372215
4	0	1	2	0.623462
4	0	2	1	0.266846
4	0	2	2	0.327669
4	0	3	1	0.375359
4	0	3	2	0.446007
4	0	4	1	0.306076
4	0	4	2	0.427793
4	0	5	1	0.559473
4	0	5	2	1.264864
15	0	1	1	0.422358
15	0	1	2	0.785344
15	0	2	1	0.266846
15	0	2	2	0.327669
15	0	3	1	0.314502
15	0	3	2	0.386980
15	0	4	1	0.310446
15	0	4	2	0.439877
15	0	5	1	0.378104
15	0	5	2	0.641971
6	0	1	1	0.402749
6	0	1	2	0.720940
6	0	2	1	0.297717
6	0	2	2	0.405114
6	0	3	1	0.295088
6	0	3	2	0.364835
6	0	4	1	0.269695
6	0	4	2	0.334278
6	0	5	1	0.486811
6	0	5	2	1.005161
12	0	1	1	0.384103
12	0	1	2	0.660973
12	0	2	1	0.248895
12	0	2	2	0.290842
12	0	3	1	0.250401
12	0	3	2	0.298951
12	0	4	1	0.279143
12	0	4	2	0.357106
12	0	5	1	0.390210
12	0	5	2	0.680469
1	0	1	1	0.471770
1	0	1	2	0.952865
1	0	2	1	0.255055
1	0	2	2	0.302151
1	0	3	1	0.254672
1	0	3	2	0.307099
1	0	4	1	0.248895
1	0	4	2	0.290842
1	0	5	1	0.551002
1	0	5	2	1.234039
5	0	1	1	0.449973
5	0	1	2	0.878115
5	0	2	1	0.257070
5	0	2	2	0.306247
5	0	3	1	0.274382
5	0	3	2	0.338023
5	0	4	1	0.306076
5	0	4	2	0.427793
5	0	5	1	0.526181
5	0	5	2	1.144518
14	0	1	1	0.510132
14	0	1	2	1.087298
14	0	2	1	0.279143
14	0	2	2	0.357106
14	0	3	1	0.314502
14	0	3	2	0.386980
14	0	4	1	0.275847
14	0	4	2	0.348998
14	0	5	1	0.457136
14	0	5	2	0.902539
9	0	1	1	0.486811
9	0	1	2	1.005161
9	0	2	1	0.257070
9	0	2	2	0.306247
9	0	3	1	0.280358
9	0	3	2	0.346196
9	0	4	1	0.246131
9	0	4	2	0.288274
9	0	5	1	0.479240
9	0	5	2	0.978767
2	0	1	1	0.435957
2	0	1	2	0.830744
2	0	2	1	0.257070
2	0	2	2	0.306247
2	0	3	1	0.274382
2	0	3	2	0.338023
2	0	4	1	0.297717
2	0	4	2	0.405114
2	0	5	1	0.510132
2	0	5	2	1.087298
11	0	1	1	0.449973
11	0	1	2	0.878115
11	0	2	1	0.253223
11	0	2	2	0.298561
11	0	3	1	0.287219
11	0	3	2	0.355115
11	0	4	1	0.246187
11	0	4	2	0.287745
11	0	5	1	0.576712
11	0	5	2	1.327989
13	0	1	1	0.396426
13	0	1	2	0.700458
13	0	2	1	0.246353
13	0	2	2	0.289331
13	0	3	1	0.250401
13	0	3	2	0.298951
13	0	4	1	0.286163
13	0	4	2	0.374817
13	0	5	1	0.372215
13	0	5	2	0.623462
7	0	1	1	0.366437
7	0	1	2	0.605446
7	0	2	1	0.282583
7	0	2	2	0.365713
7	0	3	1	0.260803
7	0	3	2	0.317588
7	0	4	1	0.247702
7	0	4	2	0.293050
7	0	5	1	0.429105
7	0	5	2	0.807797
;
