param:	TIME:	Ts	Te:=
1	0   108
2	108   216
3	216   324
4	324   432
5	432   540
;
param:	NODE:	r	st	WS	WE:=
0	0	0	0	540
1	1497	17	35	361
2	534	6	86	401
3	423	5	29	355
4	1104	12	51	390
5	2436	27	19	362
6	2412	27	48	378
7	912	10	73	398
8	1386	15	51	367
9	1749	19	51	385
10	906	10	84	400
11	942	10	71	399
12	1041	12	51	390
13	2373	26	59	417
14	1683	19	24	348
15	333	4	31	362
;
param: VEHICLE:	Ch	Lh	Ph	ch:=
1	10000	150	2.2384e-005	2.66374
2	15000	200	1.79961e-005	2.66374
3	10000	150	2.2384e-005	2.66374
4	15000	200	1.79961e-005	2.66374
;
param q_real:=3;
param	nth:=14;
param	nth1:=15;
param:	ARC:	D:=
1	6	21.790001
1	4	29.610001
1	3	32.720001
1	7	33.169998
1	15	38.209999
1	2	45.840000
1	13	52.189999
1	9	67.620003
1	14	99.470001
1	10	99.889999
1	8	119.610001
1	12	144.589996
1	5	145.110001
1	11	163.089996
2	13	8.430000
2	4	22.990000
2	6	33.549999
2	7	41.770000
2	1	45.790001
2	15	69.690002
2	3	74.190002
2	10	94.232002
2	9	98.019997
2	14	105.820999
2	8	113.351997
2	12	131.660995
2	5	143.772995
2	11	161.522995
3	15	24.950001
3	1	32.689999
3	9	43.099998
3	7	45.759998
3	6	50.939999
3	4	60.259998
3	2	75.010002
3	13	77.480003
3	14	93.470001
3	10	101.879997
3	8	119.269997
3	5	139.559998
3	12	150.860992
3	11	160.539993
4	6	12.050000
4	2	22.770000
4	13	28.240000
4	1	29.549999
4	7	38.110001
4	15	59.700001
4	3	60.220001
4	9	88.029999
4	10	105.220001
4	14	112.269997
4	8	124.880997
4	12	144.800003
4	5	155.302002
4	11	173.052002
5	11	33.369999
5	8	46.070000
5	14	53.500000
5	10	58.009998
5	12	89.870003
5	9	115.690002
5	15	116.250000
5	7	118.292000
5	13	136.733994
5	3	140.070007
5	2	144.054001
5	1	145.990005
5	4	155.082993
5	6	157.350006
6	4	12.000000
6	1	21.389999
6	2	33.480000
6	13	38.950001
6	7	39.930000
6	3	51.070000
6	15	57.040001
6	9	86.449997
6	10	107.040001
6	14	111.879997
6	8	126.760002
6	12	151.020004
6	5	157.470993
6	11	175.500000
7	15	31.660000
7	1	33.090000
7	4	38.349998
7	6	40.230000
7	13	40.980000
7	2	41.849998
7	3	45.810001
7	9	58.840000
7	10	67.860001
7	14	76.209999
7	8	87.419998
7	12	110.870003
7	5	118.291000
7	11	136.041000
8	10	20.959999
8	14	35.820000
8	5	46.220001
8	12	49.709999
8	11	57.549999
8	7	87.320000
8	15	94.779999
8	9	96.959999
8	13	106.553001
8	2	113.862999
8	3	119.540001
8	1	119.849998
8	4	124.891998
8	6	127.209999
9	15	30.410000
9	3	42.849998
9	7	58.849998
9	14	64.639999
9	1	67.699997
9	10	85.300003
9	6	86.059998
9	4	87.959999
9	8	96.860001
9	2	97.919998
9	13	98.959999
9	5	115.089996
9	11	132.679993
9	12	140.641006
10	8	20.719999
10	14	35.080002
10	12	49.431000
10	5	57.439999
10	7	67.529999
10	11	74.540001
10	15	77.230003
10	9	85.239998
10	13	86.884003
10	2	94.204002
10	1	99.680000
10	3	101.989998
10	4	105.160004
10	6	107.040001
11	5	35.340000
11	8	59.340000
11	14	72.589996
11	10	76.389999
11	12	95.760002
11	9	134.779999
11	15	136.009995
11	7	137.632004
11	13	156.084000
11	3	161.029999
11	2	163.393997
11	1	165.350006
11	4	174.423004
11	6	176.710007
12	10	49.291000
12	8	49.330002
12	14	83.600998
12	5	89.599998
12	11	93.900002
12	7	110.570000
12	13	124.291000
12	15	125.292000
12	2	131.600998
12	9	139.501999
12	4	144.330002
12	1	144.789993
12	3	150.363007
12	6	151.399994
13	2	8.440000
13	4	28.490000
13	6	39.049999
13	7	40.910000
13	1	52.139999
13	15	72.059998
13	3	76.559998
13	10	87.472000
13	9	98.910004
13	14	99.060997
13	8	106.592003
13	12	124.901001
13	5	137.013000
13	11	154.763000
14	10	35.220001
14	8	35.650002
14	5	52.820000
14	9	64.599998
14	15	69.949997
14	11	70.410004
14	7	76.260002
14	12	83.911003
14	3	93.769997
14	13	98.700996
14	1	99.940002
14	2	106.011002
14	6	111.300003
14	4	112.050003
15	3	24.950001
15	9	30.389999
15	7	31.850000
15	1	38.279999
15	6	56.639999
15	4	59.500000
15	2	69.459999
15	14	69.839996
15	13	71.930000
15	10	77.589996
15	8	94.980003
15	5	115.930000
15	12	125.841003
15	11	134.259995
0	14	34.889999
0	15	38.220001
0	10	42.650002
0	7	44.580002
0	9	46.590000
0	8	58.889999
0	3	62.040001
0	1	68.089996
0	13	74.030998
0	2	78.059998
0	5	78.900002
0	6	79.449997
0	4	80.199997
0	12	89.331001
0	11	96.620003
14	0	34.919998
15	0	38.470001
10	0	42.700001
7	0	44.730000
9	0	46.560001
8	0	59.099998
3	0	62.099998
1	0	67.650002
13	0	74.622002
2	0	77.930000
5	0	79.470001
6	0	80.059998
4	0	80.449997
12	0	89.171997
11	0	98.830002
;
param:	v:=
1	6	1	74
1	6	2	48
1	6	3	27
1	6	4	51
1	6	5	97
1	4	1	81
1	4	2	44
1	4	3	10
1	4	4	40
1	4	5	82
1	3	1	99
1	3	2	39
1	3	3	14
1	3	4	50
1	3	5	93
1	7	1	71
1	7	2	55
1	7	3	30
1	7	4	54
1	7	5	86
1	15	1	80
1	15	2	58
1	15	3	10
1	15	4	31
1	15	5	94
1	2	1	75
1	2	2	41
1	2	3	28
1	2	4	32
1	2	5	92
1	13	1	98
1	13	2	52
1	13	3	23
1	13	4	39
1	13	5	93
1	9	1	83
1	9	2	57
1	9	3	10
1	9	4	49
1	9	5	77
1	14	1	78
1	14	2	33
1	14	3	16
1	14	4	44
1	14	5	96
1	10	1	72
1	10	2	43
1	10	3	15
1	10	4	37
1	10	5	79
1	8	1	74
1	8	2	49
1	8	3	21
1	8	4	32
1	8	5	79
1	12	1	84
1	12	2	34
1	12	3	18
1	12	4	36
1	12	5	76
1	5	1	91
1	5	2	46
1	5	3	14
1	5	4	32
1	5	5	88
1	11	1	91
1	11	2	57
1	11	3	29
1	11	4	48
1	11	5	89
2	13	1	84
2	13	2	44
2	13	3	10
2	13	4	49
2	13	5	74
2	4	1	98
2	4	2	53
2	4	3	11
2	4	4	44
2	4	5	75
2	6	1	92
2	6	2	33
2	6	3	21
2	6	4	52
2	6	5	100
2	7	1	75
2	7	2	52
2	7	3	26
2	7	4	54
2	7	5	78
2	1	1	88
2	1	2	53
2	1	3	13
2	1	4	55
2	1	5	94
2	15	1	80
2	15	2	46
2	15	3	17
2	15	4	55
2	15	5	78
2	3	1	81
2	3	2	38
2	3	3	20
2	3	4	53
2	3	5	98
2	10	1	71
2	10	2	30
2	10	3	29
2	10	4	35
2	10	5	78
2	9	1	76
2	9	2	36
2	9	3	12
2	9	4	60
2	9	5	100
2	14	1	81
2	14	2	39
2	14	3	19
2	14	4	39
2	14	5	77
2	8	1	82
2	8	2	31
2	8	3	27
2	8	4	60
2	8	5	82
2	12	1	81
2	12	2	57
2	12	3	24
2	12	4	49
2	12	5	95
2	5	1	74
2	5	2	59
2	5	3	16
2	5	4	54
2	5	5	91
2	11	1	76
2	11	2	46
2	11	3	10
2	11	4	53
2	11	5	84
3	15	1	77
3	15	2	58
3	15	3	25
3	15	4	35
3	15	5	72
3	1	1	80
3	1	2	30
3	1	3	20
3	1	4	40
3	1	5	76
3	9	1	100
3	9	2	52
3	9	3	20
3	9	4	40
3	9	5	74
3	7	1	92
3	7	2	58
3	7	3	22
3	7	4	35
3	7	5	80
3	6	1	82
3	6	2	32
3	6	3	12
3	6	4	53
3	6	5	88
3	4	1	74
3	4	2	36
3	4	3	19
3	4	4	49
3	4	5	79
3	2	1	85
3	2	2	31
3	2	3	10
3	2	4	52
3	2	5	75
3	13	1	90
3	13	2	44
3	13	3	20
3	13	4	40
3	13	5	70
3	14	1	98
3	14	2	54
3	14	3	10
3	14	4	52
3	14	5	81
3	10	1	75
3	10	2	46
3	10	3	28
3	10	4	42
3	10	5	93
3	8	1	99
3	8	2	60
3	8	3	17
3	8	4	44
3	8	5	78
3	5	1	89
3	5	2	56
3	5	3	26
3	5	4	54
3	5	5	79
3	12	1	82
3	12	2	38
3	12	3	23
3	12	4	52
3	12	5	89
3	11	1	90
3	11	2	50
3	11	3	11
3	11	4	34
3	11	5	96
4	6	1	79
4	6	2	54
4	6	3	20
4	6	4	34
4	6	5	87
4	2	1	76
4	2	2	31
4	2	3	13
4	2	4	44
4	2	5	71
4	13	1	73
4	13	2	37
4	13	3	25
4	13	4	49
4	13	5	94
4	1	1	99
4	1	2	60
4	1	3	28
4	1	4	50
4	1	5	90
4	7	1	96
4	7	2	49
4	7	3	24
4	7	4	30
4	7	5	86
4	15	1	79
4	15	2	53
4	15	3	12
4	15	4	36
4	15	5	92
4	3	1	86
4	3	2	59
4	3	3	12
4	3	4	51
4	3	5	79
4	9	1	91
4	9	2	39
4	9	3	21
4	9	4	37
4	9	5	87
4	10	1	94
4	10	2	36
4	10	3	29
4	10	4	34
4	10	5	77
4	14	1	71
4	14	2	34
4	14	3	21
4	14	4	32
4	14	5	73
4	8	1	71
4	8	2	50
4	8	3	13
4	8	4	45
4	8	5	84
4	12	1	100
4	12	2	41
4	12	3	15
4	12	4	33
4	12	5	98
4	5	1	81
4	5	2	44
4	5	3	13
4	5	4	52
4	5	5	76
4	11	1	74
4	11	2	56
4	11	3	13
4	11	4	50
4	11	5	73
5	11	1	71
5	11	2	30
5	11	3	24
5	11	4	45
5	11	5	100
5	8	1	84
5	8	2	35
5	8	3	26
5	8	4	44
5	8	5	94
5	14	1	75
5	14	2	57
5	14	3	11
5	14	4	30
5	14	5	96
5	10	1	92
5	10	2	59
5	10	3	17
5	10	4	54
5	10	5	70
5	12	1	76
5	12	2	45
5	12	3	28
5	12	4	46
5	12	5	96
5	9	1	88
5	9	2	55
5	9	3	28
5	9	4	60
5	9	5	92
5	15	1	77
5	15	2	45
5	15	3	27
5	15	4	32
5	15	5	78
5	7	1	96
5	7	2	45
5	7	3	11
5	7	4	33
5	7	5	75
5	13	1	96
5	13	2	31
5	13	3	11
5	13	4	54
5	13	5	75
5	3	1	70
5	3	2	54
5	3	3	18
5	3	4	38
5	3	5	80
5	2	1	71
5	2	2	47
5	2	3	17
5	2	4	39
5	2	5	82
5	1	1	74
5	1	2	44
5	1	3	26
5	1	4	41
5	1	5	79
5	4	1	84
5	4	2	55
5	4	3	11
5	4	4	54
5	4	5	91
5	6	1	82
5	6	2	51
5	6	3	30
5	6	4	33
5	6	5	75
6	4	1	89
6	4	2	41
6	4	3	26
6	4	4	31
6	4	5	85
6	1	1	77
6	1	2	38
6	1	3	23
6	1	4	48
6	1	5	92
6	2	1	87
6	2	2	56
6	2	3	15
6	2	4	46
6	2	5	72
6	13	1	73
6	13	2	30
6	13	3	21
6	13	4	49
6	13	5	87
6	7	1	98
6	7	2	60
6	7	3	28
6	7	4	57
6	7	5	81
6	3	1	72
6	3	2	56
6	3	3	18
6	3	4	54
6	3	5	98
6	15	1	82
6	15	2	52
6	15	3	21
6	15	4	48
6	15	5	76
6	9	1	92
6	9	2	35
6	9	3	23
6	9	4	32
6	9	5	72
6	10	1	95
6	10	2	31
6	10	3	21
6	10	4	49
6	10	5	76
6	14	1	86
6	14	2	46
6	14	3	19
6	14	4	42
6	14	5	82
6	8	1	74
6	8	2	39
6	8	3	10
6	8	4	30
6	8	5	100
6	12	1	82
6	12	2	47
6	12	3	25
6	12	4	55
6	12	5	80
6	5	1	80
6	5	2	30
6	5	3	10
6	5	4	42
6	5	5	96
6	11	1	80
6	11	2	51
6	11	3	16
6	11	4	36
6	11	5	81
7	15	1	91
7	15	2	38
7	15	3	18
7	15	4	48
7	15	5	82
7	1	1	83
7	1	2	51
7	1	3	22
7	1	4	31
7	1	5	74
7	4	1	88
7	4	2	49
7	4	3	28
7	4	4	31
7	4	5	86
7	6	1	88
7	6	2	53
7	6	3	24
7	6	4	57
7	6	5	78
7	13	1	100
7	13	2	50
7	13	3	27
7	13	4	49
7	13	5	78
7	2	1	95
7	2	2	57
7	2	3	21
7	2	4	55
7	2	5	94
7	3	1	93
7	3	2	30
7	3	3	18
7	3	4	37
7	3	5	87
7	9	1	98
7	9	2	50
7	9	3	26
7	9	4	47
7	9	5	95
7	10	1	87
7	10	2	33
7	10	3	14
7	10	4	36
7	10	5	78
7	14	1	93
7	14	2	37
7	14	3	23
7	14	4	38
7	14	5	83
7	8	1	78
7	8	2	60
7	8	3	13
7	8	4	40
7	8	5	80
7	12	1	74
7	12	2	57
7	12	3	11
7	12	4	33
7	12	5	98
7	5	1	94
7	5	2	39
7	5	3	10
7	5	4	39
7	5	5	70
7	11	1	96
7	11	2	30
7	11	3	11
7	11	4	56
7	11	5	97
8	10	1	72
8	10	2	49
8	10	3	28
8	10	4	44
8	10	5	85
8	14	1	89
8	14	2	35
8	14	3	18
8	14	4	30
8	14	5	94
8	5	1	74
8	5	2	43
8	5	3	15
8	5	4	60
8	5	5	72
8	12	1	89
8	12	2	58
8	12	3	25
8	12	4	31
8	12	5	91
8	11	1	93
8	11	2	50
8	11	3	11
8	11	4	46
8	11	5	98
8	7	1	76
8	7	2	51
8	7	3	26
8	7	4	36
8	7	5	92
8	15	1	99
8	15	2	43
8	15	3	17
8	15	4	55
8	15	5	92
8	9	1	81
8	9	2	31
8	9	3	10
8	9	4	35
8	9	5	88
8	13	1	99
8	13	2	49
8	13	3	13
8	13	4	52
8	13	5	99
8	2	1	89
8	2	2	49
8	2	3	30
8	2	4	41
8	2	5	71
8	3	1	95
8	3	2	43
8	3	3	26
8	3	4	48
8	3	5	99
8	1	1	76
8	1	2	54
8	1	3	28
8	1	4	40
8	1	5	100
8	4	1	100
8	4	2	48
8	4	3	13
8	4	4	33
8	4	5	95
8	6	1	93
8	6	2	38
8	6	3	26
8	6	4	31
8	6	5	81
9	15	1	95
9	15	2	54
9	15	3	26
9	15	4	44
9	15	5	71
9	3	1	97
9	3	2	47
9	3	3	22
9	3	4	32
9	3	5	70
9	7	1	70
9	7	2	50
9	7	3	15
9	7	4	53
9	7	5	81
9	14	1	76
9	14	2	57
9	14	3	20
9	14	4	60
9	14	5	91
9	1	1	76
9	1	2	51
9	1	3	23
9	1	4	51
9	1	5	97
9	10	1	71
9	10	2	43
9	10	3	11
9	10	4	46
9	10	5	76
9	6	1	87
9	6	2	34
9	6	3	10
9	6	4	58
9	6	5	70
9	4	1	84
9	4	2	48
9	4	3	20
9	4	4	55
9	4	5	90
9	8	1	94
9	8	2	41
9	8	3	25
9	8	4	48
9	8	5	77
9	2	1	73
9	2	2	30
9	2	3	11
9	2	4	42
9	2	5	99
9	13	1	70
9	13	2	35
9	13	3	17
9	13	4	39
9	13	5	89
9	5	1	84
9	5	2	44
9	5	3	23
9	5	4	45
9	5	5	98
9	11	1	94
9	11	2	46
9	11	3	27
9	11	4	30
9	11	5	99
9	12	1	94
9	12	2	53
9	12	3	29
9	12	4	41
9	12	5	98
10	8	1	94
10	8	2	41
10	8	3	23
10	8	4	47
10	8	5	98
10	14	1	100
10	14	2	59
10	14	3	13
10	14	4	56
10	14	5	98
10	12	1	86
10	12	2	51
10	12	3	20
10	12	4	54
10	12	5	84
10	5	1	97
10	5	2	58
10	5	3	27
10	5	4	40
10	5	5	85
10	7	1	98
10	7	2	52
10	7	3	20
10	7	4	37
10	7	5	85
10	11	1	99
10	11	2	38
10	11	3	13
10	11	4	35
10	11	5	85
10	15	1	94
10	15	2	47
10	15	3	29
10	15	4	53
10	15	5	86
10	9	1	95
10	9	2	34
10	9	3	13
10	9	4	33
10	9	5	79
10	13	1	76
10	13	2	53
10	13	3	16
10	13	4	50
10	13	5	77
10	2	1	100
10	2	2	31
10	2	3	14
10	2	4	46
10	2	5	78
10	1	1	78
10	1	2	32
10	1	3	16
10	1	4	38
10	1	5	91
10	3	1	77
10	3	2	52
10	3	3	22
10	3	4	47
10	3	5	71
10	4	1	96
10	4	2	49
10	4	3	21
10	4	4	36
10	4	5	95
10	6	1	97
10	6	2	59
10	6	3	24
10	6	4	47
10	6	5	84
11	5	1	92
11	5	2	40
11	5	3	22
11	5	4	59
11	5	5	88
11	8	1	95
11	8	2	52
11	8	3	13
11	8	4	32
11	8	5	88
11	14	1	84
11	14	2	46
11	14	3	11
11	14	4	36
11	14	5	80
11	10	1	86
11	10	2	45
11	10	3	27
11	10	4	38
11	10	5	99
11	12	1	98
11	12	2	55
11	12	3	27
11	12	4	47
11	12	5	88
11	9	1	93
11	9	2	31
11	9	3	30
11	9	4	40
11	9	5	89
11	15	1	90
11	15	2	57
11	15	3	16
11	15	4	59
11	15	5	75
11	7	1	71
11	7	2	57
11	7	3	19
11	7	4	41
11	7	5	77
11	13	1	79
11	13	2	58
11	13	3	10
11	13	4	37
11	13	5	88
11	3	1	88
11	3	2	36
11	3	3	13
11	3	4	44
11	3	5	81
11	2	1	88
11	2	2	47
11	2	3	23
11	2	4	30
11	2	5	84
11	1	1	77
11	1	2	55
11	1	3	22
11	1	4	44
11	1	5	77
11	4	1	92
11	4	2	44
11	4	3	23
11	4	4	34
11	4	5	78
11	6	1	80
11	6	2	48
11	6	3	11
11	6	4	48
11	6	5	82
12	10	1	88
12	10	2	37
12	10	3	23
12	10	4	57
12	10	5	83
12	8	1	88
12	8	2	55
12	8	3	14
12	8	4	32
12	8	5	93
12	14	1	91
12	14	2	35
12	14	3	12
12	14	4	37
12	14	5	85
12	5	1	90
12	5	2	44
12	5	3	28
12	5	4	33
12	5	5	90
12	11	1	81
12	11	2	59
12	11	3	26
12	11	4	52
12	11	5	98
12	7	1	80
12	7	2	33
12	7	3	26
12	7	4	34
12	7	5	89
12	13	1	94
12	13	2	44
12	13	3	11
12	13	4	60
12	13	5	73
12	15	1	82
12	15	2	49
12	15	3	11
12	15	4	50
12	15	5	99
12	2	1	93
12	2	2	58
12	2	3	21
12	2	4	33
12	2	5	80
12	9	1	81
12	9	2	60
12	9	3	25
12	9	4	58
12	9	5	80
12	4	1	75
12	4	2	49
12	4	3	18
12	4	4	56
12	4	5	88
12	1	1	98
12	1	2	51
12	1	3	29
12	1	4	34
12	1	5	72
12	3	1	82
12	3	2	45
12	3	3	24
12	3	4	33
12	3	5	79
12	6	1	96
12	6	2	60
12	6	3	24
12	6	4	56
12	6	5	83
13	2	1	96
13	2	2	40
13	2	3	11
13	2	4	37
13	2	5	77
13	4	1	88
13	4	2	49
13	4	3	21
13	4	4	30
13	4	5	88
13	6	1	84
13	6	2	48
13	6	3	23
13	6	4	53
13	6	5	77
13	7	1	77
13	7	2	44
13	7	3	22
13	7	4	31
13	7	5	97
13	1	1	84
13	1	2	56
13	1	3	29
13	1	4	42
13	1	5	75
13	15	1	72
13	15	2	38
13	15	3	13
13	15	4	55
13	15	5	99
13	3	1	72
13	3	2	60
13	3	3	14
13	3	4	31
13	3	5	96
13	10	1	85
13	10	2	35
13	10	3	14
13	10	4	35
13	10	5	95
13	9	1	88
13	9	2	33
13	9	3	23
13	9	4	30
13	9	5	74
13	14	1	99
13	14	2	31
13	14	3	25
13	14	4	53
13	14	5	92
13	8	1	95
13	8	2	53
13	8	3	28
13	8	4	45
13	8	5	71
13	12	1	95
13	12	2	43
13	12	3	19
13	12	4	56
13	12	5	93
13	5	1	89
13	5	2	45
13	5	3	20
13	5	4	30
13	5	5	91
13	11	1	91
13	11	2	47
13	11	3	30
13	11	4	59
13	11	5	76
14	10	1	71
14	10	2	30
14	10	3	25
14	10	4	55
14	10	5	81
14	8	1	83
14	8	2	45
14	8	3	22
14	8	4	35
14	8	5	91
14	5	1	78
14	5	2	31
14	5	3	16
14	5	4	34
14	5	5	86
14	9	1	75
14	9	2	41
14	9	3	27
14	9	4	46
14	9	5	75
14	15	1	99
14	15	2	54
14	15	3	21
14	15	4	36
14	15	5	95
14	11	1	96
14	11	2	46
14	11	3	12
14	11	4	55
14	11	5	84
14	7	1	91
14	7	2	53
14	7	3	27
14	7	4	38
14	7	5	79
14	12	1	91
14	12	2	50
14	12	3	30
14	12	4	47
14	12	5	83
14	3	1	95
14	3	2	56
14	3	3	13
14	3	4	38
14	3	5	71
14	13	1	90
14	13	2	32
14	13	3	28
14	13	4	40
14	13	5	100
14	1	1	79
14	1	2	49
14	1	3	24
14	1	4	49
14	1	5	80
14	2	1	87
14	2	2	41
14	2	3	14
14	2	4	44
14	2	5	82
14	6	1	75
14	6	2	60
14	6	3	20
14	6	4	36
14	6	5	75
14	4	1	87
14	4	2	43
14	4	3	22
14	4	4	37
14	4	5	74
15	3	1	73
15	3	2	45
15	3	3	16
15	3	4	51
15	3	5	97
15	9	1	97
15	9	2	56
15	9	3	29
15	9	4	50
15	9	5	82
15	7	1	73
15	7	2	35
15	7	3	15
15	7	4	59
15	7	5	76
15	1	1	96
15	1	2	30
15	1	3	19
15	1	4	41
15	1	5	89
15	6	1	70
15	6	2	56
15	6	3	14
15	6	4	50
15	6	5	83
15	4	1	72
15	4	2	52
15	4	3	29
15	4	4	41
15	4	5	82
15	2	1	90
15	2	2	44
15	2	3	24
15	2	4	50
15	2	5	78
15	14	1	73
15	14	2	55
15	14	3	25
15	14	4	58
15	14	5	73
15	13	1	75
15	13	2	43
15	13	3	28
15	13	4	56
15	13	5	92
15	10	1	84
15	10	2	57
15	10	3	26
15	10	4	34
15	10	5	76
15	8	1	82
15	8	2	46
15	8	3	13
15	8	4	42
15	8	5	83
15	5	1	78
15	5	2	52
15	5	3	10
15	5	4	41
15	5	5	84
15	12	1	71
15	12	2	43
15	12	3	21
15	12	4	33
15	12	5	100
15	11	1	90
15	11	2	54
15	11	3	19
15	11	4	48
15	11	5	77
0	14	1	72
0	14	2	31
0	14	3	20
0	14	4	50
0	14	5	77
0	15	1	70
0	15	2	60
0	15	3	14
0	15	4	40
0	15	5	91
0	10	1	82
0	10	2	46
0	10	3	22
0	10	4	36
0	10	5	86
0	7	1	75
0	7	2	43
0	7	3	13
0	7	4	58
0	7	5	96
0	9	1	81
0	9	2	35
0	9	3	21
0	9	4	45
0	9	5	82
0	8	1	78
0	8	2	42
0	8	3	21
0	8	4	40
0	8	5	92
0	3	1	92
0	3	2	46
0	3	3	11
0	3	4	47
0	3	5	88
0	1	1	87
0	1	2	41
0	1	3	22
0	1	4	43
0	1	5	92
0	13	1	82
0	13	2	50
0	13	3	18
0	13	4	45
0	13	5	86
0	2	1	73
0	2	2	46
0	2	3	20
0	2	4	44
0	2	5	71
0	5	1	80
0	5	2	60
0	5	3	24
0	5	4	58
0	5	5	72
0	6	1	73
0	6	2	37
0	6	3	30
0	6	4	51
0	6	5	84
0	4	1	83
0	4	2	46
0	4	3	26
0	4	4	47
0	4	5	95
0	12	1	96
0	12	2	36
0	12	3	19
0	12	4	52
0	12	5	73
0	11	1	75
0	11	2	57
0	11	3	21
0	11	4	37
0	11	5	83
14	0	1	100
14	0	2	42
14	0	3	29
14	0	4	52
14	0	5	91
15	0	1	88
15	0	2	41
15	0	3	13
15	0	4	56
15	0	5	86
10	0	1	70
10	0	2	44
10	0	3	14
10	0	4	51
10	0	5	86
7	0	1	82
7	0	2	55
7	0	3	10
7	0	4	35
7	0	5	98
9	0	1	88
9	0	2	59
9	0	3	18
9	0	4	56
9	0	5	80
8	0	1	75
8	0	2	41
8	0	3	21
8	0	4	41
8	0	5	83
3	0	1	79
3	0	2	45
3	0	3	24
3	0	4	60
3	0	5	92
1	0	1	78
1	0	2	42
1	0	3	18
1	0	4	50
1	0	5	82
13	0	1	84
13	0	2	50
13	0	3	20
13	0	4	37
13	0	5	83
2	0	1	98
2	0	2	51
2	0	3	20
2	0	4	50
2	0	5	71
5	0	1	98
5	0	2	44
5	0	3	28
5	0	4	40
5	0	5	79
6	0	1	85
6	0	2	58
6	0	3	15
6	0	4	39
6	0	5	71
4	0	1	85
4	0	2	45
4	0	3	17
4	0	4	51
4	0	5	82
12	0	1	82
12	0	2	54
12	0	3	12
12	0	4	58
12	0	5	100
11	0	1	73
11	0	2	40
11	0	3	19
11	0	4	36
11	0	5	85
;
param:	g:=
1	6	1	1	0.384103
1	6	1	2	0.660973
1	6	2	1	0.266846
1	6	2	2	0.327669
1	6	3	1	0.254672
1	6	3	2	0.307099
1	6	4	1	0.275847
1	6	4	2	0.348998
1	6	5	1	0.551002
1	6	5	2	1.234039
1	4	1	1	0.429105
1	4	1	2	0.807797
1	4	2	1	0.257070
1	4	2	2	0.306247
1	4	3	1	0.456768
1	4	3	2	0.513825
1	4	4	1	0.250135
1	4	4	2	0.292905
1	4	5	1	0.435957
1	4	5	2	0.830744
1	3	1	1	0.568043
1	3	1	2	1.296180
1	3	2	1	0.248895
1	3	2	2	0.290842
1	3	3	1	0.356456
1	3	3	2	0.428864
1	3	4	1	0.272696
1	3	4	2	0.341388
1	3	5	1	0.518107
1	3	5	2	1.115662
1	7	1	1	0.366437
1	7	1	2	0.605446
1	7	2	1	0.289880
1	7	2	2	0.384419
1	7	3	1	0.248870
1	7	3	2	0.295725
1	7	4	1	0.286163
1	7	4	2	0.374817
1	7	5	1	0.464402
1	7	5	2	0.927456
1	15	1	1	0.422358
1	15	1	2	0.785344
1	15	2	1	0.301833
1	15	2	2	0.416205
1	15	3	1	0.456768
1	15	3	2	0.513825
1	15	4	1	0.247702
1	15	4	2	0.293050
1	15	5	1	0.526181
1	15	5	2	1.144518
1	2	1	1	0.390210
1	2	1	2	0.680469
1	2	2	1	0.251580
1	2	2	2	0.295478
1	2	3	1	0.252324
1	2	3	2	0.302739
1	2	4	1	0.246870
1	2	4	2	0.290921
1	2	5	1	0.510132
1	2	5	2	1.087298
1	13	1	1	0.559473
1	13	1	2	1.264864
1	13	2	1	0.279143
1	13	2	2	0.357106
1	13	3	1	0.269185
1	13	3	2	0.330552
1	13	4	1	0.248895
1	13	4	2	0.290842
1	13	5	1	0.518107
1	13	5	2	1.115662
1	9	1	1	0.442913
1	9	1	2	0.854183
1	9	2	1	0.297717
1	9	2	2	0.405114
1	9	3	1	0.456768
1	9	3	2	0.513825
1	9	4	1	0.269695
1	9	4	2	0.334278
1	9	5	1	0.402749
1	9	5	2	0.720940
1	14	1	1	0.409180
1	14	1	2	0.741915
1	14	2	1	0.246353
1	14	2	2	0.289331
1	14	3	1	0.326472
1	14	3	2	0.399619
1	14	4	1	0.257070
1	14	4	2	0.306247
1	14	5	1	0.542629
1	14	5	2	1.203706
1	10	1	1	0.372215
1	10	1	2	0.623462
1	10	2	1	0.255055
1	10	2	2	0.302151
1	10	3	1	0.340328
1	10	3	2	0.413505
1	10	4	1	0.247069
1	10	4	2	0.288257
1	10	5	1	0.415716
1	10	5	2	0.763383
1	8	1	1	0.384103
1	8	1	2	0.660973
1	8	2	1	0.269695
1	8	2	2	0.334278
1	8	3	1	0.280358
1	8	3	2	0.346196
1	8	4	1	0.246870
1	8	4	2	0.290921
1	8	5	1	0.415716
1	8	5	2	0.763383
1	12	1	1	0.449973
1	12	1	2	0.878115
1	12	2	1	0.246131
1	12	2	2	0.288274
1	12	3	1	0.304119
1	12	3	2	0.375426
1	12	4	1	0.246504
1	12	4	2	0.287741
1	12	5	1	0.396426
1	12	5	2	0.700458
1	5	1	1	0.502258
1	5	1	2	1.059427
1	5	2	1	0.261626
1	5	2	2	0.315953
1	5	3	1	0.356456
1	5	3	2	0.428864
1	5	4	1	0.246870
1	5	4	2	0.290921
1	5	5	1	0.479240
1	5	5	2	0.978767
1	11	1	1	0.502258
1	11	1	2	1.059427
1	11	2	1	0.297717
1	11	2	2	0.405114
1	11	3	1	0.250401
1	11	3	2	0.298951
1	11	4	1	0.266846
1	11	4	2	0.327669
1	11	5	1	0.486811
1	11	5	2	1.005161
2	13	1	1	0.449973
2	13	1	2	0.878115
2	13	2	1	0.257070
2	13	2	2	0.306247
2	13	3	1	0.456768
2	13	3	2	0.513825
2	13	4	1	0.269695
2	13	4	2	0.334278
2	13	5	1	0.384103
2	13	5	2	0.660973
2	4	1	1	0.559473
2	4	1	2	1.264864
2	4	2	1	0.282583
2	4	2	2	0.365713
2	4	3	1	0.424417
2	4	3	2	0.487653
2	4	4	1	0.257070
2	4	4	2	0.306247
2	4	5	1	0.390210
2	4	5	2	0.680469
2	6	1	1	0.510132
2	6	1	2	1.087298
2	6	2	1	0.246353
2	6	2	2	0.289331
2	6	3	1	0.280358
2	6	3	2	0.346196
2	6	4	1	0.279143
2	6	4	2	0.357106
2	6	5	1	0.576712
2	6	5	2	1.327989
2	7	1	1	0.390210
2	7	1	2	0.680469
2	7	2	1	0.279143
2	7	2	2	0.357106
2	7	3	1	0.257483
2	7	3	2	0.312044
2	7	4	1	0.286163
2	7	4	2	0.374817
2	7	5	1	0.409180
2	7	5	2	0.741915
2	1	1	1	0.479240
2	1	1	2	0.978767
2	1	2	1	0.282583
2	1	2	2	0.365713
2	1	3	1	0.375359
2	1	3	2	0.446007
2	1	4	1	0.289880
2	1	4	2	0.384419
2	1	5	1	0.526181
2	1	5	2	1.144518
2	15	1	1	0.422358
2	15	1	2	0.785344
2	15	2	1	0.261626
2	15	2	2	0.315953
2	15	3	1	0.314502
2	15	3	2	0.386980
2	15	4	1	0.289880
2	15	4	2	0.384419
2	15	5	1	0.409180
2	15	5	2	0.741915
2	3	1	1	0.429105
2	3	1	2	0.807797
2	3	2	1	0.247870
2	3	2	2	0.289292
2	3	3	1	0.287219
2	3	3	2	0.355115
2	3	4	1	0.282583
2	3	4	2	0.365713
2	3	5	1	0.559473
2	3	5	2	1.264864
2	10	1	1	0.366437
2	10	1	2	0.605446
2	10	2	1	0.248870
2	10	2	2	0.295725
2	10	3	1	0.250401
2	10	3	2	0.298951
2	10	4	1	0.246187
2	10	4	2	0.287745
2	10	5	1	0.409180
2	10	5	2	0.741915
2	9	1	1	0.396426
2	9	1	2	0.700458
2	9	2	1	0.246504
2	9	2	2	0.287741
2	9	3	1	0.397708
2	9	3	2	0.465383
2	9	4	1	0.310446
2	9	4	2	0.439877
2	9	5	1	0.576712
2	9	5	2	1.327989
2	14	1	1	0.429105
2	14	1	2	0.807797
2	14	2	1	0.248895
2	14	2	2	0.290842
2	14	3	1	0.295088
2	14	3	2	0.364835
2	14	4	1	0.248895
2	14	4	2	0.290842
2	14	5	1	0.402749
2	14	5	2	0.720940
2	8	1	1	0.435957
2	8	1	2	0.830744
2	8	2	1	0.247702
2	8	2	2	0.293050
2	8	3	1	0.254672
2	8	3	2	0.307099
2	8	4	1	0.310446
2	8	4	2	0.439877
2	8	5	1	0.435957
2	8	5	2	0.830744
2	12	1	1	0.429105
2	12	1	2	0.807797
2	12	2	1	0.297717
2	12	2	2	0.405114
2	12	3	1	0.264683
2	12	3	2	0.323750
2	12	4	1	0.269695
2	12	4	2	0.334278
2	12	5	1	0.534355
2	12	5	2	1.173866
2	5	1	1	0.384103
2	5	1	2	0.660973
2	5	2	1	0.306076
2	5	2	2	0.427793
2	5	3	1	0.326472
2	5	3	2	0.399619
2	5	4	1	0.286163
2	5	4	2	0.374817
2	5	5	1	0.502258
2	5	5	2	1.059427
2	11	1	1	0.396426
2	11	1	2	0.700458
2	11	2	1	0.261626
2	11	2	2	0.315953
2	11	3	1	0.456768
2	11	3	2	0.513825
2	11	4	1	0.282583
2	11	4	2	0.365713
2	11	5	1	0.449973
2	11	5	2	0.878115
3	15	1	1	0.402749
3	15	1	2	0.720940
3	15	2	1	0.301833
3	15	2	2	0.416205
3	15	3	1	0.260803
3	15	3	2	0.317588
3	15	4	1	0.246187
3	15	4	2	0.287745
3	15	5	1	0.372215
3	15	5	2	0.623462
3	1	1	1	0.422358
3	1	1	2	0.785344
3	1	2	1	0.248870
3	1	2	2	0.295725
3	1	3	1	0.287219
3	1	3	2	0.355115
3	1	4	1	0.250135
3	1	4	2	0.292905
3	1	5	1	0.396426
3	1	5	2	0.700458
3	9	1	1	0.576712
3	9	1	2	1.327989
3	9	2	1	0.279143
3	9	2	2	0.357106
3	9	3	1	0.287219
3	9	3	2	0.355115
3	9	4	1	0.250135
3	9	4	2	0.292905
3	9	5	1	0.384103
3	9	5	2	0.660973
3	7	1	1	0.510132
3	7	1	2	1.087298
3	7	2	1	0.301833
3	7	2	2	0.416205
3	7	3	1	0.274382
3	7	3	2	0.338023
3	7	4	1	0.246187
3	7	4	2	0.287745
3	7	5	1	0.422358
3	7	5	2	0.785344
3	6	1	1	0.435957
3	6	1	2	0.830744
3	6	2	1	0.246870
3	6	2	2	0.290921
3	6	3	1	0.397708
3	6	3	2	0.465383
3	6	4	1	0.282583
3	6	4	2	0.365713
3	6	5	1	0.479240
3	6	5	2	0.978767
3	4	1	1	0.384103
3	4	1	2	0.660973
3	4	2	1	0.246504
3	4	2	2	0.287741
3	4	3	1	0.295088
3	4	3	2	0.364835
3	4	4	1	0.269695
3	4	4	2	0.334278
3	4	5	1	0.415716
3	4	5	2	0.763383
3	2	1	1	0.457136
3	2	1	2	0.902539
3	2	2	1	0.247702
3	2	2	2	0.293050
3	2	3	1	0.456768
3	2	3	2	0.513825
3	2	4	1	0.279143
3	2	4	2	0.357106
3	2	5	1	0.390210
3	2	5	2	0.680469
3	13	1	1	0.494484
3	13	1	2	1.032048
3	13	2	1	0.257070
3	13	2	2	0.306247
3	13	3	1	0.287219
3	13	3	2	0.355115
3	13	4	1	0.250135
3	13	4	2	0.292905
3	13	5	1	0.360770
3	13	5	2	0.587924
3	14	1	1	0.559473
3	14	1	2	1.264864
3	14	2	1	0.286163
3	14	2	2	0.374817
3	14	3	1	0.456768
3	14	3	2	0.513825
3	14	4	1	0.279143
3	14	4	2	0.357106
3	14	5	1	0.429105
3	14	5	2	0.807797
3	10	1	1	0.390210
3	10	1	2	0.680469
3	10	2	1	0.261626
3	10	2	2	0.315953
3	10	3	1	0.252324
3	10	3	2	0.302739
3	10	4	1	0.253223
3	10	4	2	0.298561
3	10	5	1	0.518107
3	10	5	2	1.115662
3	8	1	1	0.568043
3	8	1	2	1.296180
3	8	2	1	0.310446
3	8	2	2	0.439877
3	8	3	1	0.314502
3	8	3	2	0.386980
3	8	4	1	0.257070
3	8	4	2	0.306247
3	8	5	1	0.409180
3	8	5	2	0.741915
3	5	1	1	0.486811
3	5	1	2	1.005161
3	5	2	1	0.293733
3	5	2	2	0.394518
3	5	3	1	0.257483
3	5	3	2	0.312044
3	5	4	1	0.286163
3	5	4	2	0.374817
3	5	5	1	0.415716
3	5	5	2	0.763383
3	12	1	1	0.435957
3	12	1	2	0.830744
3	12	2	1	0.247870
3	12	2	2	0.289292
3	12	3	1	0.269185
3	12	3	2	0.330552
3	12	4	1	0.279143
3	12	4	2	0.357106
3	12	5	1	0.486811
3	12	5	2	1.005161
3	11	1	1	0.494484
3	11	1	2	1.032048
3	11	2	1	0.272696
3	11	2	2	0.341388
3	11	3	1	0.424417
3	11	3	2	0.487653
3	11	4	1	0.246131
3	11	4	2	0.288274
3	11	5	1	0.542629
3	11	5	2	1.203706
4	6	1	1	0.415716
4	6	1	2	0.763383
4	6	2	1	0.286163
4	6	2	2	0.374817
4	6	3	1	0.287219
4	6	3	2	0.355115
4	6	4	1	0.246131
4	6	4	2	0.288274
4	6	5	1	0.471770
4	6	5	2	0.952865
4	2	1	1	0.396426
4	2	1	2	0.700458
4	2	2	1	0.247702
4	2	2	2	0.293050
4	2	3	1	0.375359
4	2	3	2	0.446007
4	2	4	1	0.257070
4	2	4	2	0.306247
4	2	5	1	0.366437
4	2	5	2	0.605446
4	13	1	1	0.378104
4	13	1	2	0.641971
4	13	2	1	0.247069
4	13	2	2	0.288257
4	13	3	1	0.260803
4	13	3	2	0.317588
4	13	4	1	0.269695
4	13	4	2	0.334278
4	13	5	1	0.526181
4	13	5	2	1.144518
4	1	1	1	0.568043
4	1	1	2	1.296180
4	1	2	1	0.310446
4	1	2	2	0.439877
4	1	3	1	0.252324
4	1	3	2	0.302739
4	1	4	1	0.272696
4	1	4	2	0.341388
4	1	5	1	0.494484
4	1	5	2	1.032048
4	7	1	1	0.542629
4	7	1	2	1.203706
4	7	2	1	0.269695
4	7	2	2	0.334278
4	7	3	1	0.264683
4	7	3	2	0.323750
4	7	4	1	0.248870
4	7	4	2	0.295725
4	7	5	1	0.464402
4	7	5	2	0.927456
4	15	1	1	0.415716
4	15	1	2	0.763383
4	15	2	1	0.282583
4	15	2	2	0.365713
4	15	3	1	0.397708
4	15	3	2	0.465383
4	15	4	1	0.246504
4	15	4	2	0.287741
4	15	5	1	0.510132
4	15	5	2	1.087298
4	3	1	1	0.464402
4	3	1	2	0.927456
4	3	2	1	0.306076
4	3	2	2	0.427793
4	3	3	1	0.397708
4	3	3	2	0.465383
4	3	4	1	0.275847
4	3	4	2	0.348998
4	3	5	1	0.415716
4	3	5	2	0.763383
4	9	1	1	0.502258
4	9	1	2	1.059427
4	9	2	1	0.248895
4	9	2	2	0.290842
4	9	3	1	0.280358
4	9	3	2	0.346196
4	9	4	1	0.247069
4	9	4	2	0.288257
4	9	5	1	0.471770
4	9	5	2	0.952865
4	10	1	1	0.526181
4	10	1	2	1.144518
4	10	2	1	0.246504
4	10	2	2	0.287741
4	10	3	1	0.250401
4	10	3	2	0.298951
4	10	4	1	0.246131
4	10	4	2	0.288274
4	10	5	1	0.402749
4	10	5	2	0.720940
4	14	1	1	0.366437
4	14	1	2	0.605446
4	14	2	1	0.246131
4	14	2	2	0.288274
4	14	3	1	0.280358
4	14	3	2	0.346196
4	14	4	1	0.246870
4	14	4	2	0.290921
4	14	5	1	0.378104
4	14	5	2	0.641971
4	8	1	1	0.366437
4	8	1	2	0.605446
4	8	2	1	0.272696
4	8	2	2	0.341388
4	8	3	1	0.375359
4	8	3	2	0.446007
4	8	4	1	0.259262
4	8	4	2	0.310848
4	8	5	1	0.449973
4	8	5	2	0.878115
4	12	1	1	0.576712
4	12	1	2	1.327989
4	12	2	1	0.251580
4	12	2	2	0.295478
4	12	3	1	0.340328
4	12	3	2	0.413505
4	12	4	1	0.246353
4	12	4	2	0.289331
4	12	5	1	0.559473
4	12	5	2	1.264864
4	5	1	1	0.429105
4	5	1	2	0.807797
4	5	2	1	0.257070
4	5	2	2	0.306247
4	5	3	1	0.375359
4	5	3	2	0.446007
4	5	4	1	0.279143
4	5	4	2	0.357106
4	5	5	1	0.396426
4	5	5	2	0.700458
4	11	1	1	0.384103
4	11	1	2	0.660973
4	11	2	1	0.293733
4	11	2	2	0.394518
4	11	3	1	0.375359
4	11	3	2	0.446007
4	11	4	1	0.272696
4	11	4	2	0.341388
4	11	5	1	0.378104
4	11	5	2	0.641971
5	11	1	1	0.366437
5	11	1	2	0.605446
5	11	2	1	0.248870
5	11	2	2	0.295725
5	11	3	1	0.264683
5	11	3	2	0.323750
5	11	4	1	0.259262
5	11	4	2	0.310848
5	11	5	1	0.576712
5	11	5	2	1.327989
5	8	1	1	0.449973
5	8	1	2	0.878115
5	8	2	1	0.246187
5	8	2	2	0.287745
5	8	3	1	0.257483
5	8	3	2	0.312044
5	8	4	1	0.257070
5	8	4	2	0.306247
5	8	5	1	0.526181
5	8	5	2	1.144518
5	14	1	1	0.390210
5	14	1	2	0.680469
5	14	2	1	0.297717
5	14	2	2	0.405114
5	14	3	1	0.424417
5	14	3	2	0.487653
5	14	4	1	0.248870
5	14	4	2	0.295725
5	14	5	1	0.542629
5	14	5	2	1.203706
5	10	1	1	0.510132
5	10	1	2	1.087298
5	10	2	1	0.306076
5	10	2	2	0.427793
5	10	3	1	0.314502
5	10	3	2	0.386980
5	10	4	1	0.286163
5	10	4	2	0.374817
5	10	5	1	0.360770
5	10	5	2	0.587924
5	12	1	1	0.396426
5	12	1	2	0.700458
5	12	2	1	0.259262
5	12	2	2	0.310848
5	12	3	1	0.252324
5	12	3	2	0.302739
5	12	4	1	0.261626
5	12	4	2	0.315953
5	12	5	1	0.542629
5	12	5	2	1.203706
5	9	1	1	0.479240
5	9	1	2	0.978767
5	9	2	1	0.289880
5	9	2	2	0.384419
5	9	3	1	0.252324
5	9	3	2	0.302739
5	9	4	1	0.310446
5	9	4	2	0.439877
5	9	5	1	0.510132
5	9	5	2	1.087298
5	15	1	1	0.402749
5	15	1	2	0.720940
5	15	2	1	0.259262
5	15	2	2	0.310848
5	15	3	1	0.254672
5	15	3	2	0.307099
5	15	4	1	0.246870
5	15	4	2	0.290921
5	15	5	1	0.409180
5	15	5	2	0.741915
5	7	1	1	0.542629
5	7	1	2	1.203706
5	7	2	1	0.259262
5	7	2	2	0.310848
5	7	3	1	0.424417
5	7	3	2	0.487653
5	7	4	1	0.246353
5	7	4	2	0.289331
5	7	5	1	0.390210
5	7	5	2	0.680469
5	13	1	1	0.542629
5	13	1	2	1.203706
5	13	2	1	0.247702
5	13	2	2	0.293050
5	13	3	1	0.424417
5	13	3	2	0.487653
5	13	4	1	0.286163
5	13	4	2	0.374817
5	13	5	1	0.390210
5	13	5	2	0.680469
5	3	1	1	0.360770
5	3	1	2	0.587924
5	3	2	1	0.286163
5	3	2	2	0.374817
5	3	3	1	0.304119
5	3	3	2	0.375426
5	3	4	1	0.247870
5	3	4	2	0.289292
5	3	5	1	0.422358
5	3	5	2	0.785344
5	2	1	1	0.366437
5	2	1	2	0.605446
5	2	2	1	0.264155
5	2	2	2	0.321560
5	2	3	1	0.314502
5	2	3	2	0.386980
5	2	4	1	0.248895
5	2	4	2	0.290842
5	2	5	1	0.435957
5	2	5	2	0.830744
5	1	1	1	0.384103
5	1	1	2	0.660973
5	1	2	1	0.257070
5	1	2	2	0.306247
5	1	3	1	0.257483
5	1	3	2	0.312044
5	1	4	1	0.251580
5	1	4	2	0.295478
5	1	5	1	0.415716
5	1	5	2	0.763383
5	4	1	1	0.449973
5	4	1	2	0.878115
5	4	2	1	0.289880
5	4	2	2	0.384419
5	4	3	1	0.424417
5	4	3	2	0.487653
5	4	4	1	0.286163
5	4	4	2	0.374817
5	4	5	1	0.502258
5	4	5	2	1.059427
5	6	1	1	0.435957
5	6	1	2	0.830744
5	6	2	1	0.275847
5	6	2	2	0.348998
5	6	3	1	0.248870
5	6	3	2	0.295725
5	6	4	1	0.246353
5	6	4	2	0.289331
5	6	5	1	0.390210
5	6	5	2	0.680469
6	4	1	1	0.486811
6	4	1	2	1.005161
6	4	2	1	0.251580
6	4	2	2	0.295478
6	4	3	1	0.257483
6	4	3	2	0.312044
6	4	4	1	0.247702
6	4	4	2	0.293050
6	4	5	1	0.457136
6	4	5	2	0.902539
6	1	1	1	0.402749
6	1	1	2	0.720940
6	1	2	1	0.247870
6	1	2	2	0.289292
6	1	3	1	0.269185
6	1	3	2	0.330552
6	1	4	1	0.266846
6	1	4	2	0.327669
6	1	5	1	0.510132
6	1	5	2	1.087298
6	2	1	1	0.471770
6	2	1	2	0.952865
6	2	2	1	0.293733
6	2	2	2	0.394518
6	2	3	1	0.340328
6	2	3	2	0.413505
6	2	4	1	0.261626
6	2	4	2	0.315953
6	2	5	1	0.372215
6	2	5	2	0.623462
6	13	1	1	0.378104
6	13	1	2	0.641971
6	13	2	1	0.248870
6	13	2	2	0.295725
6	13	3	1	0.280358
6	13	3	2	0.346196
6	13	4	1	0.269695
6	13	4	2	0.334278
6	13	5	1	0.471770
6	13	5	2	0.952865
6	7	1	1	0.559473
6	7	1	2	1.264864
6	7	2	1	0.310446
6	7	2	2	0.439877
6	7	3	1	0.252324
6	7	3	2	0.302739
6	7	4	1	0.297717
6	7	4	2	0.405114
6	7	5	1	0.429105
6	7	5	2	0.807797
6	3	1	1	0.372215
6	3	1	2	0.623462
6	3	2	1	0.293733
6	3	2	2	0.394518
6	3	3	1	0.304119
6	3	3	2	0.375426
6	3	4	1	0.286163
6	3	4	2	0.374817
6	3	5	1	0.559473
6	3	5	2	1.264864
6	15	1	1	0.435957
6	15	1	2	0.830744
6	15	2	1	0.279143
6	15	2	2	0.357106
6	15	3	1	0.280358
6	15	3	2	0.346196
6	15	4	1	0.266846
6	15	4	2	0.327669
6	15	5	1	0.396426
6	15	5	2	0.700458
6	9	1	1	0.510132
6	9	1	2	1.087298
6	9	2	1	0.246187
6	9	2	2	0.287745
6	9	3	1	0.269185
6	9	3	2	0.330552
6	9	4	1	0.246870
6	9	4	2	0.290921
6	9	5	1	0.372215
6	9	5	2	0.623462
6	10	1	1	0.534355
6	10	1	2	1.173866
6	10	2	1	0.247702
6	10	2	2	0.293050
6	10	3	1	0.280358
6	10	3	2	0.346196
6	10	4	1	0.269695
6	10	4	2	0.334278
6	10	5	1	0.396426
6	10	5	2	0.700458
6	14	1	1	0.464402
6	14	1	2	0.927456
6	14	2	1	0.261626
6	14	2	2	0.315953
6	14	3	1	0.295088
6	14	3	2	0.364835
6	14	4	1	0.253223
6	14	4	2	0.298561
6	14	5	1	0.435957
6	14	5	2	0.830744
6	8	1	1	0.384103
6	8	1	2	0.660973
6	8	2	1	0.248895
6	8	2	2	0.290842
6	8	3	1	0.456768
6	8	3	2	0.513825
6	8	4	1	0.248870
6	8	4	2	0.295725
6	8	5	1	0.576712
6	8	5	2	1.327989
6	12	1	1	0.435957
6	12	1	2	0.830744
6	12	2	1	0.264155
6	12	2	2	0.321560
6	12	3	1	0.260803
6	12	3	2	0.317588
6	12	4	1	0.289880
6	12	4	2	0.384419
6	12	5	1	0.422358
6	12	5	2	0.785344
6	5	1	1	0.422358
6	5	1	2	0.785344
6	5	2	1	0.248870
6	5	2	2	0.295725
6	5	3	1	0.456768
6	5	3	2	0.513825
6	5	4	1	0.253223
6	5	4	2	0.298561
6	5	5	1	0.542629
6	5	5	2	1.203706
6	11	1	1	0.422358
6	11	1	2	0.785344
6	11	2	1	0.275847
6	11	2	2	0.348998
6	11	3	1	0.326472
6	11	3	2	0.399619
6	11	4	1	0.246504
6	11	4	2	0.287741
6	11	5	1	0.429105
6	11	5	2	0.807797
7	15	1	1	0.502258
7	15	1	2	1.059427
7	15	2	1	0.247870
7	15	2	2	0.289292
7	15	3	1	0.304119
7	15	3	2	0.375426
7	15	4	1	0.266846
7	15	4	2	0.327669
7	15	5	1	0.435957
7	15	5	2	0.830744
7	1	1	1	0.442913
7	1	1	2	0.854183
7	1	2	1	0.275847
7	1	2	2	0.348998
7	1	3	1	0.274382
7	1	3	2	0.338023
7	1	4	1	0.247702
7	1	4	2	0.293050
7	1	5	1	0.384103
7	1	5	2	0.660973
7	4	1	1	0.479240
7	4	1	2	0.978767
7	4	2	1	0.269695
7	4	2	2	0.334278
7	4	3	1	0.252324
7	4	3	2	0.302739
7	4	4	1	0.247702
7	4	4	2	0.293050
7	4	5	1	0.464402
7	4	5	2	0.927456
7	6	1	1	0.479240
7	6	1	2	0.978767
7	6	2	1	0.282583
7	6	2	2	0.365713
7	6	3	1	0.264683
7	6	3	2	0.323750
7	6	4	1	0.297717
7	6	4	2	0.405114
7	6	5	1	0.409180
7	6	5	2	0.741915
7	13	1	1	0.576712
7	13	1	2	1.327989
7	13	2	1	0.272696
7	13	2	2	0.341388
7	13	3	1	0.254672
7	13	3	2	0.307099
7	13	4	1	0.269695
7	13	4	2	0.334278
7	13	5	1	0.409180
7	13	5	2	0.741915
7	2	1	1	0.534355
7	2	1	2	1.173866
7	2	2	1	0.297717
7	2	2	2	0.405114
7	2	3	1	0.280358
7	2	3	2	0.346196
7	2	4	1	0.289880
7	2	4	2	0.384419
7	2	5	1	0.526181
7	2	5	2	1.144518
7	3	1	1	0.518107
7	3	1	2	1.115662
7	3	2	1	0.248870
7	3	2	2	0.295725
7	3	3	1	0.304119
7	3	3	2	0.375426
7	3	4	1	0.247069
7	3	4	2	0.288257
7	3	5	1	0.471770
7	3	5	2	0.952865
7	9	1	1	0.559473
7	9	1	2	1.264864
7	9	2	1	0.272696
7	9	2	2	0.341388
7	9	3	1	0.257483
7	9	3	2	0.312044
7	9	4	1	0.264155
7	9	4	2	0.321560
7	9	5	1	0.534355
7	9	5	2	1.173866
7	10	1	1	0.471770
7	10	1	2	0.952865
7	10	2	1	0.246353
7	10	2	2	0.289331
7	10	3	1	0.356456
7	10	3	2	0.428864
7	10	4	1	0.246504
7	10	4	2	0.287741
7	10	5	1	0.409180
7	10	5	2	0.741915
7	14	1	1	0.518107
7	14	1	2	1.115662
7	14	2	1	0.247069
7	14	2	2	0.288257
7	14	3	1	0.269185
7	14	3	2	0.330552
7	14	4	1	0.247870
7	14	4	2	0.289292
7	14	5	1	0.442913
7	14	5	2	0.854183
7	8	1	1	0.409180
7	8	1	2	0.741915
7	8	2	1	0.310446
7	8	2	2	0.439877
7	8	3	1	0.375359
7	8	3	2	0.446007
7	8	4	1	0.250135
7	8	4	2	0.292905
7	8	5	1	0.422358
7	8	5	2	0.785344
7	12	1	1	0.384103
7	12	1	2	0.660973
7	12	2	1	0.297717
7	12	2	2	0.405114
7	12	3	1	0.424417
7	12	3	2	0.487653
7	12	4	1	0.246353
7	12	4	2	0.289331
7	12	5	1	0.559473
7	12	5	2	1.264864
7	5	1	1	0.526181
7	5	1	2	1.144518
7	5	2	1	0.248895
7	5	2	2	0.290842
7	5	3	1	0.456768
7	5	3	2	0.513825
7	5	4	1	0.248895
7	5	4	2	0.290842
7	5	5	1	0.360770
7	5	5	2	0.587924
7	11	1	1	0.542629
7	11	1	2	1.203706
7	11	2	1	0.248870
7	11	2	2	0.295725
7	11	3	1	0.424417
7	11	3	2	0.487653
7	11	4	1	0.293733
7	11	4	2	0.394518
7	11	5	1	0.551002
7	11	5	2	1.234039
8	10	1	1	0.372215
8	10	1	2	0.623462
8	10	2	1	0.269695
8	10	2	2	0.334278
8	10	3	1	0.252324
8	10	3	2	0.302739
8	10	4	1	0.257070
8	10	4	2	0.306247
8	10	5	1	0.457136
8	10	5	2	0.902539
8	14	1	1	0.486811
8	14	1	2	1.005161
8	14	2	1	0.246187
8	14	2	2	0.287745
8	14	3	1	0.304119
8	14	3	2	0.375426
8	14	4	1	0.248870
8	14	4	2	0.295725
8	14	5	1	0.526181
8	14	5	2	1.144518
8	5	1	1	0.384103
8	5	1	2	0.660973
8	5	2	1	0.255055
8	5	2	2	0.302151
8	5	3	1	0.340328
8	5	3	2	0.413505
8	5	4	1	0.310446
8	5	4	2	0.439877
8	5	5	1	0.372215
8	5	5	2	0.623462
8	12	1	1	0.486811
8	12	1	2	1.005161
8	12	2	1	0.301833
8	12	2	2	0.416205
8	12	3	1	0.260803
8	12	3	2	0.317588
8	12	4	1	0.247702
8	12	4	2	0.293050
8	12	5	1	0.502258
8	12	5	2	1.059427
8	11	1	1	0.518107
8	11	1	2	1.115662
8	11	2	1	0.272696
8	11	2	2	0.341388
8	11	3	1	0.424417
8	11	3	2	0.487653
8	11	4	1	0.261626
8	11	4	2	0.315953
8	11	5	1	0.559473
8	11	5	2	1.264864
8	7	1	1	0.396426
8	7	1	2	0.700458
8	7	2	1	0.275847
8	7	2	2	0.348998
8	7	3	1	0.257483
8	7	3	2	0.312044
8	7	4	1	0.246504
8	7	4	2	0.287741
8	7	5	1	0.510132
8	7	5	2	1.087298
8	15	1	1	0.568043
8	15	1	2	1.296180
8	15	2	1	0.255055
8	15	2	2	0.302151
8	15	3	1	0.314502
8	15	3	2	0.386980
8	15	4	1	0.289880
8	15	4	2	0.384419
8	15	5	1	0.510132
8	15	5	2	1.087298
8	9	1	1	0.429105
8	9	1	2	0.807797
8	9	2	1	0.247702
8	9	2	2	0.293050
8	9	3	1	0.456768
8	9	3	2	0.513825
8	9	4	1	0.246187
8	9	4	2	0.287745
8	9	5	1	0.479240
8	9	5	2	0.978767
8	13	1	1	0.568043
8	13	1	2	1.296180
8	13	2	1	0.269695
8	13	2	2	0.334278
8	13	3	1	0.375359
8	13	3	2	0.446007
8	13	4	1	0.279143
8	13	4	2	0.357106
8	13	5	1	0.568043
8	13	5	2	1.296180
8	2	1	1	0.486811
8	2	1	2	1.005161
8	2	2	1	0.269695
8	2	2	2	0.334278
8	2	3	1	0.248870
8	2	3	2	0.295725
8	2	4	1	0.251580
8	2	4	2	0.295478
8	2	5	1	0.366437
8	2	5	2	0.605446
8	3	1	1	0.534355
8	3	1	2	1.173866
8	3	2	1	0.255055
8	3	2	2	0.302151
8	3	3	1	0.257483
8	3	3	2	0.312044
8	3	4	1	0.266846
8	3	4	2	0.327669
8	3	5	1	0.568043
8	3	5	2	1.296180
8	1	1	1	0.396426
8	1	1	2	0.700458
8	1	2	1	0.286163
8	1	2	2	0.374817
8	1	3	1	0.252324
8	1	3	2	0.302739
8	1	4	1	0.250135
8	1	4	2	0.292905
8	1	5	1	0.576712
8	1	5	2	1.327989
8	4	1	1	0.576712
8	4	1	2	1.327989
8	4	2	1	0.266846
8	4	2	2	0.327669
8	4	3	1	0.375359
8	4	3	2	0.446007
8	4	4	1	0.246353
8	4	4	2	0.289331
8	4	5	1	0.534355
8	4	5	2	1.173866
8	6	1	1	0.518107
8	6	1	2	1.115662
8	6	2	1	0.247870
8	6	2	2	0.289292
8	6	3	1	0.257483
8	6	3	2	0.312044
8	6	4	1	0.247702
8	6	4	2	0.293050
8	6	5	1	0.429105
8	6	5	2	0.807797
9	15	1	1	0.534355
9	15	1	2	1.173866
9	15	2	1	0.286163
9	15	2	2	0.374817
9	15	3	1	0.257483
9	15	3	2	0.312044
9	15	4	1	0.257070
9	15	4	2	0.306247
9	15	5	1	0.366437
9	15	5	2	0.605446
9	3	1	1	0.551002
9	3	1	2	1.234039
9	3	2	1	0.264155
9	3	2	2	0.321560
9	3	3	1	0.274382
9	3	3	2	0.338023
9	3	4	1	0.246870
9	3	4	2	0.290921
9	3	5	1	0.360770
9	3	5	2	0.587924
9	7	1	1	0.360770
9	7	1	2	0.587924
9	7	2	1	0.272696
9	7	2	2	0.341388
9	7	3	1	0.340328
9	7	3	2	0.413505
9	7	4	1	0.282583
9	7	4	2	0.365713
9	7	5	1	0.429105
9	7	5	2	0.807797
9	14	1	1	0.396426
9	14	1	2	0.700458
9	14	2	1	0.297717
9	14	2	2	0.405114
9	14	3	1	0.287219
9	14	3	2	0.355115
9	14	4	1	0.310446
9	14	4	2	0.439877
9	14	5	1	0.502258
9	14	5	2	1.059427
9	1	1	1	0.396426
9	1	1	2	0.700458
9	1	2	1	0.275847
9	1	2	2	0.348998
9	1	3	1	0.269185
9	1	3	2	0.330552
9	1	4	1	0.275847
9	1	4	2	0.348998
9	1	5	1	0.551002
9	1	5	2	1.234039
9	10	1	1	0.366437
9	10	1	2	0.605446
9	10	2	1	0.255055
9	10	2	2	0.302151
9	10	3	1	0.424417
9	10	3	2	0.487653
9	10	4	1	0.261626
9	10	4	2	0.315953
9	10	5	1	0.396426
9	10	5	2	0.700458
9	6	1	1	0.471770
9	6	1	2	0.952865
9	6	2	1	0.246131
9	6	2	2	0.288274
9	6	3	1	0.456768
9	6	3	2	0.513825
9	6	4	1	0.301833
9	6	4	2	0.416205
9	6	5	1	0.360770
9	6	5	2	0.587924
9	4	1	1	0.449973
9	4	1	2	0.878115
9	4	2	1	0.266846
9	4	2	2	0.327669
9	4	3	1	0.287219
9	4	3	2	0.355115
9	4	4	1	0.289880
9	4	4	2	0.384419
9	4	5	1	0.494484
9	4	5	2	1.032048
9	8	1	1	0.526181
9	8	1	2	1.144518
9	8	2	1	0.251580
9	8	2	2	0.295478
9	8	3	1	0.260803
9	8	3	2	0.317588
9	8	4	1	0.266846
9	8	4	2	0.327669
9	8	5	1	0.402749
9	8	5	2	0.720940
9	2	1	1	0.378104
9	2	1	2	0.641971
9	2	2	1	0.248870
9	2	2	2	0.295725
9	2	3	1	0.424417
9	2	3	2	0.487653
9	2	4	1	0.253223
9	2	4	2	0.298561
9	2	5	1	0.568043
9	2	5	2	1.296180
9	13	1	1	0.360770
9	13	1	2	0.587924
9	13	2	1	0.246187
9	13	2	2	0.287745
9	13	3	1	0.314502
9	13	3	2	0.386980
9	13	4	1	0.248895
9	13	4	2	0.290842
9	13	5	1	0.486811
9	13	5	2	1.005161
9	5	1	1	0.449973
9	5	1	2	0.878115
9	5	2	1	0.257070
9	5	2	2	0.306247
9	5	3	1	0.269185
9	5	3	2	0.330552
9	5	4	1	0.259262
9	5	4	2	0.310848
9	5	5	1	0.559473
9	5	5	2	1.264864
9	11	1	1	0.526181
9	11	1	2	1.144518
9	11	2	1	0.261626
9	11	2	2	0.315953
9	11	3	1	0.254672
9	11	3	2	0.307099
9	11	4	1	0.248870
9	11	4	2	0.295725
9	11	5	1	0.568043
9	11	5	2	1.296180
9	12	1	1	0.526181
9	12	1	2	1.144518
9	12	2	1	0.282583
9	12	2	2	0.365713
9	12	3	1	0.250401
9	12	3	2	0.298951
9	12	4	1	0.251580
9	12	4	2	0.295478
9	12	5	1	0.559473
9	12	5	2	1.264864
10	8	1	1	0.526181
10	8	1	2	1.144518
10	8	2	1	0.251580
10	8	2	2	0.295478
10	8	3	1	0.269185
10	8	3	2	0.330552
10	8	4	1	0.264155
10	8	4	2	0.321560
10	8	5	1	0.559473
10	8	5	2	1.264864
10	14	1	1	0.576712
10	14	1	2	1.327989
10	14	2	1	0.306076
10	14	2	2	0.427793
10	14	3	1	0.375359
10	14	3	2	0.446007
10	14	4	1	0.293733
10	14	4	2	0.394518
10	14	5	1	0.559473
10	14	5	2	1.264864
10	12	1	1	0.464402
10	12	1	2	0.927456
10	12	2	1	0.275847
10	12	2	2	0.348998
10	12	3	1	0.287219
10	12	3	2	0.355115
10	12	4	1	0.286163
10	12	4	2	0.374817
10	12	5	1	0.449973
10	12	5	2	0.878115
10	5	1	1	0.551002
10	5	1	2	1.234039
10	5	2	1	0.301833
10	5	2	2	0.416205
10	5	3	1	0.254672
10	5	3	2	0.307099
10	5	4	1	0.250135
10	5	4	2	0.292905
10	5	5	1	0.457136
10	5	5	2	0.902539
10	7	1	1	0.559473
10	7	1	2	1.264864
10	7	2	1	0.279143
10	7	2	2	0.357106
10	7	3	1	0.287219
10	7	3	2	0.355115
10	7	4	1	0.247069
10	7	4	2	0.288257
10	7	5	1	0.457136
10	7	5	2	0.902539
10	11	1	1	0.568043
10	11	1	2	1.296180
10	11	2	1	0.247870
10	11	2	2	0.289292
10	11	3	1	0.375359
10	11	3	2	0.446007
10	11	4	1	0.246187
10	11	4	2	0.287745
10	11	5	1	0.457136
10	11	5	2	0.902539
10	15	1	1	0.526181
10	15	1	2	1.144518
10	15	2	1	0.264155
10	15	2	2	0.321560
10	15	3	1	0.250401
10	15	3	2	0.298951
10	15	4	1	0.282583
10	15	4	2	0.365713
10	15	5	1	0.464402
10	15	5	2	0.927456
10	9	1	1	0.534355
10	9	1	2	1.173866
10	9	2	1	0.246131
10	9	2	2	0.288274
10	9	3	1	0.375359
10	9	3	2	0.446007
10	9	4	1	0.246353
10	9	4	2	0.289331
10	9	5	1	0.415716
10	9	5	2	0.763383
10	13	1	1	0.396426
10	13	1	2	0.700458
10	13	2	1	0.282583
10	13	2	2	0.365713
10	13	3	1	0.326472
10	13	3	2	0.399619
10	13	4	1	0.272696
10	13	4	2	0.341388
10	13	5	1	0.402749
10	13	5	2	0.720940
10	2	1	1	0.576712
10	2	1	2	1.327989
10	2	2	1	0.247702
10	2	2	2	0.293050
10	2	3	1	0.356456
10	2	3	2	0.428864
10	2	4	1	0.261626
10	2	4	2	0.315953
10	2	5	1	0.409180
10	2	5	2	0.741915
10	1	1	1	0.409180
10	1	1	2	0.741915
10	1	2	1	0.246870
10	1	2	2	0.290921
10	1	3	1	0.326472
10	1	3	2	0.399619
10	1	4	1	0.247870
10	1	4	2	0.289292
10	1	5	1	0.502258
10	1	5	2	1.059427
10	3	1	1	0.402749
10	3	1	2	0.720940
10	3	2	1	0.279143
10	3	2	2	0.357106
10	3	3	1	0.274382
10	3	3	2	0.338023
10	3	4	1	0.264155
10	3	4	2	0.321560
10	3	5	1	0.366437
10	3	5	2	0.605446
10	4	1	1	0.542629
10	4	1	2	1.203706
10	4	2	1	0.269695
10	4	2	2	0.334278
10	4	3	1	0.280358
10	4	3	2	0.346196
10	4	4	1	0.246504
10	4	4	2	0.287741
10	4	5	1	0.534355
10	4	5	2	1.173866
10	6	1	1	0.551002
10	6	1	2	1.234039
10	6	2	1	0.306076
10	6	2	2	0.427793
10	6	3	1	0.264683
10	6	3	2	0.323750
10	6	4	1	0.264155
10	6	4	2	0.321560
10	6	5	1	0.449973
10	6	5	2	0.878115
11	5	1	1	0.510132
11	5	1	2	1.087298
11	5	2	1	0.250135
11	5	2	2	0.292905
11	5	3	1	0.274382
11	5	3	2	0.338023
11	5	4	1	0.306076
11	5	4	2	0.427793
11	5	5	1	0.479240
11	5	5	2	0.978767
11	8	1	1	0.534355
11	8	1	2	1.173866
11	8	2	1	0.279143
11	8	2	2	0.357106
11	8	3	1	0.375359
11	8	3	2	0.446007
11	8	4	1	0.246870
11	8	4	2	0.290921
11	8	5	1	0.479240
11	8	5	2	0.978767
11	14	1	1	0.449973
11	14	1	2	0.878115
11	14	2	1	0.261626
11	14	2	2	0.315953
11	14	3	1	0.424417
11	14	3	2	0.487653
11	14	4	1	0.246504
11	14	4	2	0.287741
11	14	5	1	0.422358
11	14	5	2	0.785344
11	10	1	1	0.464402
11	10	1	2	0.927456
11	10	2	1	0.259262
11	10	2	2	0.310848
11	10	3	1	0.254672
11	10	3	2	0.307099
11	10	4	1	0.247870
11	10	4	2	0.289292
11	10	5	1	0.568043
11	10	5	2	1.296180
11	12	1	1	0.559473
11	12	1	2	1.264864
11	12	2	1	0.289880
11	12	2	2	0.384419
11	12	3	1	0.254672
11	12	3	2	0.307099
11	12	4	1	0.264155
11	12	4	2	0.321560
11	12	5	1	0.479240
11	12	5	2	0.978767
11	9	1	1	0.518107
11	9	1	2	1.115662
11	9	2	1	0.247702
11	9	2	2	0.293050
11	9	3	1	0.248870
11	9	3	2	0.295725
11	9	4	1	0.250135
11	9	4	2	0.292905
11	9	5	1	0.486811
11	9	5	2	1.005161
11	15	1	1	0.494484
11	15	1	2	1.032048
11	15	2	1	0.297717
11	15	2	2	0.405114
11	15	3	1	0.326472
11	15	3	2	0.399619
11	15	4	1	0.306076
11	15	4	2	0.427793
11	15	5	1	0.390210
11	15	5	2	0.680469
11	7	1	1	0.366437
11	7	1	2	0.605446
11	7	2	1	0.297717
11	7	2	2	0.405114
11	7	3	1	0.295088
11	7	3	2	0.364835
11	7	4	1	0.251580
11	7	4	2	0.295478
11	7	5	1	0.402749
11	7	5	2	0.720940
11	13	1	1	0.415716
11	13	1	2	0.763383
11	13	2	1	0.301833
11	13	2	2	0.416205
11	13	3	1	0.456768
11	13	3	2	0.513825
11	13	4	1	0.247069
11	13	4	2	0.288257
11	13	5	1	0.479240
11	13	5	2	0.978767
11	3	1	1	0.479240
11	3	1	2	0.978767
11	3	2	1	0.246504
11	3	2	2	0.287741
11	3	3	1	0.375359
11	3	3	2	0.446007
11	3	4	1	0.257070
11	3	4	2	0.306247
11	3	5	1	0.429105
11	3	5	2	0.807797
11	2	1	1	0.479240
11	2	1	2	0.978767
11	2	2	1	0.264155
11	2	2	2	0.321560
11	2	3	1	0.269185
11	2	3	2	0.330552
11	2	4	1	0.248870
11	2	4	2	0.295725
11	2	5	1	0.449973
11	2	5	2	0.878115
11	1	1	1	0.402749
11	1	1	2	0.720940
11	1	2	1	0.289880
11	1	2	2	0.384419
11	1	3	1	0.274382
11	1	3	2	0.338023
11	1	4	1	0.257070
11	1	4	2	0.306247
11	1	5	1	0.402749
11	1	5	2	0.720940
11	4	1	1	0.510132
11	4	1	2	1.087298
11	4	2	1	0.257070
11	4	2	2	0.306247
11	4	3	1	0.269185
11	4	3	2	0.330552
11	4	4	1	0.246131
11	4	4	2	0.288274
11	4	5	1	0.409180
11	4	5	2	0.741915
11	6	1	1	0.422358
11	6	1	2	0.785344
11	6	2	1	0.266846
11	6	2	2	0.327669
11	6	3	1	0.424417
11	6	3	2	0.487653
11	6	4	1	0.266846
11	6	4	2	0.327669
11	6	5	1	0.435957
11	6	5	2	0.830744
12	10	1	1	0.479240
12	10	1	2	0.978767
12	10	2	1	0.247069
12	10	2	2	0.288257
12	10	3	1	0.269185
12	10	3	2	0.330552
12	10	4	1	0.297717
12	10	4	2	0.405114
12	10	5	1	0.442913
12	10	5	2	0.854183
12	8	1	1	0.479240
12	8	1	2	0.978767
12	8	2	1	0.289880
12	8	2	2	0.384419
12	8	3	1	0.356456
12	8	3	2	0.428864
12	8	4	1	0.246870
12	8	4	2	0.290921
12	8	5	1	0.518107
12	8	5	2	1.115662
12	14	1	1	0.502258
12	14	1	2	1.059427
12	14	2	1	0.246187
12	14	2	2	0.287745
12	14	3	1	0.397708
12	14	3	2	0.465383
12	14	4	1	0.247069
12	14	4	2	0.288257
12	14	5	1	0.457136
12	14	5	2	0.902539
12	5	1	1	0.494484
12	5	1	2	1.032048
12	5	2	1	0.257070
12	5	2	2	0.306247
12	5	3	1	0.252324
12	5	3	2	0.302739
12	5	4	1	0.246353
12	5	4	2	0.289331
12	5	5	1	0.494484
12	5	5	2	1.032048
12	11	1	1	0.429105
12	11	1	2	0.807797
12	11	2	1	0.306076
12	11	2	2	0.427793
12	11	3	1	0.257483
12	11	3	2	0.312044
12	11	4	1	0.279143
12	11	4	2	0.357106
12	11	5	1	0.559473
12	11	5	2	1.264864
12	7	1	1	0.422358
12	7	1	2	0.785344
12	7	2	1	0.246353
12	7	2	2	0.289331
12	7	3	1	0.257483
12	7	3	2	0.312044
12	7	4	1	0.246131
12	7	4	2	0.288274
12	7	5	1	0.486811
12	7	5	2	1.005161
12	13	1	1	0.526181
12	13	1	2	1.144518
12	13	2	1	0.257070
12	13	2	2	0.306247
12	13	3	1	0.424417
12	13	3	2	0.487653
12	13	4	1	0.310446
12	13	4	2	0.439877
12	13	5	1	0.378104
12	13	5	2	0.641971
12	15	1	1	0.435957
12	15	1	2	0.830744
12	15	2	1	0.269695
12	15	2	2	0.334278
12	15	3	1	0.424417
12	15	3	2	0.487653
12	15	4	1	0.272696
12	15	4	2	0.341388
12	15	5	1	0.568043
12	15	5	2	1.296180
12	2	1	1	0.518107
12	2	1	2	1.115662
12	2	2	1	0.301833
12	2	2	2	0.416205
12	2	3	1	0.280358
12	2	3	2	0.346196
12	2	4	1	0.246353
12	2	4	2	0.289331
12	2	5	1	0.422358
12	2	5	2	0.785344
12	9	1	1	0.429105
12	9	1	2	0.807797
12	9	2	1	0.310446
12	9	2	2	0.439877
12	9	3	1	0.260803
12	9	3	2	0.317588
12	9	4	1	0.301833
12	9	4	2	0.416205
12	9	5	1	0.422358
12	9	5	2	0.785344
12	4	1	1	0.390210
12	4	1	2	0.680469
12	4	2	1	0.269695
12	4	2	2	0.334278
12	4	3	1	0.304119
12	4	3	2	0.375426
12	4	4	1	0.293733
12	4	4	2	0.394518
12	4	5	1	0.479240
12	4	5	2	0.978767
12	1	1	1	0.559473
12	1	1	2	1.264864
12	1	2	1	0.275847
12	1	2	2	0.348998
12	1	3	1	0.250401
12	1	3	2	0.298951
12	1	4	1	0.246131
12	1	4	2	0.288274
12	1	5	1	0.372215
12	1	5	2	0.623462
12	3	1	1	0.435957
12	3	1	2	0.830744
12	3	2	1	0.259262
12	3	2	2	0.310848
12	3	3	1	0.264683
12	3	3	2	0.323750
12	3	4	1	0.246353
12	3	4	2	0.289331
12	3	5	1	0.415716
12	3	5	2	0.763383
12	6	1	1	0.542629
12	6	1	2	1.203706
12	6	2	1	0.310446
12	6	2	2	0.439877
12	6	3	1	0.264683
12	6	3	2	0.323750
12	6	4	1	0.293733
12	6	4	2	0.394518
12	6	5	1	0.442913
12	6	5	2	0.854183
13	2	1	1	0.542629
13	2	1	2	1.203706
13	2	2	1	0.250135
13	2	2	2	0.292905
13	2	3	1	0.424417
13	2	3	2	0.487653
13	2	4	1	0.247069
13	2	4	2	0.288257
13	2	5	1	0.402749
13	2	5	2	0.720940
13	4	1	1	0.479240
13	4	1	2	0.978767
13	4	2	1	0.269695
13	4	2	2	0.334278
13	4	3	1	0.280358
13	4	3	2	0.346196
13	4	4	1	0.248870
13	4	4	2	0.295725
13	4	5	1	0.479240
13	4	5	2	0.978767
13	6	1	1	0.449973
13	6	1	2	0.878115
13	6	2	1	0.266846
13	6	2	2	0.327669
13	6	3	1	0.269185
13	6	3	2	0.330552
13	6	4	1	0.282583
13	6	4	2	0.365713
13	6	5	1	0.402749
13	6	5	2	0.720940
13	7	1	1	0.402749
13	7	1	2	0.720940
13	7	2	1	0.257070
13	7	2	2	0.306247
13	7	3	1	0.274382
13	7	3	2	0.338023
13	7	4	1	0.247702
13	7	4	2	0.293050
13	7	5	1	0.551002
13	7	5	2	1.234039
13	1	1	1	0.449973
13	1	1	2	0.878115
13	1	2	1	0.293733
13	1	2	2	0.394518
13	1	3	1	0.250401
13	1	3	2	0.298951
13	1	4	1	0.253223
13	1	4	2	0.298561
13	1	5	1	0.390210
13	1	5	2	0.680469
13	15	1	1	0.372215
13	15	1	2	0.623462
13	15	2	1	0.247870
13	15	2	2	0.289292
13	15	3	1	0.375359
13	15	3	2	0.446007
13	15	4	1	0.289880
13	15	4	2	0.384419
13	15	5	1	0.568043
13	15	5	2	1.296180
13	3	1	1	0.372215
13	3	1	2	0.623462
13	3	2	1	0.310446
13	3	2	2	0.439877
13	3	3	1	0.356456
13	3	3	2	0.428864
13	3	4	1	0.247702
13	3	4	2	0.293050
13	3	5	1	0.542629
13	3	5	2	1.203706
13	10	1	1	0.457136
13	10	1	2	0.902539
13	10	2	1	0.246187
13	10	2	2	0.287745
13	10	3	1	0.356456
13	10	3	2	0.428864
13	10	4	1	0.246187
13	10	4	2	0.287745
13	10	5	1	0.534355
13	10	5	2	1.173866
13	9	1	1	0.479240
13	9	1	2	0.978767
13	9	2	1	0.246353
13	9	2	2	0.289331
13	9	3	1	0.269185
13	9	3	2	0.330552
13	9	4	1	0.248870
13	9	4	2	0.295725
13	9	5	1	0.384103
13	9	5	2	0.660973
13	14	1	1	0.568043
13	14	1	2	1.296180
13	14	2	1	0.247702
13	14	2	2	0.293050
13	14	3	1	0.260803
13	14	3	2	0.317588
13	14	4	1	0.282583
13	14	4	2	0.365713
13	14	5	1	0.510132
13	14	5	2	1.087298
13	8	1	1	0.534355
13	8	1	2	1.173866
13	8	2	1	0.282583
13	8	2	2	0.365713
13	8	3	1	0.252324
13	8	3	2	0.302739
13	8	4	1	0.259262
13	8	4	2	0.310848
13	8	5	1	0.366437
13	8	5	2	0.605446
13	12	1	1	0.534355
13	12	1	2	1.173866
13	12	2	1	0.255055
13	12	2	2	0.302151
13	12	3	1	0.295088
13	12	3	2	0.364835
13	12	4	1	0.293733
13	12	4	2	0.394518
13	12	5	1	0.518107
13	12	5	2	1.115662
13	5	1	1	0.486811
13	5	1	2	1.005161
13	5	2	1	0.259262
13	5	2	2	0.310848
13	5	3	1	0.287219
13	5	3	2	0.355115
13	5	4	1	0.248870
13	5	4	2	0.295725
13	5	5	1	0.502258
13	5	5	2	1.059427
13	11	1	1	0.502258
13	11	1	2	1.059427
13	11	2	1	0.264155
13	11	2	2	0.321560
13	11	3	1	0.248870
13	11	3	2	0.295725
13	11	4	1	0.306076
13	11	4	2	0.427793
13	11	5	1	0.396426
13	11	5	2	0.700458
14	10	1	1	0.366437
14	10	1	2	0.605446
14	10	2	1	0.248870
14	10	2	2	0.295725
14	10	3	1	0.260803
14	10	3	2	0.317588
14	10	4	1	0.289880
14	10	4	2	0.384419
14	10	5	1	0.429105
14	10	5	2	0.807797
14	8	1	1	0.442913
14	8	1	2	0.854183
14	8	2	1	0.259262
14	8	2	2	0.310848
14	8	3	1	0.274382
14	8	3	2	0.338023
14	8	4	1	0.246187
14	8	4	2	0.287745
14	8	5	1	0.502258
14	8	5	2	1.059427
14	5	1	1	0.409180
14	5	1	2	0.741915
14	5	2	1	0.247702
14	5	2	2	0.293050
14	5	3	1	0.326472
14	5	3	2	0.399619
14	5	4	1	0.246131
14	5	4	2	0.288274
14	5	5	1	0.464402
14	5	5	2	0.927456
14	9	1	1	0.390210
14	9	1	2	0.680469
14	9	2	1	0.251580
14	9	2	2	0.295478
14	9	3	1	0.254672
14	9	3	2	0.307099
14	9	4	1	0.261626
14	9	4	2	0.315953
14	9	5	1	0.390210
14	9	5	2	0.680469
14	15	1	1	0.568043
14	15	1	2	1.296180
14	15	2	1	0.286163
14	15	2	2	0.374817
14	15	3	1	0.280358
14	15	3	2	0.346196
14	15	4	1	0.246504
14	15	4	2	0.287741
14	15	5	1	0.534355
14	15	5	2	1.173866
14	11	1	1	0.542629
14	11	1	2	1.203706
14	11	2	1	0.261626
14	11	2	2	0.315953
14	11	3	1	0.397708
14	11	3	2	0.465383
14	11	4	1	0.289880
14	11	4	2	0.384419
14	11	5	1	0.449973
14	11	5	2	0.878115
14	7	1	1	0.502258
14	7	1	2	1.059427
14	7	2	1	0.282583
14	7	2	2	0.365713
14	7	3	1	0.254672
14	7	3	2	0.307099
14	7	4	1	0.247870
14	7	4	2	0.289292
14	7	5	1	0.415716
14	7	5	2	0.763383
14	12	1	1	0.502258
14	12	1	2	1.059427
14	12	2	1	0.272696
14	12	2	2	0.341388
14	12	3	1	0.248870
14	12	3	2	0.295725
14	12	4	1	0.264155
14	12	4	2	0.321560
14	12	5	1	0.442913
14	12	5	2	0.854183
14	3	1	1	0.534355
14	3	1	2	1.173866
14	3	2	1	0.293733
14	3	2	2	0.394518
14	3	3	1	0.375359
14	3	3	2	0.446007
14	3	4	1	0.247870
14	3	4	2	0.289292
14	3	5	1	0.366437
14	3	5	2	0.605446
14	13	1	1	0.494484
14	13	1	2	1.032048
14	13	2	1	0.246870
14	13	2	2	0.290921
14	13	3	1	0.252324
14	13	3	2	0.302739
14	13	4	1	0.250135
14	13	4	2	0.292905
14	13	5	1	0.576712
14	13	5	2	1.327989
14	1	1	1	0.415716
14	1	1	2	0.763383
14	1	2	1	0.269695
14	1	2	2	0.334278
14	1	3	1	0.264683
14	1	3	2	0.323750
14	1	4	1	0.269695
14	1	4	2	0.334278
14	1	5	1	0.422358
14	1	5	2	0.785344
14	2	1	1	0.471770
14	2	1	2	0.952865
14	2	2	1	0.251580
14	2	2	2	0.295478
14	2	3	1	0.356456
14	2	3	2	0.428864
14	2	4	1	0.257070
14	2	4	2	0.306247
14	2	5	1	0.435957
14	2	5	2	0.830744
14	6	1	1	0.390210
14	6	1	2	0.680469
14	6	2	1	0.310446
14	6	2	2	0.439877
14	6	3	1	0.287219
14	6	3	2	0.355115
14	6	4	1	0.246504
14	6	4	2	0.287741
14	6	5	1	0.390210
14	6	5	2	0.680469
14	4	1	1	0.471770
14	4	1	2	0.952865
14	4	2	1	0.255055
14	4	2	2	0.302151
14	4	3	1	0.274382
14	4	3	2	0.338023
14	4	4	1	0.247069
14	4	4	2	0.288257
14	4	5	1	0.384103
14	4	5	2	0.660973
15	3	1	1	0.378104
15	3	1	2	0.641971
15	3	2	1	0.259262
15	3	2	2	0.310848
15	3	3	1	0.326472
15	3	3	2	0.399619
15	3	4	1	0.275847
15	3	4	2	0.348998
15	3	5	1	0.551002
15	3	5	2	1.234039
15	9	1	1	0.551002
15	9	1	2	1.234039
15	9	2	1	0.293733
15	9	2	2	0.394518
15	9	3	1	0.250401
15	9	3	2	0.298951
15	9	4	1	0.272696
15	9	4	2	0.341388
15	9	5	1	0.435957
15	9	5	2	0.830744
15	7	1	1	0.378104
15	7	1	2	0.641971
15	7	2	1	0.246187
15	7	2	2	0.287745
15	7	3	1	0.340328
15	7	3	2	0.413505
15	7	4	1	0.306076
15	7	4	2	0.427793
15	7	5	1	0.396426
15	7	5	2	0.700458
15	1	1	1	0.542629
15	1	1	2	1.203706
15	1	2	1	0.248870
15	1	2	2	0.295725
15	1	3	1	0.295088
15	1	3	2	0.364835
15	1	4	1	0.251580
15	1	4	2	0.295478
15	1	5	1	0.486811
15	1	5	2	1.005161
15	6	1	1	0.360770
15	6	1	2	0.587924
15	6	2	1	0.293733
15	6	2	2	0.394518
15	6	3	1	0.356456
15	6	3	2	0.428864
15	6	4	1	0.272696
15	6	4	2	0.341388
15	6	5	1	0.442913
15	6	5	2	0.854183
15	4	1	1	0.372215
15	4	1	2	0.623462
15	4	2	1	0.279143
15	4	2	2	0.357106
15	4	3	1	0.250401
15	4	3	2	0.298951
15	4	4	1	0.251580
15	4	4	2	0.295478
15	4	5	1	0.435957
15	4	5	2	0.830744
15	2	1	1	0.494484
15	2	1	2	1.032048
15	2	2	1	0.257070
15	2	2	2	0.306247
15	2	3	1	0.264683
15	2	3	2	0.323750
15	2	4	1	0.272696
15	2	4	2	0.341388
15	2	5	1	0.409180
15	2	5	2	0.741915
15	14	1	1	0.378104
15	14	1	2	0.641971
15	14	2	1	0.289880
15	14	2	2	0.384419
15	14	3	1	0.260803
15	14	3	2	0.317588
15	14	4	1	0.301833
15	14	4	2	0.416205
15	14	5	1	0.378104
15	14	5	2	0.641971
15	13	1	1	0.390210
15	13	1	2	0.680469
15	13	2	1	0.255055
15	13	2	2	0.302151
15	13	3	1	0.252324
15	13	3	2	0.302739
15	13	4	1	0.293733
15	13	4	2	0.394518
15	13	5	1	0.510132
15	13	5	2	1.087298
15	10	1	1	0.449973
15	10	1	2	0.878115
15	10	2	1	0.297717
15	10	2	2	0.405114
15	10	3	1	0.257483
15	10	3	2	0.312044
15	10	4	1	0.246131
15	10	4	2	0.288274
15	10	5	1	0.396426
15	10	5	2	0.700458
15	8	1	1	0.435957
15	8	1	2	0.830744
15	8	2	1	0.261626
15	8	2	2	0.315953
15	8	3	1	0.375359
15	8	3	2	0.446007
15	8	4	1	0.253223
15	8	4	2	0.298561
15	8	5	1	0.442913
15	8	5	2	0.854183
15	5	1	1	0.409180
15	5	1	2	0.741915
15	5	2	1	0.279143
15	5	2	2	0.357106
15	5	3	1	0.456768
15	5	3	2	0.513825
15	5	4	1	0.251580
15	5	4	2	0.295478
15	5	5	1	0.449973
15	5	5	2	0.878115
15	12	1	1	0.366437
15	12	1	2	0.605446
15	12	2	1	0.255055
15	12	2	2	0.302151
15	12	3	1	0.280358
15	12	3	2	0.346196
15	12	4	1	0.246353
15	12	4	2	0.289331
15	12	5	1	0.576712
15	12	5	2	1.327989
15	11	1	1	0.494484
15	11	1	2	1.032048
15	11	2	1	0.286163
15	11	2	2	0.374817
15	11	3	1	0.295088
15	11	3	2	0.364835
15	11	4	1	0.266846
15	11	4	2	0.327669
15	11	5	1	0.402749
15	11	5	2	0.720940
0	14	1	1	0.372215
0	14	1	2	0.623462
0	14	2	1	0.247702
0	14	2	2	0.293050
0	14	3	1	0.287219
0	14	3	2	0.355115
0	14	4	1	0.272696
0	14	4	2	0.341388
0	14	5	1	0.402749
0	14	5	2	0.720940
0	15	1	1	0.360770
0	15	1	2	0.587924
0	15	2	1	0.310446
0	15	2	2	0.439877
0	15	3	1	0.356456
0	15	3	2	0.428864
0	15	4	1	0.250135
0	15	4	2	0.292905
0	15	5	1	0.502258
0	15	5	2	1.059427
0	10	1	1	0.435957
0	10	1	2	0.830744
0	10	2	1	0.261626
0	10	2	2	0.315953
0	10	3	1	0.274382
0	10	3	2	0.338023
0	10	4	1	0.246504
0	10	4	2	0.287741
0	10	5	1	0.464402
0	10	5	2	0.927456
0	7	1	1	0.390210
0	7	1	2	0.680469
0	7	2	1	0.255055
0	7	2	2	0.302151
0	7	3	1	0.375359
0	7	3	2	0.446007
0	7	4	1	0.301833
0	7	4	2	0.416205
0	7	5	1	0.542629
0	7	5	2	1.203706
0	9	1	1	0.429105
0	9	1	2	0.807797
0	9	2	1	0.246187
0	9	2	2	0.287745
0	9	3	1	0.280358
0	9	3	2	0.346196
0	9	4	1	0.259262
0	9	4	2	0.310848
0	9	5	1	0.435957
0	9	5	2	0.830744
0	8	1	1	0.409180
0	8	1	2	0.741915
0	8	2	1	0.253223
0	8	2	2	0.298561
0	8	3	1	0.280358
0	8	3	2	0.346196
0	8	4	1	0.250135
0	8	4	2	0.292905
0	8	5	1	0.510132
0	8	5	2	1.087298
0	3	1	1	0.510132
0	3	1	2	1.087298
0	3	2	1	0.261626
0	3	2	2	0.315953
0	3	3	1	0.424417
0	3	3	2	0.487653
0	3	4	1	0.264155
0	3	4	2	0.321560
0	3	5	1	0.479240
0	3	5	2	0.978767
0	1	1	1	0.471770
0	1	1	2	0.952865
0	1	2	1	0.251580
0	1	2	2	0.295478
0	1	3	1	0.274382
0	1	3	2	0.338023
0	1	4	1	0.255055
0	1	4	2	0.302151
0	1	5	1	0.510132
0	1	5	2	1.087298
0	13	1	1	0.435957
0	13	1	2	0.830744
0	13	2	1	0.272696
0	13	2	2	0.341388
0	13	3	1	0.304119
0	13	3	2	0.375426
0	13	4	1	0.259262
0	13	4	2	0.310848
0	13	5	1	0.464402
0	13	5	2	0.927456
0	2	1	1	0.378104
0	2	1	2	0.641971
0	2	2	1	0.261626
0	2	2	2	0.315953
0	2	3	1	0.287219
0	2	3	2	0.355115
0	2	4	1	0.257070
0	2	4	2	0.306247
0	2	5	1	0.366437
0	2	5	2	0.605446
0	5	1	1	0.422358
0	5	1	2	0.785344
0	5	2	1	0.310446
0	5	2	2	0.439877
0	5	3	1	0.264683
0	5	3	2	0.323750
0	5	4	1	0.301833
0	5	4	2	0.416205
0	5	5	1	0.372215
0	5	5	2	0.623462
0	6	1	1	0.378104
0	6	1	2	0.641971
0	6	2	1	0.247069
0	6	2	2	0.288257
0	6	3	1	0.248870
0	6	3	2	0.295725
0	6	4	1	0.275847
0	6	4	2	0.348998
0	6	5	1	0.449973
0	6	5	2	0.878115
0	4	1	1	0.442913
0	4	1	2	0.854183
0	4	2	1	0.261626
0	4	2	2	0.315953
0	4	3	1	0.257483
0	4	3	2	0.312044
0	4	4	1	0.264155
0	4	4	2	0.321560
0	4	5	1	0.534355
0	4	5	2	1.173866
0	12	1	1	0.542629
0	12	1	2	1.203706
0	12	2	1	0.246504
0	12	2	2	0.287741
0	12	3	1	0.295088
0	12	3	2	0.364835
0	12	4	1	0.279143
0	12	4	2	0.357106
0	12	5	1	0.378104
0	12	5	2	0.641971
0	11	1	1	0.390210
0	11	1	2	0.680469
0	11	2	1	0.297717
0	11	2	2	0.405114
0	11	3	1	0.280358
0	11	3	2	0.346196
0	11	4	1	0.247069
0	11	4	2	0.288257
0	11	5	1	0.442913
0	11	5	2	0.854183
14	0	1	1	0.576712
14	0	1	2	1.327989
14	0	2	1	0.253223
14	0	2	2	0.298561
14	0	3	1	0.250401
14	0	3	2	0.298951
14	0	4	1	0.279143
14	0	4	2	0.357106
14	0	5	1	0.502258
14	0	5	2	1.059427
15	0	1	1	0.479240
15	0	1	2	0.978767
15	0	2	1	0.251580
15	0	2	2	0.295478
15	0	3	1	0.375359
15	0	3	2	0.446007
15	0	4	1	0.293733
15	0	4	2	0.394518
15	0	5	1	0.464402
15	0	5	2	0.927456
10	0	1	1	0.360770
10	0	1	2	0.587924
10	0	2	1	0.257070
10	0	2	2	0.306247
10	0	3	1	0.356456
10	0	3	2	0.428864
10	0	4	1	0.275847
10	0	4	2	0.348998
10	0	5	1	0.464402
10	0	5	2	0.927456
7	0	1	1	0.435957
7	0	1	2	0.830744
7	0	2	1	0.289880
7	0	2	2	0.384419
7	0	3	1	0.456768
7	0	3	2	0.513825
7	0	4	1	0.246187
7	0	4	2	0.287745
7	0	5	1	0.559473
7	0	5	2	1.264864
9	0	1	1	0.479240
9	0	1	2	0.978767
9	0	2	1	0.306076
9	0	2	2	0.427793
9	0	3	1	0.304119
9	0	3	2	0.375426
9	0	4	1	0.293733
9	0	4	2	0.394518
9	0	5	1	0.422358
9	0	5	2	0.785344
8	0	1	1	0.390210
8	0	1	2	0.680469
8	0	2	1	0.251580
8	0	2	2	0.295478
8	0	3	1	0.280358
8	0	3	2	0.346196
8	0	4	1	0.251580
8	0	4	2	0.295478
8	0	5	1	0.442913
8	0	5	2	0.854183
3	0	1	1	0.415716
3	0	1	2	0.763383
3	0	2	1	0.259262
3	0	2	2	0.310848
3	0	3	1	0.264683
3	0	3	2	0.323750
3	0	4	1	0.310446
3	0	4	2	0.439877
3	0	5	1	0.510132
3	0	5	2	1.087298
1	0	1	1	0.409180
1	0	1	2	0.741915
1	0	2	1	0.253223
1	0	2	2	0.298561
1	0	3	1	0.304119
1	0	3	2	0.375426
1	0	4	1	0.272696
1	0	4	2	0.341388
1	0	5	1	0.435957
1	0	5	2	0.830744
13	0	1	1	0.449973
13	0	1	2	0.878115
13	0	2	1	0.272696
13	0	2	2	0.341388
13	0	3	1	0.287219
13	0	3	2	0.355115
13	0	4	1	0.247069
13	0	4	2	0.288257
13	0	5	1	0.442913
13	0	5	2	0.854183
2	0	1	1	0.559473
2	0	1	2	1.264864
2	0	2	1	0.275847
2	0	2	2	0.348998
2	0	3	1	0.287219
2	0	3	2	0.355115
2	0	4	1	0.272696
2	0	4	2	0.341388
2	0	5	1	0.366437
2	0	5	2	0.605446
5	0	1	1	0.559473
5	0	1	2	1.264864
5	0	2	1	0.257070
5	0	2	2	0.306247
5	0	3	1	0.252324
5	0	3	2	0.302739
5	0	4	1	0.250135
5	0	4	2	0.292905
5	0	5	1	0.415716
5	0	5	2	0.763383
6	0	1	1	0.457136
6	0	1	2	0.902539
6	0	2	1	0.301833
6	0	2	2	0.416205
6	0	3	1	0.340328
6	0	3	2	0.413505
6	0	4	1	0.248895
6	0	4	2	0.290842
6	0	5	1	0.366437
6	0	5	2	0.605446
4	0	1	1	0.457136
4	0	1	2	0.902539
4	0	2	1	0.259262
4	0	2	2	0.310848
4	0	3	1	0.314502
4	0	3	2	0.386980
4	0	4	1	0.275847
4	0	4	2	0.348998
4	0	5	1	0.435957
4	0	5	2	0.830744
12	0	1	1	0.435957
12	0	1	2	0.830744
12	0	2	1	0.286163
12	0	2	2	0.374817
12	0	3	1	0.397708
12	0	3	2	0.465383
12	0	4	1	0.301833
12	0	4	2	0.416205
12	0	5	1	0.576712
12	0	5	2	1.327989
11	0	1	1	0.378104
11	0	1	2	0.641971
11	0	2	1	0.250135
11	0	2	2	0.292905
11	0	3	1	0.295088
11	0	3	2	0.364835
11	0	4	1	0.246504
11	0	4	2	0.287741
11	0	5	1	0.457136
11	0	5	2	0.902539
;
