param:	TIME:	Ts	Te:=
1	0   108
2	108   216
3	216   324
4	324   432
5	432   540
;
param:	NODE:	r	st	WS	WE:=
0	0	0	0	540
1	2094	23	61	409
2	2133	24	58	405
3	861	10	10	326
4	1851	21	72	403
5	909	10	49	373
6	2445	27	62	400
7	1242	14	64	379
8	549	6	76	390
9	2007	22	61	413
10	2040	23	28	373
11	1143	13	79	418
12	1143	13	15	329
13	366	4	25	337
14	420	5	14	341
15	2025	22	50	380
;
param: VEHICLE:	Ch	Lh	Ph	ch:=
1	10000	150	2.2384e-005	2.66374
2	15000	200	1.79961e-005	2.66374
3	10000	150	2.2384e-005	2.66374
;
param q_real:=3;
param	nth:=14;
param	nth1:=15;
param:	ARC:	D:=
1	3	6.920000
1	12	12.810000
1	15	39.730000
1	5	47.680000
1	7	49.959999
1	4	65.500000
1	6	81.519997
1	9	102.610001
1	11	126.419998
1	13	127.440002
1	8	155.259995
1	2	155.350006
1	10	170.610001
1	14	179.580002
2	10	22.120001
2	14	30.260000
2	11	30.920000
2	13	36.669998
2	8	71.580002
2	5	110.120003
2	9	117.760002
2	15	118.269997
2	4	118.271004
2	6	133.250000
2	12	145.869995
2	7	146.559998
2	1	157.100006
2	3	158.220993
3	1	6.510000
3	12	14.880000
3	15	39.970001
3	5	47.919998
3	7	56.020000
3	4	62.400002
3	6	77.550003
3	9	99.510002
3	11	127.540001
3	13	127.919998
3	2	156.470001
3	8	156.669998
3	10	171.729996
3	14	180.699997
4	6	24.690001
4	9	40.130001
4	15	44.020000
4	5	44.180000
4	12	55.980000
4	3	62.099998
4	1	66.010002
4	13	83.740997
4	7	98.250000
4	11	99.342003
4	2	118.450996
4	10	138.970993
4	14	147.110992
4	8	147.240005
5	15	8.760000
5	12	36.590000
5	4	44.090000
5	3	47.660999
5	1	47.820000
5	7	58.700001
5	6	67.809998
5	9	78.129997
5	11	82.070000
5	13	83.089996
5	2	110.559998
5	8	116.230003
5	10	125.820000
5	14	133.960007
6	4	24.260000
6	9	32.820000
6	15	67.339996
6	5	67.500000
6	12	75.750000
6	3	77.059998
6	1	81.919998
6	13	99.040001
6	11	116.449997
6	7	118.019997
6	2	133.750000
6	10	154.270004
6	14	162.479996
6	8	169.602005
7	12	49.049999
7	1	49.700001
7	15	55.340000
7	3	56.169998
7	5	58.639999
7	4	97.580002
7	11	116.250000
7	6	117.589996
7	13	129.479996
7	9	133.320007
7	8	139.740005
7	2	146.339996
7	10	161.649994
7	14	169.789993
8	10	50.619999
8	11	54.040001
8	14	56.910000
8	2	71.690002
8	13	81.709999
8	5	116.389999
8	15	124.070000
8	7	139.860001
8	12	144.190002
8	4	147.289993
8	1	155.419998
8	3	156.940002
8	9	158.770004
8	6	169.932999
9	6	32.680000
9	4	40.410000
9	5	78.739998
9	15	78.739998
9	13	85.660004
9	12	92.230003
9	3	98.349998
9	1	102.260002
9	11	105.610001
9	2	117.930000
9	7	133.720001
9	10	136.910004
9	14	143.119995
9	8	159.110001
10	14	8.980000
10	2	21.959999
10	11	46.150002
10	8	50.299999
10	13	58.200001
10	5	125.349998
10	15	133.500000
10	9	136.449997
10	4	138.761002
10	6	153.910004
10	7	161.789993
10	12	162.509995
10	1	173.740005
10	3	174.860992
11	13	28.660000
11	2	30.670000
11	10	45.930000
11	14	54.070000
11	8	54.360001
11	5	81.580002
11	15	89.730003
11	4	98.931999
11	9	105.199997
11	12	114.820000
11	6	115.830002
11	7	116.510002
11	1	126.050003
11	3	127.170998
12	1	12.740000
12	3	14.910000
12	15	28.580000
12	5	36.529999
12	7	49.180000
12	4	55.650002
12	6	75.660004
12	9	92.209999
12	11	115.120003
12	13	116.139999
12	2	143.779999
12	8	143.960007
12	10	159.039993
12	14	168.009995
13	11	28.660000
13	2	36.750000
13	10	58.450001
13	14	66.589996
13	8	81.570000
13	5	82.980003
13	4	83.420998
13	9	85.489998
13	15	90.519997
13	6	98.230003
13	12	116.220001
13	3	126.489998
13	1	127.449997
13	7	129.050003
14	10	9.020000
14	2	30.090000
14	11	54.330002
14	8	56.779999
14	13	66.330002
14	5	133.529999
14	15	141.830002
14	9	142.630005
14	4	146.940994
14	6	162.160004
14	7	169.970001
14	12	170.839996
14	1	182.070007
14	3	183.190994
15	5	9.000000
15	12	28.639999
15	3	39.710999
15	1	39.869999
15	4	44.360001
15	7	55.889999
15	6	68.080002
15	9	78.900002
15	11	89.940002
15	13	90.489998
15	2	118.430000
15	8	123.849998
15	10	133.690002
15	14	142.660004
0	11	37.470001
0	13	41.330002
0	5	46.470001
0	15	54.619999
0	2	65.959999
0	4	68.129997
0	12	79.709999
0	10	81.220001
0	8	81.489998
0	9	87.489998
0	7	88.650002
0	14	89.360001
0	6	89.959999
0	1	90.940002
0	3	92.060997
11	0	37.290001
13	0	41.369999
5	0	46.669998
15	0	54.540001
2	0	65.830002
4	0	68.059998
12	0	79.720001
10	0	81.059998
8	0	81.349998
9	0	87.809998
7	0	89.059998
14	0	89.239998
6	0	90.839996
1	0	91.019997
3	0	92.139999
;
param:	v:=
1	3	1	77
1	3	2	31
1	3	3	19
1	3	4	52
1	3	5	81
1	12	1	80
1	12	2	44
1	12	3	27
1	12	4	50
1	12	5	83
1	15	1	77
1	15	2	51
1	15	3	28
1	15	4	35
1	15	5	83
1	5	1	89
1	5	2	43
1	5	3	16
1	5	4	37
1	5	5	77
1	7	1	91
1	7	2	41
1	7	3	20
1	7	4	60
1	7	5	89
1	4	1	72
1	4	2	42
1	4	3	20
1	4	4	45
1	4	5	78
1	6	1	97
1	6	2	41
1	6	3	23
1	6	4	50
1	6	5	81
1	9	1	84
1	9	2	35
1	9	3	28
1	9	4	56
1	9	5	99
1	11	1	92
1	11	2	42
1	11	3	11
1	11	4	47
1	11	5	89
1	13	1	70
1	13	2	48
1	13	3	22
1	13	4	47
1	13	5	76
1	8	1	90
1	8	2	31
1	8	3	24
1	8	4	41
1	8	5	99
1	2	1	89
1	2	2	30
1	2	3	20
1	2	4	58
1	2	5	82
1	10	1	73
1	10	2	33
1	10	3	28
1	10	4	30
1	10	5	89
1	14	1	91
1	14	2	45
1	14	3	27
1	14	4	48
1	14	5	71
2	10	1	71
2	10	2	57
2	10	3	25
2	10	4	44
2	10	5	96
2	14	1	76
2	14	2	58
2	14	3	11
2	14	4	46
2	14	5	87
2	11	1	78
2	11	2	54
2	11	3	25
2	11	4	55
2	11	5	71
2	13	1	84
2	13	2	34
2	13	3	10
2	13	4	36
2	13	5	76
2	8	1	85
2	8	2	54
2	8	3	14
2	8	4	46
2	8	5	98
2	5	1	72
2	5	2	41
2	5	3	28
2	5	4	59
2	5	5	90
2	9	1	100
2	9	2	57
2	9	3	23
2	9	4	52
2	9	5	84
2	15	1	84
2	15	2	55
2	15	3	29
2	15	4	34
2	15	5	86
2	4	1	75
2	4	2	32
2	4	3	13
2	4	4	34
2	4	5	74
2	6	1	71
2	6	2	54
2	6	3	22
2	6	4	59
2	6	5	96
2	12	1	82
2	12	2	59
2	12	3	17
2	12	4	43
2	12	5	77
2	7	1	85
2	7	2	31
2	7	3	21
2	7	4	50
2	7	5	83
2	1	1	100
2	1	2	54
2	1	3	25
2	1	4	58
2	1	5	78
2	3	1	97
2	3	2	59
2	3	3	25
2	3	4	50
2	3	5	81
3	1	1	87
3	1	2	36
3	1	3	23
3	1	4	54
3	1	5	99
3	12	1	81
3	12	2	56
3	12	3	19
3	12	4	44
3	12	5	86
3	15	1	83
3	15	2	54
3	15	3	29
3	15	4	34
3	15	5	81
3	5	1	89
3	5	2	53
3	5	3	30
3	5	4	50
3	5	5	76
3	7	1	92
3	7	2	50
3	7	3	13
3	7	4	32
3	7	5	89
3	4	1	94
3	4	2	55
3	4	3	26
3	4	4	49
3	4	5	89
3	6	1	99
3	6	2	60
3	6	3	10
3	6	4	43
3	6	5	79
3	9	1	76
3	9	2	56
3	9	3	17
3	9	4	43
3	9	5	96
3	11	1	72
3	11	2	31
3	11	3	15
3	11	4	46
3	11	5	85
3	13	1	98
3	13	2	53
3	13	3	28
3	13	4	44
3	13	5	87
3	2	1	85
3	2	2	54
3	2	3	24
3	2	4	49
3	2	5	98
3	8	1	84
3	8	2	45
3	8	3	22
3	8	4	60
3	8	5	80
3	10	1	95
3	10	2	53
3	10	3	14
3	10	4	51
3	10	5	71
3	14	1	77
3	14	2	45
3	14	3	10
3	14	4	51
3	14	5	96
4	6	1	97
4	6	2	56
4	6	3	16
4	6	4	58
4	6	5	84
4	9	1	97
4	9	2	51
4	9	3	17
4	9	4	40
4	9	5	97
4	15	1	85
4	15	2	33
4	15	3	16
4	15	4	56
4	15	5	92
4	5	1	99
4	5	2	57
4	5	3	16
4	5	4	57
4	5	5	87
4	12	1	77
4	12	2	35
4	12	3	17
4	12	4	37
4	12	5	70
4	3	1	99
4	3	2	37
4	3	3	26
4	3	4	34
4	3	5	83
4	1	1	100
4	1	2	60
4	1	3	17
4	1	4	59
4	1	5	83
4	13	1	70
4	13	2	38
4	13	3	17
4	13	4	59
4	13	5	83
4	7	1	79
4	7	2	47
4	7	3	22
4	7	4	43
4	7	5	92
4	11	1	82
4	11	2	50
4	11	3	16
4	11	4	44
4	11	5	84
4	2	1	96
4	2	2	53
4	2	3	15
4	2	4	51
4	2	5	73
4	10	1	77
4	10	2	51
4	10	3	21
4	10	4	40
4	10	5	92
4	14	1	80
4	14	2	43
4	14	3	25
4	14	4	54
4	14	5	80
4	8	1	96
4	8	2	42
4	8	3	22
4	8	4	33
4	8	5	82
5	15	1	71
5	15	2	48
5	15	3	21
5	15	4	38
5	15	5	89
5	12	1	97
5	12	2	52
5	12	3	24
5	12	4	53
5	12	5	95
5	4	1	90
5	4	2	57
5	4	3	13
5	4	4	46
5	4	5	74
5	3	1	93
5	3	2	40
5	3	3	25
5	3	4	46
5	3	5	71
5	1	1	97
5	1	2	55
5	1	3	23
5	1	4	42
5	1	5	81
5	7	1	73
5	7	2	56
5	7	3	15
5	7	4	53
5	7	5	83
5	6	1	83
5	6	2	49
5	6	3	29
5	6	4	44
5	6	5	89
5	9	1	72
5	9	2	35
5	9	3	21
5	9	4	49
5	9	5	88
5	11	1	75
5	11	2	52
5	11	3	25
5	11	4	55
5	11	5	80
5	13	1	83
5	13	2	33
5	13	3	26
5	13	4	54
5	13	5	82
5	2	1	82
5	2	2	52
5	2	3	30
5	2	4	52
5	2	5	84
5	8	1	96
5	8	2	34
5	8	3	28
5	8	4	42
5	8	5	77
5	10	1	72
5	10	2	32
5	10	3	19
5	10	4	51
5	10	5	75
5	14	1	76
5	14	2	59
5	14	3	13
5	14	4	42
5	14	5	75
6	4	1	91
6	4	2	41
6	4	3	27
6	4	4	31
6	4	5	99
6	9	1	99
6	9	2	52
6	9	3	20
6	9	4	30
6	9	5	91
6	15	1	70
6	15	2	53
6	15	3	21
6	15	4	60
6	15	5	88
6	5	1	74
6	5	2	47
6	5	3	23
6	5	4	38
6	5	5	78
6	12	1	72
6	12	2	35
6	12	3	21
6	12	4	53
6	12	5	81
6	3	1	95
6	3	2	38
6	3	3	10
6	3	4	59
6	3	5	89
6	1	1	99
6	1	2	56
6	1	3	30
6	1	4	44
6	1	5	81
6	13	1	73
6	13	2	37
6	13	3	20
6	13	4	31
6	13	5	74
6	11	1	77
6	11	2	47
6	11	3	28
6	11	4	42
6	11	5	75
6	7	1	88
6	7	2	31
6	7	3	12
6	7	4	45
6	7	5	99
6	2	1	73
6	2	2	48
6	2	3	21
6	2	4	49
6	2	5	79
6	10	1	88
6	10	2	42
6	10	3	22
6	10	4	59
6	10	5	79
6	14	1	97
6	14	2	51
6	14	3	22
6	14	4	32
6	14	5	90
6	8	1	75
6	8	2	53
6	8	3	23
6	8	4	51
6	8	5	81
7	12	1	100
7	12	2	49
7	12	3	10
7	12	4	40
7	12	5	80
7	1	1	79
7	1	2	41
7	1	3	29
7	1	4	56
7	1	5	99
7	15	1	79
7	15	2	38
7	15	3	30
7	15	4	39
7	15	5	98
7	3	1	81
7	3	2	49
7	3	3	30
7	3	4	58
7	3	5	92
7	5	1	99
7	5	2	46
7	5	3	20
7	5	4	35
7	5	5	76
7	4	1	89
7	4	2	53
7	4	3	16
7	4	4	47
7	4	5	80
7	11	1	80
7	11	2	42
7	11	3	23
7	11	4	56
7	11	5	85
7	6	1	81
7	6	2	60
7	6	3	24
7	6	4	56
7	6	5	74
7	13	1	84
7	13	2	49
7	13	3	13
7	13	4	34
7	13	5	82
7	9	1	71
7	9	2	44
7	9	3	12
7	9	4	50
7	9	5	86
7	8	1	86
7	8	2	51
7	8	3	17
7	8	4	39
7	8	5	70
7	2	1	77
7	2	2	39
7	2	3	15
7	2	4	46
7	2	5	97
7	10	1	81
7	10	2	40
7	10	3	28
7	10	4	36
7	10	5	99
7	14	1	71
7	14	2	54
7	14	3	29
7	14	4	47
7	14	5	95
8	10	1	94
8	10	2	51
8	10	3	20
8	10	4	45
8	10	5	73
8	11	1	92
8	11	2	33
8	11	3	11
8	11	4	41
8	11	5	91
8	14	1	86
8	14	2	57
8	14	3	20
8	14	4	45
8	14	5	72
8	2	1	99
8	2	2	30
8	2	3	13
8	2	4	56
8	2	5	78
8	13	1	70
8	13	2	45
8	13	3	28
8	13	4	60
8	13	5	77
8	5	1	80
8	5	2	31
8	5	3	20
8	5	4	42
8	5	5	90
8	15	1	88
8	15	2	44
8	15	3	28
8	15	4	46
8	15	5	86
8	7	1	95
8	7	2	35
8	7	3	20
8	7	4	39
8	7	5	77
8	12	1	99
8	12	2	33
8	12	3	26
8	12	4	31
8	12	5	73
8	4	1	82
8	4	2	34
8	4	3	10
8	4	4	48
8	4	5	82
8	1	1	71
8	1	2	37
8	1	3	11
8	1	4	33
8	1	5	87
8	3	1	89
8	3	2	30
8	3	3	16
8	3	4	34
8	3	5	89
8	9	1	95
8	9	2	55
8	9	3	14
8	9	4	49
8	9	5	79
8	6	1	82
8	6	2	58
8	6	3	24
8	6	4	38
8	6	5	72
9	6	1	88
9	6	2	41
9	6	3	29
9	6	4	52
9	6	5	72
9	4	1	87
9	4	2	54
9	4	3	23
9	4	4	32
9	4	5	88
9	5	1	96
9	5	2	50
9	5	3	28
9	5	4	56
9	5	5	72
9	15	1	77
9	15	2	40
9	15	3	20
9	15	4	53
9	15	5	76
9	13	1	74
9	13	2	49
9	13	3	25
9	13	4	57
9	13	5	75
9	12	1	77
9	12	2	47
9	12	3	14
9	12	4	42
9	12	5	99
9	3	1	84
9	3	2	41
9	3	3	24
9	3	4	36
9	3	5	72
9	1	1	73
9	1	2	32
9	1	3	30
9	1	4	30
9	1	5	79
9	11	1	90
9	11	2	41
9	11	3	21
9	11	4	53
9	11	5	82
9	2	1	92
9	2	2	37
9	2	3	25
9	2	4	50
9	2	5	82
9	7	1	73
9	7	2	31
9	7	3	23
9	7	4	35
9	7	5	75
9	10	1	70
9	10	2	46
9	10	3	24
9	10	4	48
9	10	5	96
9	14	1	95
9	14	2	40
9	14	3	29
9	14	4	48
9	14	5	76
9	8	1	90
9	8	2	36
9	8	3	15
9	8	4	57
9	8	5	81
10	14	1	88
10	14	2	55
10	14	3	24
10	14	4	31
10	14	5	99
10	2	1	71
10	2	2	46
10	2	3	24
10	2	4	55
10	2	5	88
10	11	1	83
10	11	2	57
10	11	3	28
10	11	4	59
10	11	5	98
10	8	1	96
10	8	2	33
10	8	3	28
10	8	4	44
10	8	5	79
10	13	1	82
10	13	2	46
10	13	3	16
10	13	4	59
10	13	5	90
10	5	1	83
10	5	2	43
10	5	3	25
10	5	4	60
10	5	5	99
10	15	1	74
10	15	2	35
10	15	3	25
10	15	4	37
10	15	5	98
10	9	1	95
10	9	2	55
10	9	3	14
10	9	4	53
10	9	5	94
10	4	1	98
10	4	2	47
10	4	3	23
10	4	4	30
10	4	5	93
10	6	1	96
10	6	2	35
10	6	3	19
10	6	4	47
10	6	5	73
10	7	1	82
10	7	2	30
10	7	3	10
10	7	4	57
10	7	5	70
10	12	1	79
10	12	2	40
10	12	3	17
10	12	4	37
10	12	5	72
10	1	1	70
10	1	2	55
10	1	3	11
10	1	4	41
10	1	5	82
10	3	1	91
10	3	2	56
10	3	3	21
10	3	4	32
10	3	5	82
11	13	1	95
11	13	2	60
11	13	3	19
11	13	4	45
11	13	5	74
11	2	1	76
11	2	2	35
11	2	3	22
11	2	4	50
11	2	5	89
11	10	1	73
11	10	2	30
11	10	3	24
11	10	4	46
11	10	5	79
11	14	1	83
11	14	2	42
11	14	3	22
11	14	4	41
11	14	5	83
11	8	1	77
11	8	2	55
11	8	3	15
11	8	4	60
11	8	5	87
11	5	1	92
11	5	2	36
11	5	3	25
11	5	4	50
11	5	5	70
11	15	1	76
11	15	2	31
11	15	3	21
11	15	4	31
11	15	5	71
11	4	1	90
11	4	2	50
11	4	3	20
11	4	4	40
11	4	5	84
11	9	1	98
11	9	2	33
11	9	3	21
11	9	4	42
11	9	5	97
11	12	1	90
11	12	2	30
11	12	3	24
11	12	4	36
11	12	5	87
11	6	1	95
11	6	2	39
11	6	3	17
11	6	4	33
11	6	5	71
11	7	1	91
11	7	2	34
11	7	3	30
11	7	4	46
11	7	5	98
11	1	1	100
11	1	2	36
11	1	3	12
11	1	4	37
11	1	5	98
11	3	1	70
11	3	2	40
11	3	3	20
11	3	4	52
11	3	5	95
12	1	1	98
12	1	2	52
12	1	3	15
12	1	4	42
12	1	5	92
12	3	1	83
12	3	2	46
12	3	3	16
12	3	4	60
12	3	5	76
12	15	1	70
12	15	2	37
12	15	3	19
12	15	4	30
12	15	5	72
12	5	1	83
12	5	2	32
12	5	3	10
12	5	4	34
12	5	5	84
12	7	1	85
12	7	2	33
12	7	3	18
12	7	4	58
12	7	5	93
12	4	1	82
12	4	2	38
12	4	3	14
12	4	4	50
12	4	5	94
12	6	1	89
12	6	2	45
12	6	3	26
12	6	4	57
12	6	5	85
12	9	1	74
12	9	2	60
12	9	3	17
12	9	4	42
12	9	5	98
12	11	1	84
12	11	2	51
12	11	3	18
12	11	4	58
12	11	5	83
12	13	1	76
12	13	2	37
12	13	3	17
12	13	4	51
12	13	5	81
12	2	1	83
12	2	2	51
12	2	3	14
12	2	4	40
12	2	5	73
12	8	1	84
12	8	2	53
12	8	3	26
12	8	4	53
12	8	5	94
12	10	1	86
12	10	2	54
12	10	3	16
12	10	4	33
12	10	5	89
12	14	1	70
12	14	2	57
12	14	3	25
12	14	4	52
12	14	5	72
13	11	1	91
13	11	2	60
13	11	3	24
13	11	4	55
13	11	5	79
13	2	1	94
13	2	2	49
13	2	3	20
13	2	4	47
13	2	5	92
13	10	1	96
13	10	2	46
13	10	3	17
13	10	4	46
13	10	5	82
13	14	1	76
13	14	2	37
13	14	3	15
13	14	4	50
13	14	5	99
13	8	1	88
13	8	2	41
13	8	3	15
13	8	4	50
13	8	5	81
13	5	1	79
13	5	2	59
13	5	3	13
13	5	4	41
13	5	5	91
13	4	1	88
13	4	2	48
13	4	3	20
13	4	4	39
13	4	5	92
13	9	1	89
13	9	2	30
13	9	3	23
13	9	4	38
13	9	5	85
13	15	1	79
13	15	2	41
13	15	3	27
13	15	4	34
13	15	5	73
13	6	1	100
13	6	2	60
13	6	3	13
13	6	4	44
13	6	5	81
13	12	1	97
13	12	2	39
13	12	3	20
13	12	4	41
13	12	5	84
13	3	1	70
13	3	2	41
13	3	3	25
13	3	4	54
13	3	5	90
13	1	1	97
13	1	2	59
13	1	3	17
13	1	4	40
13	1	5	98
13	7	1	100
13	7	2	42
13	7	3	22
13	7	4	56
13	7	5	80
14	10	1	92
14	10	2	54
14	10	3	24
14	10	4	47
14	10	5	93
14	2	1	74
14	2	2	34
14	2	3	12
14	2	4	46
14	2	5	71
14	11	1	100
14	11	2	60
14	11	3	25
14	11	4	41
14	11	5	84
14	8	1	89
14	8	2	50
14	8	3	16
14	8	4	41
14	8	5	96
14	13	1	91
14	13	2	43
14	13	3	22
14	13	4	51
14	13	5	90
14	5	1	98
14	5	2	44
14	5	3	18
14	5	4	51
14	5	5	92
14	15	1	96
14	15	2	33
14	15	3	14
14	15	4	47
14	15	5	92
14	9	1	96
14	9	2	32
14	9	3	24
14	9	4	31
14	9	5	99
14	4	1	77
14	4	2	40
14	4	3	17
14	4	4	47
14	4	5	75
14	6	1	76
14	6	2	58
14	6	3	15
14	6	4	52
14	6	5	88
14	7	1	88
14	7	2	40
14	7	3	23
14	7	4	36
14	7	5	80
14	12	1	88
14	12	2	51
14	12	3	28
14	12	4	57
14	12	5	75
14	1	1	76
14	1	2	53
14	1	3	29
14	1	4	52
14	1	5	100
14	3	1	78
14	3	2	57
14	3	3	20
14	3	4	39
14	3	5	90
15	5	1	75
15	5	2	57
15	5	3	13
15	5	4	34
15	5	5	77
15	12	1	71
15	12	2	30
15	12	3	25
15	12	4	31
15	12	5	70
15	3	1	98
15	3	2	31
15	3	3	22
15	3	4	45
15	3	5	97
15	1	1	90
15	1	2	32
15	1	3	17
15	1	4	47
15	1	5	73
15	4	1	71
15	4	2	54
15	4	3	22
15	4	4	38
15	4	5	72
15	7	1	87
15	7	2	50
15	7	3	13
15	7	4	50
15	7	5	70
15	6	1	95
15	6	2	33
15	6	3	19
15	6	4	57
15	6	5	93
15	9	1	79
15	9	2	31
15	9	3	14
15	9	4	31
15	9	5	76
15	11	1	96
15	11	2	31
15	11	3	27
15	11	4	42
15	11	5	72
15	13	1	83
15	13	2	31
15	13	3	16
15	13	4	57
15	13	5	91
15	2	1	84
15	2	2	51
15	2	3	10
15	2	4	46
15	2	5	98
15	8	1	98
15	8	2	57
15	8	3	29
15	8	4	55
15	8	5	96
15	10	1	86
15	10	2	41
15	10	3	15
15	10	4	57
15	10	5	78
15	14	1	88
15	14	2	42
15	14	3	11
15	14	4	50
15	14	5	81
0	11	1	94
0	11	2	45
0	11	3	26
0	11	4	51
0	11	5	93
0	13	1	88
0	13	2	30
0	13	3	19
0	13	4	56
0	13	5	88
0	5	1	71
0	5	2	48
0	5	3	19
0	5	4	40
0	5	5	97
0	15	1	100
0	15	2	60
0	15	3	23
0	15	4	51
0	15	5	81
0	2	1	72
0	2	2	34
0	2	3	27
0	2	4	37
0	2	5	85
0	4	1	88
0	4	2	35
0	4	3	21
0	4	4	31
0	4	5	86
0	12	1	86
0	12	2	47
0	12	3	14
0	12	4	55
0	12	5	79
0	10	1	100
0	10	2	32
0	10	3	23
0	10	4	36
0	10	5	97
0	8	1	94
0	8	2	33
0	8	3	23
0	8	4	59
0	8	5	82
0	9	1	98
0	9	2	51
0	9	3	12
0	9	4	58
0	9	5	71
0	7	1	70
0	7	2	34
0	7	3	22
0	7	4	30
0	7	5	77
0	14	1	82
0	14	2	33
0	14	3	25
0	14	4	56
0	14	5	94
0	6	1	88
0	6	2	59
0	6	3	29
0	6	4	34
0	6	5	83
0	1	1	82
0	1	2	32
0	1	3	23
0	1	4	36
0	1	5	97
0	3	1	94
0	3	2	43
0	3	3	14
0	3	4	50
0	3	5	97
11	0	1	82
11	0	2	51
11	0	3	10
11	0	4	49
11	0	5	98
13	0	1	75
13	0	2	50
13	0	3	11
13	0	4	57
13	0	5	85
5	0	1	78
5	0	2	37
5	0	3	26
5	0	4	48
5	0	5	76
15	0	1	72
15	0	2	38
15	0	3	11
15	0	4	53
15	0	5	75
2	0	1	93
2	0	2	42
2	0	3	27
2	0	4	39
2	0	5	99
4	0	1	78
4	0	2	37
4	0	3	24
4	0	4	41
4	0	5	81
12	0	1	92
12	0	2	37
12	0	3	17
12	0	4	32
12	0	5	72
10	0	1	72
10	0	2	55
10	0	3	21
10	0	4	37
10	0	5	90
8	0	1	70
8	0	2	51
8	0	3	23
8	0	4	36
8	0	5	91
9	0	1	70
9	0	2	45
9	0	3	19
9	0	4	46
9	0	5	87
7	0	1	95
7	0	2	49
7	0	3	27
7	0	4	44
7	0	5	93
14	0	1	98
14	0	2	57
14	0	3	30
14	0	4	37
14	0	5	77
6	0	1	84
6	0	2	48
6	0	3	29
6	0	4	36
6	0	5	80
1	0	1	80
1	0	2	30
1	0	3	12
1	0	4	47
1	0	5	70
3	0	1	73
3	0	2	34
3	0	3	29
3	0	4	55
3	0	5	81
;
param:	g:=
1	3	1	1	0.402749
1	3	1	2	0.720940
1	3	2	1	0.247702
1	3	2	2	0.293050
1	3	3	1	0.295088
1	3	3	2	0.364835
1	3	4	1	0.279143
1	3	4	2	0.357106
1	3	5	1	0.429105
1	3	5	2	0.807797
1	12	1	1	0.422358
1	12	1	2	0.785344
1	12	2	1	0.257070
1	12	2	2	0.306247
1	12	3	1	0.254672
1	12	3	2	0.307099
1	12	4	1	0.272696
1	12	4	2	0.341388
1	12	5	1	0.442913
1	12	5	2	0.854183
1	15	1	1	0.402749
1	15	1	2	0.720940
1	15	2	1	0.275847
1	15	2	2	0.348998
1	15	3	1	0.252324
1	15	3	2	0.302739
1	15	4	1	0.246187
1	15	4	2	0.287745
1	15	5	1	0.442913
1	15	5	2	0.854183
1	5	1	1	0.486811
1	5	1	2	1.005161
1	5	2	1	0.255055
1	5	2	2	0.302151
1	5	3	1	0.326472
1	5	3	2	0.399619
1	5	4	1	0.247069
1	5	4	2	0.288257
1	5	5	1	0.402749
1	5	5	2	0.720940
1	7	1	1	0.502258
1	7	1	2	1.059427
1	7	2	1	0.251580
1	7	2	2	0.295478
1	7	3	1	0.287219
1	7	3	2	0.355115
1	7	4	1	0.310446
1	7	4	2	0.439877
1	7	5	1	0.486811
1	7	5	2	1.005161
1	4	1	1	0.372215
1	4	1	2	0.623462
1	4	2	1	0.253223
1	4	2	2	0.298561
1	4	3	1	0.287219
1	4	3	2	0.355115
1	4	4	1	0.259262
1	4	4	2	0.310848
1	4	5	1	0.409180
1	4	5	2	0.741915
1	6	1	1	0.551002
1	6	1	2	1.234039
1	6	2	1	0.251580
1	6	2	2	0.295478
1	6	3	1	0.269185
1	6	3	2	0.330552
1	6	4	1	0.272696
1	6	4	2	0.341388
1	6	5	1	0.429105
1	6	5	2	0.807797
1	9	1	1	0.449973
1	9	1	2	0.878115
1	9	2	1	0.246187
1	9	2	2	0.287745
1	9	3	1	0.252324
1	9	3	2	0.302739
1	9	4	1	0.293733
1	9	4	2	0.394518
1	9	5	1	0.568043
1	9	5	2	1.296180
1	11	1	1	0.510132
1	11	1	2	1.087298
1	11	2	1	0.253223
1	11	2	2	0.298561
1	11	3	1	0.424417
1	11	3	2	0.487653
1	11	4	1	0.264155
1	11	4	2	0.321560
1	11	5	1	0.486811
1	11	5	2	1.005161
1	13	1	1	0.360770
1	13	1	2	0.587924
1	13	2	1	0.266846
1	13	2	2	0.327669
1	13	3	1	0.274382
1	13	3	2	0.338023
1	13	4	1	0.264155
1	13	4	2	0.321560
1	13	5	1	0.396426
1	13	5	2	0.700458
1	8	1	1	0.494484
1	8	1	2	1.032048
1	8	2	1	0.247702
1	8	2	2	0.293050
1	8	3	1	0.264683
1	8	3	2	0.323750
1	8	4	1	0.251580
1	8	4	2	0.295478
1	8	5	1	0.568043
1	8	5	2	1.296180
1	2	1	1	0.486811
1	2	1	2	1.005161
1	2	2	1	0.248870
1	2	2	2	0.295725
1	2	3	1	0.287219
1	2	3	2	0.355115
1	2	4	1	0.301833
1	2	4	2	0.416205
1	2	5	1	0.435957
1	2	5	2	0.830744
1	10	1	1	0.378104
1	10	1	2	0.641971
1	10	2	1	0.246353
1	10	2	2	0.289331
1	10	3	1	0.252324
1	10	3	2	0.302739
1	10	4	1	0.248870
1	10	4	2	0.295725
1	10	5	1	0.486811
1	10	5	2	1.005161
1	14	1	1	0.502258
1	14	1	2	1.059427
1	14	2	1	0.259262
1	14	2	2	0.310848
1	14	3	1	0.254672
1	14	3	2	0.307099
1	14	4	1	0.266846
1	14	4	2	0.327669
1	14	5	1	0.366437
1	14	5	2	0.605446
2	10	1	1	0.366437
2	10	1	2	0.605446
2	10	2	1	0.297717
2	10	2	2	0.405114
2	10	3	1	0.260803
2	10	3	2	0.317588
2	10	4	1	0.257070
2	10	4	2	0.306247
2	10	5	1	0.542629
2	10	5	2	1.203706
2	14	1	1	0.396426
2	14	1	2	0.700458
2	14	2	1	0.301833
2	14	2	2	0.416205
2	14	3	1	0.424417
2	14	3	2	0.487653
2	14	4	1	0.261626
2	14	4	2	0.315953
2	14	5	1	0.471770
2	14	5	2	0.952865
2	11	1	1	0.409180
2	11	1	2	0.741915
2	11	2	1	0.286163
2	11	2	2	0.374817
2	11	3	1	0.260803
2	11	3	2	0.317588
2	11	4	1	0.289880
2	11	4	2	0.384419
2	11	5	1	0.366437
2	11	5	2	0.605446
2	13	1	1	0.449973
2	13	1	2	0.878115
2	13	2	1	0.246131
2	13	2	2	0.288274
2	13	3	1	0.456768
2	13	3	2	0.513825
2	13	4	1	0.246504
2	13	4	2	0.287741
2	13	5	1	0.396426
2	13	5	2	0.700458
2	8	1	1	0.457136
2	8	1	2	0.902539
2	8	2	1	0.286163
2	8	2	2	0.374817
2	8	3	1	0.356456
2	8	3	2	0.428864
2	8	4	1	0.261626
2	8	4	2	0.315953
2	8	5	1	0.559473
2	8	5	2	1.264864
2	5	1	1	0.372215
2	5	1	2	0.623462
2	5	2	1	0.251580
2	5	2	2	0.295478
2	5	3	1	0.252324
2	5	3	2	0.302739
2	5	4	1	0.306076
2	5	4	2	0.427793
2	5	5	1	0.494484
2	5	5	2	1.032048
2	9	1	1	0.576712
2	9	1	2	1.327989
2	9	2	1	0.297717
2	9	2	2	0.405114
2	9	3	1	0.269185
2	9	3	2	0.330552
2	9	4	1	0.279143
2	9	4	2	0.357106
2	9	5	1	0.449973
2	9	5	2	0.878115
2	15	1	1	0.449973
2	15	1	2	0.878115
2	15	2	1	0.289880
2	15	2	2	0.384419
2	15	3	1	0.250401
2	15	3	2	0.298951
2	15	4	1	0.246131
2	15	4	2	0.288274
2	15	5	1	0.464402
2	15	5	2	0.927456
2	4	1	1	0.390210
2	4	1	2	0.680469
2	4	2	1	0.246870
2	4	2	2	0.290921
2	4	3	1	0.375359
2	4	3	2	0.446007
2	4	4	1	0.246131
2	4	4	2	0.288274
2	4	5	1	0.384103
2	4	5	2	0.660973
2	6	1	1	0.366437
2	6	1	2	0.605446
2	6	2	1	0.286163
2	6	2	2	0.374817
2	6	3	1	0.274382
2	6	3	2	0.338023
2	6	4	1	0.306076
2	6	4	2	0.427793
2	6	5	1	0.542629
2	6	5	2	1.203706
2	12	1	1	0.435957
2	12	1	2	0.830744
2	12	2	1	0.306076
2	12	2	2	0.427793
2	12	3	1	0.314502
2	12	3	2	0.386980
2	12	4	1	0.255055
2	12	4	2	0.302151
2	12	5	1	0.402749
2	12	5	2	0.720940
2	7	1	1	0.457136
2	7	1	2	0.902539
2	7	2	1	0.247702
2	7	2	2	0.293050
2	7	3	1	0.280358
2	7	3	2	0.346196
2	7	4	1	0.272696
2	7	4	2	0.341388
2	7	5	1	0.442913
2	7	5	2	0.854183
2	1	1	1	0.576712
2	1	1	2	1.327989
2	1	2	1	0.286163
2	1	2	2	0.374817
2	1	3	1	0.260803
2	1	3	2	0.317588
2	1	4	1	0.301833
2	1	4	2	0.416205
2	1	5	1	0.409180
2	1	5	2	0.741915
2	3	1	1	0.551002
2	3	1	2	1.234039
2	3	2	1	0.306076
2	3	2	2	0.427793
2	3	3	1	0.260803
2	3	3	2	0.317588
2	3	4	1	0.272696
2	3	4	2	0.341388
2	3	5	1	0.429105
2	3	5	2	0.807797
3	1	1	1	0.471770
3	1	1	2	0.952865
3	1	2	1	0.246504
3	1	2	2	0.287741
3	1	3	1	0.269185
3	1	3	2	0.330552
3	1	4	1	0.286163
3	1	4	2	0.374817
3	1	5	1	0.568043
3	1	5	2	1.296180
3	12	1	1	0.429105
3	12	1	2	0.807797
3	12	2	1	0.293733
3	12	2	2	0.394518
3	12	3	1	0.295088
3	12	3	2	0.364835
3	12	4	1	0.257070
3	12	4	2	0.306247
3	12	5	1	0.464402
3	12	5	2	0.927456
3	15	1	1	0.442913
3	15	1	2	0.854183
3	15	2	1	0.286163
3	15	2	2	0.374817
3	15	3	1	0.250401
3	15	3	2	0.298951
3	15	4	1	0.246131
3	15	4	2	0.288274
3	15	5	1	0.429105
3	15	5	2	0.807797
3	5	1	1	0.486811
3	5	1	2	1.005161
3	5	2	1	0.282583
3	5	2	2	0.365713
3	5	3	1	0.248870
3	5	3	2	0.295725
3	5	4	1	0.272696
3	5	4	2	0.341388
3	5	5	1	0.396426
3	5	5	2	0.700458
3	7	1	1	0.510132
3	7	1	2	1.087298
3	7	2	1	0.272696
3	7	2	2	0.341388
3	7	3	1	0.375359
3	7	3	2	0.446007
3	7	4	1	0.246870
3	7	4	2	0.290921
3	7	5	1	0.486811
3	7	5	2	1.005161
3	4	1	1	0.526181
3	4	1	2	1.144518
3	4	2	1	0.289880
3	4	2	2	0.384419
3	4	3	1	0.257483
3	4	3	2	0.312044
3	4	4	1	0.269695
3	4	4	2	0.334278
3	4	5	1	0.486811
3	4	5	2	1.005161
3	6	1	1	0.568043
3	6	1	2	1.296180
3	6	2	1	0.310446
3	6	2	2	0.439877
3	6	3	1	0.456768
3	6	3	2	0.513825
3	6	4	1	0.255055
3	6	4	2	0.302151
3	6	5	1	0.415716
3	6	5	2	0.763383
3	9	1	1	0.396426
3	9	1	2	0.700458
3	9	2	1	0.293733
3	9	2	2	0.394518
3	9	3	1	0.314502
3	9	3	2	0.386980
3	9	4	1	0.255055
3	9	4	2	0.302151
3	9	5	1	0.542629
3	9	5	2	1.203706
3	11	1	1	0.372215
3	11	1	2	0.623462
3	11	2	1	0.247702
3	11	2	2	0.293050
3	11	3	1	0.340328
3	11	3	2	0.413505
3	11	4	1	0.261626
3	11	4	2	0.315953
3	11	5	1	0.457136
3	11	5	2	0.902539
3	13	1	1	0.559473
3	13	1	2	1.264864
3	13	2	1	0.282583
3	13	2	2	0.365713
3	13	3	1	0.252324
3	13	3	2	0.302739
3	13	4	1	0.257070
3	13	4	2	0.306247
3	13	5	1	0.471770
3	13	5	2	0.952865
3	2	1	1	0.457136
3	2	1	2	0.902539
3	2	2	1	0.286163
3	2	2	2	0.374817
3	2	3	1	0.264683
3	2	3	2	0.323750
3	2	4	1	0.269695
3	2	4	2	0.334278
3	2	5	1	0.559473
3	2	5	2	1.264864
3	8	1	1	0.449973
3	8	1	2	0.878115
3	8	2	1	0.259262
3	8	2	2	0.310848
3	8	3	1	0.274382
3	8	3	2	0.338023
3	8	4	1	0.310446
3	8	4	2	0.439877
3	8	5	1	0.422358
3	8	5	2	0.785344
3	10	1	1	0.534355
3	10	1	2	1.173866
3	10	2	1	0.282583
3	10	2	2	0.365713
3	10	3	1	0.356456
3	10	3	2	0.428864
3	10	4	1	0.275847
3	10	4	2	0.348998
3	10	5	1	0.366437
3	10	5	2	0.605446
3	14	1	1	0.402749
3	14	1	2	0.720940
3	14	2	1	0.259262
3	14	2	2	0.310848
3	14	3	1	0.456768
3	14	3	2	0.513825
3	14	4	1	0.275847
3	14	4	2	0.348998
3	14	5	1	0.542629
3	14	5	2	1.203706
4	6	1	1	0.551002
4	6	1	2	1.234039
4	6	2	1	0.293733
4	6	2	2	0.394518
4	6	3	1	0.326472
4	6	3	2	0.399619
4	6	4	1	0.301833
4	6	4	2	0.416205
4	6	5	1	0.449973
4	6	5	2	0.878115
4	9	1	1	0.551002
4	9	1	2	1.234039
4	9	2	1	0.275847
4	9	2	2	0.348998
4	9	3	1	0.314502
4	9	3	2	0.386980
4	9	4	1	0.250135
4	9	4	2	0.292905
4	9	5	1	0.551002
4	9	5	2	1.234039
4	15	1	1	0.457136
4	15	1	2	0.902539
4	15	2	1	0.246353
4	15	2	2	0.289331
4	15	3	1	0.326472
4	15	3	2	0.399619
4	15	4	1	0.293733
4	15	4	2	0.394518
4	15	5	1	0.510132
4	15	5	2	1.087298
4	5	1	1	0.568043
4	5	1	2	1.296180
4	5	2	1	0.297717
4	5	2	2	0.405114
4	5	3	1	0.326472
4	5	3	2	0.399619
4	5	4	1	0.297717
4	5	4	2	0.405114
4	5	5	1	0.471770
4	5	5	2	0.952865
4	12	1	1	0.402749
4	12	1	2	0.720940
4	12	2	1	0.246187
4	12	2	2	0.287745
4	12	3	1	0.314502
4	12	3	2	0.386980
4	12	4	1	0.247069
4	12	4	2	0.288257
4	12	5	1	0.360770
4	12	5	2	0.587924
4	3	1	1	0.568043
4	3	1	2	1.296180
4	3	2	1	0.247069
4	3	2	2	0.288257
4	3	3	1	0.257483
4	3	3	2	0.312044
4	3	4	1	0.246131
4	3	4	2	0.288274
4	3	5	1	0.442913
4	3	5	2	0.854183
4	1	1	1	0.576712
4	1	1	2	1.327989
4	1	2	1	0.310446
4	1	2	2	0.439877
4	1	3	1	0.314502
4	1	3	2	0.386980
4	1	4	1	0.306076
4	1	4	2	0.427793
4	1	5	1	0.442913
4	1	5	2	0.854183
4	13	1	1	0.360770
4	13	1	2	0.587924
4	13	2	1	0.247870
4	13	2	2	0.289292
4	13	3	1	0.314502
4	13	3	2	0.386980
4	13	4	1	0.306076
4	13	4	2	0.427793
4	13	5	1	0.442913
4	13	5	2	0.854183
4	7	1	1	0.415716
4	7	1	2	0.763383
4	7	2	1	0.264155
4	7	2	2	0.321560
4	7	3	1	0.274382
4	7	3	2	0.338023
4	7	4	1	0.255055
4	7	4	2	0.302151
4	7	5	1	0.510132
4	7	5	2	1.087298
4	11	1	1	0.435957
4	11	1	2	0.830744
4	11	2	1	0.272696
4	11	2	2	0.341388
4	11	3	1	0.326472
4	11	3	2	0.399619
4	11	4	1	0.257070
4	11	4	2	0.306247
4	11	5	1	0.449973
4	11	5	2	0.878115
4	2	1	1	0.542629
4	2	1	2	1.203706
4	2	2	1	0.282583
4	2	2	2	0.365713
4	2	3	1	0.340328
4	2	3	2	0.413505
4	2	4	1	0.275847
4	2	4	2	0.348998
4	2	5	1	0.378104
4	2	5	2	0.641971
4	10	1	1	0.402749
4	10	1	2	0.720940
4	10	2	1	0.275847
4	10	2	2	0.348998
4	10	3	1	0.280358
4	10	3	2	0.346196
4	10	4	1	0.250135
4	10	4	2	0.292905
4	10	5	1	0.510132
4	10	5	2	1.087298
4	14	1	1	0.422358
4	14	1	2	0.785344
4	14	2	1	0.255055
4	14	2	2	0.302151
4	14	3	1	0.260803
4	14	3	2	0.317588
4	14	4	1	0.286163
4	14	4	2	0.374817
4	14	5	1	0.422358
4	14	5	2	0.785344
4	8	1	1	0.542629
4	8	1	2	1.203706
4	8	2	1	0.253223
4	8	2	2	0.298561
4	8	3	1	0.274382
4	8	3	2	0.338023
4	8	4	1	0.246353
4	8	4	2	0.289331
4	8	5	1	0.435957
4	8	5	2	0.830744
5	15	1	1	0.366437
5	15	1	2	0.605446
5	15	2	1	0.266846
5	15	2	2	0.327669
5	15	3	1	0.280358
5	15	3	2	0.346196
5	15	4	1	0.247870
5	15	4	2	0.289292
5	15	5	1	0.486811
5	15	5	2	1.005161
5	12	1	1	0.551002
5	12	1	2	1.234039
5	12	2	1	0.279143
5	12	2	2	0.357106
5	12	3	1	0.264683
5	12	3	2	0.323750
5	12	4	1	0.282583
5	12	4	2	0.365713
5	12	5	1	0.534355
5	12	5	2	1.173866
5	4	1	1	0.494484
5	4	1	2	1.032048
5	4	2	1	0.297717
5	4	2	2	0.405114
5	4	3	1	0.375359
5	4	3	2	0.446007
5	4	4	1	0.261626
5	4	4	2	0.315953
5	4	5	1	0.384103
5	4	5	2	0.660973
5	3	1	1	0.518107
5	3	1	2	1.115662
5	3	2	1	0.250135
5	3	2	2	0.292905
5	3	3	1	0.260803
5	3	3	2	0.317588
5	3	4	1	0.261626
5	3	4	2	0.315953
5	3	5	1	0.366437
5	3	5	2	0.605446
5	1	1	1	0.551002
5	1	1	2	1.234039
5	1	2	1	0.289880
5	1	2	2	0.384419
5	1	3	1	0.269185
5	1	3	2	0.330552
5	1	4	1	0.253223
5	1	4	2	0.298561
5	1	5	1	0.429105
5	1	5	2	0.807797
5	7	1	1	0.378104
5	7	1	2	0.641971
5	7	2	1	0.293733
5	7	2	2	0.394518
5	7	3	1	0.340328
5	7	3	2	0.413505
5	7	4	1	0.282583
5	7	4	2	0.365713
5	7	5	1	0.442913
5	7	5	2	0.854183
5	6	1	1	0.442913
5	6	1	2	0.854183
5	6	2	1	0.269695
5	6	2	2	0.334278
5	6	3	1	0.250401
5	6	3	2	0.298951
5	6	4	1	0.257070
5	6	4	2	0.306247
5	6	5	1	0.486811
5	6	5	2	1.005161
5	9	1	1	0.372215
5	9	1	2	0.623462
5	9	2	1	0.246187
5	9	2	2	0.287745
5	9	3	1	0.280358
5	9	3	2	0.346196
5	9	4	1	0.269695
5	9	4	2	0.334278
5	9	5	1	0.479240
5	9	5	2	0.978767
5	11	1	1	0.390210
5	11	1	2	0.680469
5	11	2	1	0.279143
5	11	2	2	0.357106
5	11	3	1	0.260803
5	11	3	2	0.317588
5	11	4	1	0.289880
5	11	4	2	0.384419
5	11	5	1	0.422358
5	11	5	2	0.785344
5	13	1	1	0.442913
5	13	1	2	0.854183
5	13	2	1	0.246353
5	13	2	2	0.289331
5	13	3	1	0.257483
5	13	3	2	0.312044
5	13	4	1	0.286163
5	13	4	2	0.374817
5	13	5	1	0.435957
5	13	5	2	0.830744
5	2	1	1	0.435957
5	2	1	2	0.830744
5	2	2	1	0.279143
5	2	2	2	0.357106
5	2	3	1	0.248870
5	2	3	2	0.295725
5	2	4	1	0.279143
5	2	4	2	0.357106
5	2	5	1	0.449973
5	2	5	2	0.878115
5	8	1	1	0.542629
5	8	1	2	1.203706
5	8	2	1	0.246131
5	8	2	2	0.288274
5	8	3	1	0.252324
5	8	3	2	0.302739
5	8	4	1	0.253223
5	8	4	2	0.298561
5	8	5	1	0.402749
5	8	5	2	0.720940
5	10	1	1	0.372215
5	10	1	2	0.623462
5	10	2	1	0.246870
5	10	2	2	0.290921
5	10	3	1	0.295088
5	10	3	2	0.364835
5	10	4	1	0.275847
5	10	4	2	0.348998
5	10	5	1	0.390210
5	10	5	2	0.680469
5	14	1	1	0.396426
5	14	1	2	0.700458
5	14	2	1	0.306076
5	14	2	2	0.427793
5	14	3	1	0.375359
5	14	3	2	0.446007
5	14	4	1	0.253223
5	14	4	2	0.298561
5	14	5	1	0.390210
5	14	5	2	0.680469
6	4	1	1	0.502258
6	4	1	2	1.059427
6	4	2	1	0.251580
6	4	2	2	0.295478
6	4	3	1	0.254672
6	4	3	2	0.307099
6	4	4	1	0.247702
6	4	4	2	0.293050
6	4	5	1	0.568043
6	4	5	2	1.296180
6	9	1	1	0.568043
6	9	1	2	1.296180
6	9	2	1	0.279143
6	9	2	2	0.357106
6	9	3	1	0.287219
6	9	3	2	0.355115
6	9	4	1	0.248870
6	9	4	2	0.295725
6	9	5	1	0.502258
6	9	5	2	1.059427
6	15	1	1	0.360770
6	15	1	2	0.587924
6	15	2	1	0.282583
6	15	2	2	0.365713
6	15	3	1	0.280358
6	15	3	2	0.346196
6	15	4	1	0.310446
6	15	4	2	0.439877
6	15	5	1	0.479240
6	15	5	2	0.978767
6	5	1	1	0.384103
6	5	1	2	0.660973
6	5	2	1	0.264155
6	5	2	2	0.321560
6	5	3	1	0.269185
6	5	3	2	0.330552
6	5	4	1	0.247870
6	5	4	2	0.289292
6	5	5	1	0.409180
6	5	5	2	0.741915
6	12	1	1	0.372215
6	12	1	2	0.623462
6	12	2	1	0.246187
6	12	2	2	0.287745
6	12	3	1	0.280358
6	12	3	2	0.346196
6	12	4	1	0.282583
6	12	4	2	0.365713
6	12	5	1	0.429105
6	12	5	2	0.807797
6	3	1	1	0.534355
6	3	1	2	1.173866
6	3	2	1	0.247870
6	3	2	2	0.289292
6	3	3	1	0.456768
6	3	3	2	0.513825
6	3	4	1	0.306076
6	3	4	2	0.427793
6	3	5	1	0.486811
6	3	5	2	1.005161
6	1	1	1	0.568043
6	1	1	2	1.296180
6	1	2	1	0.293733
6	1	2	2	0.394518
6	1	3	1	0.248870
6	1	3	2	0.295725
6	1	4	1	0.257070
6	1	4	2	0.306247
6	1	5	1	0.429105
6	1	5	2	0.807797
6	13	1	1	0.378104
6	13	1	2	0.641971
6	13	2	1	0.247069
6	13	2	2	0.288257
6	13	3	1	0.287219
6	13	3	2	0.355115
6	13	4	1	0.247702
6	13	4	2	0.293050
6	13	5	1	0.384103
6	13	5	2	0.660973
6	11	1	1	0.402749
6	11	1	2	0.720940
6	11	2	1	0.264155
6	11	2	2	0.321560
6	11	3	1	0.252324
6	11	3	2	0.302739
6	11	4	1	0.253223
6	11	4	2	0.298561
6	11	5	1	0.390210
6	11	5	2	0.680469
6	7	1	1	0.479240
6	7	1	2	0.978767
6	7	2	1	0.247702
6	7	2	2	0.293050
6	7	3	1	0.397708
6	7	3	2	0.465383
6	7	4	1	0.259262
6	7	4	2	0.310848
6	7	5	1	0.568043
6	7	5	2	1.296180
6	2	1	1	0.378104
6	2	1	2	0.641971
6	2	2	1	0.266846
6	2	2	2	0.327669
6	2	3	1	0.280358
6	2	3	2	0.346196
6	2	4	1	0.269695
6	2	4	2	0.334278
6	2	5	1	0.415716
6	2	5	2	0.763383
6	10	1	1	0.479240
6	10	1	2	0.978767
6	10	2	1	0.253223
6	10	2	2	0.298561
6	10	3	1	0.274382
6	10	3	2	0.338023
6	10	4	1	0.306076
6	10	4	2	0.427793
6	10	5	1	0.415716
6	10	5	2	0.763383
6	14	1	1	0.551002
6	14	1	2	1.234039
6	14	2	1	0.275847
6	14	2	2	0.348998
6	14	3	1	0.274382
6	14	3	2	0.338023
6	14	4	1	0.246870
6	14	4	2	0.290921
6	14	5	1	0.494484
6	14	5	2	1.032048
6	8	1	1	0.390210
6	8	1	2	0.680469
6	8	2	1	0.282583
6	8	2	2	0.365713
6	8	3	1	0.269185
6	8	3	2	0.330552
6	8	4	1	0.275847
6	8	4	2	0.348998
6	8	5	1	0.429105
6	8	5	2	0.807797
7	12	1	1	0.576712
7	12	1	2	1.327989
7	12	2	1	0.269695
7	12	2	2	0.334278
7	12	3	1	0.456768
7	12	3	2	0.513825
7	12	4	1	0.250135
7	12	4	2	0.292905
7	12	5	1	0.422358
7	12	5	2	0.785344
7	1	1	1	0.415716
7	1	1	2	0.763383
7	1	2	1	0.251580
7	1	2	2	0.295478
7	1	3	1	0.250401
7	1	3	2	0.298951
7	1	4	1	0.293733
7	1	4	2	0.394518
7	1	5	1	0.568043
7	1	5	2	1.296180
7	15	1	1	0.415716
7	15	1	2	0.763383
7	15	2	1	0.247870
7	15	2	2	0.289292
7	15	3	1	0.248870
7	15	3	2	0.295725
7	15	4	1	0.248895
7	15	4	2	0.290842
7	15	5	1	0.559473
7	15	5	2	1.264864
7	3	1	1	0.429105
7	3	1	2	0.807797
7	3	2	1	0.269695
7	3	2	2	0.334278
7	3	3	1	0.248870
7	3	3	2	0.295725
7	3	4	1	0.301833
7	3	4	2	0.416205
7	3	5	1	0.510132
7	3	5	2	1.087298
7	5	1	1	0.568043
7	5	1	2	1.296180
7	5	2	1	0.261626
7	5	2	2	0.315953
7	5	3	1	0.287219
7	5	3	2	0.355115
7	5	4	1	0.246187
7	5	4	2	0.287745
7	5	5	1	0.396426
7	5	5	2	0.700458
7	4	1	1	0.486811
7	4	1	2	1.005161
7	4	2	1	0.282583
7	4	2	2	0.365713
7	4	3	1	0.326472
7	4	3	2	0.399619
7	4	4	1	0.264155
7	4	4	2	0.321560
7	4	5	1	0.422358
7	4	5	2	0.785344
7	11	1	1	0.422358
7	11	1	2	0.785344
7	11	2	1	0.253223
7	11	2	2	0.298561
7	11	3	1	0.269185
7	11	3	2	0.330552
7	11	4	1	0.293733
7	11	4	2	0.394518
7	11	5	1	0.457136
7	11	5	2	0.902539
7	6	1	1	0.429105
7	6	1	2	0.807797
7	6	2	1	0.310446
7	6	2	2	0.439877
7	6	3	1	0.264683
7	6	3	2	0.323750
7	6	4	1	0.293733
7	6	4	2	0.394518
7	6	5	1	0.384103
7	6	5	2	0.660973
7	13	1	1	0.449973
7	13	1	2	0.878115
7	13	2	1	0.269695
7	13	2	2	0.334278
7	13	3	1	0.375359
7	13	3	2	0.446007
7	13	4	1	0.246131
7	13	4	2	0.288274
7	13	5	1	0.435957
7	13	5	2	0.830744
7	9	1	1	0.366437
7	9	1	2	0.605446
7	9	2	1	0.257070
7	9	2	2	0.306247
7	9	3	1	0.397708
7	9	3	2	0.465383
7	9	4	1	0.272696
7	9	4	2	0.341388
7	9	5	1	0.464402
7	9	5	2	0.927456
7	8	1	1	0.464402
7	8	1	2	0.927456
7	8	2	1	0.275847
7	8	2	2	0.348998
7	8	3	1	0.314502
7	8	3	2	0.386980
7	8	4	1	0.248895
7	8	4	2	0.290842
7	8	5	1	0.360770
7	8	5	2	0.587924
7	2	1	1	0.402749
7	2	1	2	0.720940
7	2	2	1	0.248895
7	2	2	2	0.290842
7	2	3	1	0.340328
7	2	3	2	0.413505
7	2	4	1	0.261626
7	2	4	2	0.315953
7	2	5	1	0.551002
7	2	5	2	1.234039
7	10	1	1	0.429105
7	10	1	2	0.807797
7	10	2	1	0.250135
7	10	2	2	0.292905
7	10	3	1	0.252324
7	10	3	2	0.302739
7	10	4	1	0.246504
7	10	4	2	0.287741
7	10	5	1	0.568043
7	10	5	2	1.296180
7	14	1	1	0.366437
7	14	1	2	0.605446
7	14	2	1	0.286163
7	14	2	2	0.374817
7	14	3	1	0.250401
7	14	3	2	0.298951
7	14	4	1	0.264155
7	14	4	2	0.321560
7	14	5	1	0.534355
7	14	5	2	1.173866
8	10	1	1	0.526181
8	10	1	2	1.144518
8	10	2	1	0.275847
8	10	2	2	0.348998
8	10	3	1	0.287219
8	10	3	2	0.355115
8	10	4	1	0.259262
8	10	4	2	0.310848
8	10	5	1	0.378104
8	10	5	2	0.641971
8	11	1	1	0.510132
8	11	1	2	1.087298
8	11	2	1	0.246353
8	11	2	2	0.289331
8	11	3	1	0.424417
8	11	3	2	0.487653
8	11	4	1	0.251580
8	11	4	2	0.295478
8	11	5	1	0.502258
8	11	5	2	1.059427
8	14	1	1	0.464402
8	14	1	2	0.927456
8	14	2	1	0.297717
8	14	2	2	0.405114
8	14	3	1	0.287219
8	14	3	2	0.355115
8	14	4	1	0.259262
8	14	4	2	0.310848
8	14	5	1	0.372215
8	14	5	2	0.623462
8	2	1	1	0.568043
8	2	1	2	1.296180
8	2	2	1	0.248870
8	2	2	2	0.295725
8	2	3	1	0.375359
8	2	3	2	0.446007
8	2	4	1	0.293733
8	2	4	2	0.394518
8	2	5	1	0.409180
8	2	5	2	0.741915
8	13	1	1	0.360770
8	13	1	2	0.587924
8	13	2	1	0.259262
8	13	2	2	0.310848
8	13	3	1	0.252324
8	13	3	2	0.302739
8	13	4	1	0.310446
8	13	4	2	0.439877
8	13	5	1	0.402749
8	13	5	2	0.720940
8	5	1	1	0.422358
8	5	1	2	0.785344
8	5	2	1	0.247702
8	5	2	2	0.293050
8	5	3	1	0.287219
8	5	3	2	0.355115
8	5	4	1	0.253223
8	5	4	2	0.298561
8	5	5	1	0.494484
8	5	5	2	1.032048
8	15	1	1	0.479240
8	15	1	2	0.978767
8	15	2	1	0.257070
8	15	2	2	0.306247
8	15	3	1	0.252324
8	15	3	2	0.302739
8	15	4	1	0.261626
8	15	4	2	0.315953
8	15	5	1	0.464402
8	15	5	2	0.927456
8	7	1	1	0.534355
8	7	1	2	1.173866
8	7	2	1	0.246187
8	7	2	2	0.287745
8	7	3	1	0.287219
8	7	3	2	0.355115
8	7	4	1	0.248895
8	7	4	2	0.290842
8	7	5	1	0.402749
8	7	5	2	0.720940
8	12	1	1	0.568043
8	12	1	2	1.296180
8	12	2	1	0.246353
8	12	2	2	0.289331
8	12	3	1	0.257483
8	12	3	2	0.312044
8	12	4	1	0.247702
8	12	4	2	0.293050
8	12	5	1	0.378104
8	12	5	2	0.641971
8	4	1	1	0.435957
8	4	1	2	0.830744
8	4	2	1	0.246131
8	4	2	2	0.288274
8	4	3	1	0.456768
8	4	3	2	0.513825
8	4	4	1	0.266846
8	4	4	2	0.327669
8	4	5	1	0.435957
8	4	5	2	0.830744
8	1	1	1	0.366437
8	1	1	2	0.605446
8	1	2	1	0.247069
8	1	2	2	0.288257
8	1	3	1	0.424417
8	1	3	2	0.487653
8	1	4	1	0.246353
8	1	4	2	0.289331
8	1	5	1	0.471770
8	1	5	2	0.952865
8	3	1	1	0.486811
8	3	1	2	1.005161
8	3	2	1	0.248870
8	3	2	2	0.295725
8	3	3	1	0.326472
8	3	3	2	0.399619
8	3	4	1	0.246131
8	3	4	2	0.288274
8	3	5	1	0.486811
8	3	5	2	1.005161
8	9	1	1	0.534355
8	9	1	2	1.173866
8	9	2	1	0.289880
8	9	2	2	0.384419
8	9	3	1	0.356456
8	9	3	2	0.428864
8	9	4	1	0.269695
8	9	4	2	0.334278
8	9	5	1	0.415716
8	9	5	2	0.763383
8	6	1	1	0.435957
8	6	1	2	0.830744
8	6	2	1	0.301833
8	6	2	2	0.416205
8	6	3	1	0.264683
8	6	3	2	0.323750
8	6	4	1	0.247870
8	6	4	2	0.289292
8	6	5	1	0.372215
8	6	5	2	0.623462
9	6	1	1	0.479240
9	6	1	2	0.978767
9	6	2	1	0.251580
9	6	2	2	0.295478
9	6	3	1	0.250401
9	6	3	2	0.298951
9	6	4	1	0.279143
9	6	4	2	0.357106
9	6	5	1	0.372215
9	6	5	2	0.623462
9	4	1	1	0.471770
9	4	1	2	0.952865
9	4	2	1	0.286163
9	4	2	2	0.374817
9	4	3	1	0.269185
9	4	3	2	0.330552
9	4	4	1	0.246870
9	4	4	2	0.290921
9	4	5	1	0.479240
9	4	5	2	0.978767
9	5	1	1	0.542629
9	5	1	2	1.203706
9	5	2	1	0.272696
9	5	2	2	0.341388
9	5	3	1	0.252324
9	5	3	2	0.302739
9	5	4	1	0.293733
9	5	4	2	0.394518
9	5	5	1	0.372215
9	5	5	2	0.623462
9	15	1	1	0.402749
9	15	1	2	0.720940
9	15	2	1	0.250135
9	15	2	2	0.292905
9	15	3	1	0.287219
9	15	3	2	0.355115
9	15	4	1	0.282583
9	15	4	2	0.365713
9	15	5	1	0.396426
9	15	5	2	0.700458
9	13	1	1	0.384103
9	13	1	2	0.660973
9	13	2	1	0.269695
9	13	2	2	0.334278
9	13	3	1	0.260803
9	13	3	2	0.317588
9	13	4	1	0.297717
9	13	4	2	0.405114
9	13	5	1	0.390210
9	13	5	2	0.680469
9	12	1	1	0.402749
9	12	1	2	0.720940
9	12	2	1	0.264155
9	12	2	2	0.321560
9	12	3	1	0.356456
9	12	3	2	0.428864
9	12	4	1	0.253223
9	12	4	2	0.298561
9	12	5	1	0.568043
9	12	5	2	1.296180
9	3	1	1	0.449973
9	3	1	2	0.878115
9	3	2	1	0.251580
9	3	2	2	0.295478
9	3	3	1	0.264683
9	3	3	2	0.323750
9	3	4	1	0.246504
9	3	4	2	0.287741
9	3	5	1	0.372215
9	3	5	2	0.623462
9	1	1	1	0.378104
9	1	1	2	0.641971
9	1	2	1	0.246870
9	1	2	2	0.290921
9	1	3	1	0.248870
9	1	3	2	0.295725
9	1	4	1	0.248870
9	1	4	2	0.295725
9	1	5	1	0.415716
9	1	5	2	0.763383
9	11	1	1	0.494484
9	11	1	2	1.032048
9	11	2	1	0.251580
9	11	2	2	0.295478
9	11	3	1	0.280358
9	11	3	2	0.346196
9	11	4	1	0.282583
9	11	4	2	0.365713
9	11	5	1	0.435957
9	11	5	2	0.830744
9	2	1	1	0.510132
9	2	1	2	1.087298
9	2	2	1	0.247069
9	2	2	2	0.288257
9	2	3	1	0.260803
9	2	3	2	0.317588
9	2	4	1	0.272696
9	2	4	2	0.341388
9	2	5	1	0.435957
9	2	5	2	0.830744
9	7	1	1	0.378104
9	7	1	2	0.641971
9	7	2	1	0.247702
9	7	2	2	0.293050
9	7	3	1	0.269185
9	7	3	2	0.330552
9	7	4	1	0.246187
9	7	4	2	0.287745
9	7	5	1	0.390210
9	7	5	2	0.680469
9	10	1	1	0.360770
9	10	1	2	0.587924
9	10	2	1	0.261626
9	10	2	2	0.315953
9	10	3	1	0.264683
9	10	3	2	0.323750
9	10	4	1	0.266846
9	10	4	2	0.327669
9	10	5	1	0.542629
9	10	5	2	1.203706
9	14	1	1	0.534355
9	14	1	2	1.173866
9	14	2	1	0.250135
9	14	2	2	0.292905
9	14	3	1	0.250401
9	14	3	2	0.298951
9	14	4	1	0.266846
9	14	4	2	0.327669
9	14	5	1	0.396426
9	14	5	2	0.700458
9	8	1	1	0.494484
9	8	1	2	1.032048
9	8	2	1	0.246504
9	8	2	2	0.287741
9	8	3	1	0.340328
9	8	3	2	0.413505
9	8	4	1	0.297717
9	8	4	2	0.405114
9	8	5	1	0.429105
9	8	5	2	0.807797
10	14	1	1	0.479240
10	14	1	2	0.978767
10	14	2	1	0.289880
10	14	2	2	0.384419
10	14	3	1	0.264683
10	14	3	2	0.323750
10	14	4	1	0.247702
10	14	4	2	0.293050
10	14	5	1	0.568043
10	14	5	2	1.296180
10	2	1	1	0.366437
10	2	1	2	0.605446
10	2	2	1	0.261626
10	2	2	2	0.315953
10	2	3	1	0.264683
10	2	3	2	0.323750
10	2	4	1	0.289880
10	2	4	2	0.384419
10	2	5	1	0.479240
10	2	5	2	0.978767
10	11	1	1	0.442913
10	11	1	2	0.854183
10	11	2	1	0.297717
10	11	2	2	0.405114
10	11	3	1	0.252324
10	11	3	2	0.302739
10	11	4	1	0.306076
10	11	4	2	0.427793
10	11	5	1	0.559473
10	11	5	2	1.264864
10	8	1	1	0.542629
10	8	1	2	1.203706
10	8	2	1	0.246353
10	8	2	2	0.289331
10	8	3	1	0.252324
10	8	3	2	0.302739
10	8	4	1	0.257070
10	8	4	2	0.306247
10	8	5	1	0.415716
10	8	5	2	0.763383
10	13	1	1	0.435957
10	13	1	2	0.830744
10	13	2	1	0.261626
10	13	2	2	0.315953
10	13	3	1	0.326472
10	13	3	2	0.399619
10	13	4	1	0.306076
10	13	4	2	0.427793
10	13	5	1	0.494484
10	13	5	2	1.032048
10	5	1	1	0.442913
10	5	1	2	0.854183
10	5	2	1	0.255055
10	5	2	2	0.302151
10	5	3	1	0.260803
10	5	3	2	0.317588
10	5	4	1	0.310446
10	5	4	2	0.439877
10	5	5	1	0.568043
10	5	5	2	1.296180
10	15	1	1	0.384103
10	15	1	2	0.660973
10	15	2	1	0.246187
10	15	2	2	0.287745
10	15	3	1	0.260803
10	15	3	2	0.317588
10	15	4	1	0.247069
10	15	4	2	0.288257
10	15	5	1	0.559473
10	15	5	2	1.264864
10	9	1	1	0.534355
10	9	1	2	1.173866
10	9	2	1	0.289880
10	9	2	2	0.384419
10	9	3	1	0.356456
10	9	3	2	0.428864
10	9	4	1	0.282583
10	9	4	2	0.365713
10	9	5	1	0.526181
10	9	5	2	1.144518
10	4	1	1	0.559473
10	4	1	2	1.264864
10	4	2	1	0.264155
10	4	2	2	0.321560
10	4	3	1	0.269185
10	4	3	2	0.330552
10	4	4	1	0.248870
10	4	4	2	0.295725
10	4	5	1	0.518107
10	4	5	2	1.115662
10	6	1	1	0.542629
10	6	1	2	1.203706
10	6	2	1	0.246187
10	6	2	2	0.287745
10	6	3	1	0.295088
10	6	3	2	0.364835
10	6	4	1	0.264155
10	6	4	2	0.321560
10	6	5	1	0.378104
10	6	5	2	0.641971
10	7	1	1	0.435957
10	7	1	2	0.830744
10	7	2	1	0.248870
10	7	2	2	0.295725
10	7	3	1	0.456768
10	7	3	2	0.513825
10	7	4	1	0.297717
10	7	4	2	0.405114
10	7	5	1	0.360770
10	7	5	2	0.587924
10	12	1	1	0.415716
10	12	1	2	0.763383
10	12	2	1	0.250135
10	12	2	2	0.292905
10	12	3	1	0.314502
10	12	3	2	0.386980
10	12	4	1	0.247069
10	12	4	2	0.288257
10	12	5	1	0.372215
10	12	5	2	0.623462
10	1	1	1	0.360770
10	1	1	2	0.587924
10	1	2	1	0.289880
10	1	2	2	0.384419
10	1	3	1	0.424417
10	1	3	2	0.487653
10	1	4	1	0.251580
10	1	4	2	0.295478
10	1	5	1	0.435957
10	1	5	2	0.830744
10	3	1	1	0.502258
10	3	1	2	1.059427
10	3	2	1	0.293733
10	3	2	2	0.394518
10	3	3	1	0.280358
10	3	3	2	0.346196
10	3	4	1	0.246870
10	3	4	2	0.290921
10	3	5	1	0.435957
10	3	5	2	0.830744
11	13	1	1	0.534355
11	13	1	2	1.173866
11	13	2	1	0.310446
11	13	2	2	0.439877
11	13	3	1	0.295088
11	13	3	2	0.364835
11	13	4	1	0.259262
11	13	4	2	0.310848
11	13	5	1	0.384103
11	13	5	2	0.660973
11	2	1	1	0.396426
11	2	1	2	0.700458
11	2	2	1	0.246187
11	2	2	2	0.287745
11	2	3	1	0.274382
11	2	3	2	0.338023
11	2	4	1	0.272696
11	2	4	2	0.341388
11	2	5	1	0.486811
11	2	5	2	1.005161
11	10	1	1	0.378104
11	10	1	2	0.641971
11	10	2	1	0.248870
11	10	2	2	0.295725
11	10	3	1	0.264683
11	10	3	2	0.323750
11	10	4	1	0.261626
11	10	4	2	0.315953
11	10	5	1	0.415716
11	10	5	2	0.763383
11	14	1	1	0.442913
11	14	1	2	0.854183
11	14	2	1	0.253223
11	14	2	2	0.298561
11	14	3	1	0.274382
11	14	3	2	0.338023
11	14	4	1	0.251580
11	14	4	2	0.295478
11	14	5	1	0.442913
11	14	5	2	0.854183
11	8	1	1	0.402749
11	8	1	2	0.720940
11	8	2	1	0.289880
11	8	2	2	0.384419
11	8	3	1	0.340328
11	8	3	2	0.413505
11	8	4	1	0.310446
11	8	4	2	0.439877
11	8	5	1	0.471770
11	8	5	2	0.952865
11	5	1	1	0.510132
11	5	1	2	1.087298
11	5	2	1	0.246504
11	5	2	2	0.287741
11	5	3	1	0.260803
11	5	3	2	0.317588
11	5	4	1	0.272696
11	5	4	2	0.341388
11	5	5	1	0.360770
11	5	5	2	0.587924
11	15	1	1	0.396426
11	15	1	2	0.700458
11	15	2	1	0.247702
11	15	2	2	0.293050
11	15	3	1	0.280358
11	15	3	2	0.346196
11	15	4	1	0.247702
11	15	4	2	0.293050
11	15	5	1	0.366437
11	15	5	2	0.605446
11	4	1	1	0.494484
11	4	1	2	1.032048
11	4	2	1	0.272696
11	4	2	2	0.341388
11	4	3	1	0.287219
11	4	3	2	0.355115
11	4	4	1	0.250135
11	4	4	2	0.292905
11	4	5	1	0.449973
11	4	5	2	0.878115
11	9	1	1	0.559473
11	9	1	2	1.264864
11	9	2	1	0.246353
11	9	2	2	0.289331
11	9	3	1	0.280358
11	9	3	2	0.346196
11	9	4	1	0.253223
11	9	4	2	0.298561
11	9	5	1	0.551002
11	9	5	2	1.234039
11	12	1	1	0.494484
11	12	1	2	1.032048
11	12	2	1	0.248870
11	12	2	2	0.295725
11	12	3	1	0.264683
11	12	3	2	0.323750
11	12	4	1	0.246504
11	12	4	2	0.287741
11	12	5	1	0.471770
11	12	5	2	0.952865
11	6	1	1	0.534355
11	6	1	2	1.173866
11	6	2	1	0.248895
11	6	2	2	0.290842
11	6	3	1	0.314502
11	6	3	2	0.386980
11	6	4	1	0.246353
11	6	4	2	0.289331
11	6	5	1	0.366437
11	6	5	2	0.605446
11	7	1	1	0.502258
11	7	1	2	1.059427
11	7	2	1	0.246131
11	7	2	2	0.288274
11	7	3	1	0.248870
11	7	3	2	0.295725
11	7	4	1	0.261626
11	7	4	2	0.315953
11	7	5	1	0.559473
11	7	5	2	1.264864
11	1	1	1	0.576712
11	1	1	2	1.327989
11	1	2	1	0.246504
11	1	2	2	0.287741
11	1	3	1	0.397708
11	1	3	2	0.465383
11	1	4	1	0.247069
11	1	4	2	0.288257
11	1	5	1	0.559473
11	1	5	2	1.264864
11	3	1	1	0.360770
11	3	1	2	0.587924
11	3	2	1	0.250135
11	3	2	2	0.292905
11	3	3	1	0.287219
11	3	3	2	0.355115
11	3	4	1	0.279143
11	3	4	2	0.357106
11	3	5	1	0.534355
11	3	5	2	1.173866
12	1	1	1	0.559473
12	1	1	2	1.264864
12	1	2	1	0.279143
12	1	2	2	0.357106
12	1	3	1	0.340328
12	1	3	2	0.413505
12	1	4	1	0.253223
12	1	4	2	0.298561
12	1	5	1	0.510132
12	1	5	2	1.087298
12	3	1	1	0.442913
12	3	1	2	0.854183
12	3	2	1	0.261626
12	3	2	2	0.315953
12	3	3	1	0.326472
12	3	3	2	0.399619
12	3	4	1	0.310446
12	3	4	2	0.439877
12	3	5	1	0.396426
12	3	5	2	0.700458
12	15	1	1	0.360770
12	15	1	2	0.587924
12	15	2	1	0.247069
12	15	2	2	0.288257
12	15	3	1	0.295088
12	15	3	2	0.364835
12	15	4	1	0.248870
12	15	4	2	0.295725
12	15	5	1	0.372215
12	15	5	2	0.623462
12	5	1	1	0.442913
12	5	1	2	0.854183
12	5	2	1	0.246870
12	5	2	2	0.290921
12	5	3	1	0.456768
12	5	3	2	0.513825
12	5	4	1	0.246131
12	5	4	2	0.288274
12	5	5	1	0.449973
12	5	5	2	0.878115
12	7	1	1	0.457136
12	7	1	2	0.902539
12	7	2	1	0.246353
12	7	2	2	0.289331
12	7	3	1	0.304119
12	7	3	2	0.375426
12	7	4	1	0.301833
12	7	4	2	0.416205
12	7	5	1	0.518107
12	7	5	2	1.115662
12	4	1	1	0.435957
12	4	1	2	0.830744
12	4	2	1	0.247870
12	4	2	2	0.289292
12	4	3	1	0.356456
12	4	3	2	0.428864
12	4	4	1	0.272696
12	4	4	2	0.341388
12	4	5	1	0.526181
12	4	5	2	1.144518
12	6	1	1	0.486811
12	6	1	2	1.005161
12	6	2	1	0.259262
12	6	2	2	0.310848
12	6	3	1	0.257483
12	6	3	2	0.312044
12	6	4	1	0.297717
12	6	4	2	0.405114
12	6	5	1	0.457136
12	6	5	2	0.902539
12	9	1	1	0.384103
12	9	1	2	0.660973
12	9	2	1	0.310446
12	9	2	2	0.439877
12	9	3	1	0.314502
12	9	3	2	0.386980
12	9	4	1	0.253223
12	9	4	2	0.298561
12	9	5	1	0.559473
12	9	5	2	1.264864
12	11	1	1	0.449973
12	11	1	2	0.878115
12	11	2	1	0.275847
12	11	2	2	0.348998
12	11	3	1	0.304119
12	11	3	2	0.375426
12	11	4	1	0.301833
12	11	4	2	0.416205
12	11	5	1	0.442913
12	11	5	2	0.854183
12	13	1	1	0.396426
12	13	1	2	0.700458
12	13	2	1	0.247069
12	13	2	2	0.288257
12	13	3	1	0.314502
12	13	3	2	0.386980
12	13	4	1	0.275847
12	13	4	2	0.348998
12	13	5	1	0.429105
12	13	5	2	0.807797
12	2	1	1	0.442913
12	2	1	2	0.854183
12	2	2	1	0.275847
12	2	2	2	0.348998
12	2	3	1	0.356456
12	2	3	2	0.428864
12	2	4	1	0.250135
12	2	4	2	0.292905
12	2	5	1	0.378104
12	2	5	2	0.641971
12	8	1	1	0.449973
12	8	1	2	0.878115
12	8	2	1	0.282583
12	8	2	2	0.365713
12	8	3	1	0.257483
12	8	3	2	0.312044
12	8	4	1	0.282583
12	8	4	2	0.365713
12	8	5	1	0.526181
12	8	5	2	1.144518
12	10	1	1	0.464402
12	10	1	2	0.927456
12	10	2	1	0.286163
12	10	2	2	0.374817
12	10	3	1	0.326472
12	10	3	2	0.399619
12	10	4	1	0.246353
12	10	4	2	0.289331
12	10	5	1	0.486811
12	10	5	2	1.005161
12	14	1	1	0.360770
12	14	1	2	0.587924
12	14	2	1	0.297717
12	14	2	2	0.405114
12	14	3	1	0.260803
12	14	3	2	0.317588
12	14	4	1	0.279143
12	14	4	2	0.357106
12	14	5	1	0.372215
12	14	5	2	0.623462
13	11	1	1	0.502258
13	11	1	2	1.059427
13	11	2	1	0.310446
13	11	2	2	0.439877
13	11	3	1	0.264683
13	11	3	2	0.323750
13	11	4	1	0.289880
13	11	4	2	0.384419
13	11	5	1	0.415716
13	11	5	2	0.763383
13	2	1	1	0.526181
13	2	1	2	1.144518
13	2	2	1	0.269695
13	2	2	2	0.334278
13	2	3	1	0.287219
13	2	3	2	0.355115
13	2	4	1	0.264155
13	2	4	2	0.321560
13	2	5	1	0.510132
13	2	5	2	1.087298
13	10	1	1	0.542629
13	10	1	2	1.203706
13	10	2	1	0.261626
13	10	2	2	0.315953
13	10	3	1	0.314502
13	10	3	2	0.386980
13	10	4	1	0.261626
13	10	4	2	0.315953
13	10	5	1	0.435957
13	10	5	2	0.830744
13	14	1	1	0.396426
13	14	1	2	0.700458
13	14	2	1	0.247069
13	14	2	2	0.288257
13	14	3	1	0.340328
13	14	3	2	0.413505
13	14	4	1	0.272696
13	14	4	2	0.341388
13	14	5	1	0.568043
13	14	5	2	1.296180
13	8	1	1	0.479240
13	8	1	2	0.978767
13	8	2	1	0.251580
13	8	2	2	0.295478
13	8	3	1	0.340328
13	8	3	2	0.413505
13	8	4	1	0.272696
13	8	4	2	0.341388
13	8	5	1	0.429105
13	8	5	2	0.807797
13	5	1	1	0.415716
13	5	1	2	0.763383
13	5	2	1	0.306076
13	5	2	2	0.427793
13	5	3	1	0.375359
13	5	3	2	0.446007
13	5	4	1	0.251580
13	5	4	2	0.295478
13	5	5	1	0.502258
13	5	5	2	1.059427
13	4	1	1	0.479240
13	4	1	2	0.978767
13	4	2	1	0.266846
13	4	2	2	0.327669
13	4	3	1	0.287219
13	4	3	2	0.355115
13	4	4	1	0.248895
13	4	4	2	0.290842
13	4	5	1	0.510132
13	4	5	2	1.087298
13	9	1	1	0.486811
13	9	1	2	1.005161
13	9	2	1	0.248870
13	9	2	2	0.295725
13	9	3	1	0.269185
13	9	3	2	0.330552
13	9	4	1	0.247870
13	9	4	2	0.289292
13	9	5	1	0.457136
13	9	5	2	0.902539
13	15	1	1	0.415716
13	15	1	2	0.763383
13	15	2	1	0.251580
13	15	2	2	0.295478
13	15	3	1	0.254672
13	15	3	2	0.307099
13	15	4	1	0.246131
13	15	4	2	0.288274
13	15	5	1	0.378104
13	15	5	2	0.641971
13	6	1	1	0.576712
13	6	1	2	1.327989
13	6	2	1	0.310446
13	6	2	2	0.439877
13	6	3	1	0.375359
13	6	3	2	0.446007
13	6	4	1	0.257070
13	6	4	2	0.306247
13	6	5	1	0.429105
13	6	5	2	0.807797
13	12	1	1	0.551002
13	12	1	2	1.234039
13	12	2	1	0.248895
13	12	2	2	0.290842
13	12	3	1	0.287219
13	12	3	2	0.355115
13	12	4	1	0.251580
13	12	4	2	0.295478
13	12	5	1	0.449973
13	12	5	2	0.878115
13	3	1	1	0.360770
13	3	1	2	0.587924
13	3	2	1	0.251580
13	3	2	2	0.295478
13	3	3	1	0.260803
13	3	3	2	0.317588
13	3	4	1	0.286163
13	3	4	2	0.374817
13	3	5	1	0.494484
13	3	5	2	1.032048
13	1	1	1	0.551002
13	1	1	2	1.234039
13	1	2	1	0.306076
13	1	2	2	0.427793
13	1	3	1	0.314502
13	1	3	2	0.386980
13	1	4	1	0.250135
13	1	4	2	0.292905
13	1	5	1	0.559473
13	1	5	2	1.264864
13	7	1	1	0.576712
13	7	1	2	1.327989
13	7	2	1	0.253223
13	7	2	2	0.298561
13	7	3	1	0.274382
13	7	3	2	0.338023
13	7	4	1	0.293733
13	7	4	2	0.394518
13	7	5	1	0.422358
13	7	5	2	0.785344
14	10	1	1	0.510132
14	10	1	2	1.087298
14	10	2	1	0.286163
14	10	2	2	0.374817
14	10	3	1	0.264683
14	10	3	2	0.323750
14	10	4	1	0.264155
14	10	4	2	0.321560
14	10	5	1	0.518107
14	10	5	2	1.115662
14	2	1	1	0.384103
14	2	1	2	0.660973
14	2	2	1	0.246131
14	2	2	2	0.288274
14	2	3	1	0.397708
14	2	3	2	0.465383
14	2	4	1	0.261626
14	2	4	2	0.315953
14	2	5	1	0.366437
14	2	5	2	0.605446
14	11	1	1	0.576712
14	11	1	2	1.327989
14	11	2	1	0.310446
14	11	2	2	0.439877
14	11	3	1	0.260803
14	11	3	2	0.317588
14	11	4	1	0.251580
14	11	4	2	0.295478
14	11	5	1	0.449973
14	11	5	2	0.878115
14	8	1	1	0.486811
14	8	1	2	1.005161
14	8	2	1	0.272696
14	8	2	2	0.341388
14	8	3	1	0.326472
14	8	3	2	0.399619
14	8	4	1	0.251580
14	8	4	2	0.295478
14	8	5	1	0.542629
14	8	5	2	1.203706
14	13	1	1	0.502258
14	13	1	2	1.059427
14	13	2	1	0.255055
14	13	2	2	0.302151
14	13	3	1	0.274382
14	13	3	2	0.338023
14	13	4	1	0.275847
14	13	4	2	0.348998
14	13	5	1	0.494484
14	13	5	2	1.032048
14	5	1	1	0.559473
14	5	1	2	1.264864
14	5	2	1	0.257070
14	5	2	2	0.306247
14	5	3	1	0.304119
14	5	3	2	0.375426
14	5	4	1	0.275847
14	5	4	2	0.348998
14	5	5	1	0.510132
14	5	5	2	1.087298
14	15	1	1	0.542629
14	15	1	2	1.203706
14	15	2	1	0.246353
14	15	2	2	0.289331
14	15	3	1	0.356456
14	15	3	2	0.428864
14	15	4	1	0.264155
14	15	4	2	0.321560
14	15	5	1	0.510132
14	15	5	2	1.087298
14	9	1	1	0.542629
14	9	1	2	1.203706
14	9	2	1	0.246870
14	9	2	2	0.290921
14	9	3	1	0.264683
14	9	3	2	0.323750
14	9	4	1	0.247702
14	9	4	2	0.293050
14	9	5	1	0.568043
14	9	5	2	1.296180
14	4	1	1	0.402749
14	4	1	2	0.720940
14	4	2	1	0.250135
14	4	2	2	0.292905
14	4	3	1	0.314502
14	4	3	2	0.386980
14	4	4	1	0.264155
14	4	4	2	0.321560
14	4	5	1	0.390210
14	4	5	2	0.680469
14	6	1	1	0.396426
14	6	1	2	0.700458
14	6	2	1	0.301833
14	6	2	2	0.416205
14	6	3	1	0.340328
14	6	3	2	0.413505
14	6	4	1	0.279143
14	6	4	2	0.357106
14	6	5	1	0.479240
14	6	5	2	0.978767
14	7	1	1	0.479240
14	7	1	2	0.978767
14	7	2	1	0.250135
14	7	2	2	0.292905
14	7	3	1	0.269185
14	7	3	2	0.330552
14	7	4	1	0.246504
14	7	4	2	0.287741
14	7	5	1	0.422358
14	7	5	2	0.785344
14	12	1	1	0.479240
14	12	1	2	0.978767
14	12	2	1	0.275847
14	12	2	2	0.348998
14	12	3	1	0.252324
14	12	3	2	0.302739
14	12	4	1	0.297717
14	12	4	2	0.405114
14	12	5	1	0.390210
14	12	5	2	0.680469
14	1	1	1	0.396426
14	1	1	2	0.700458
14	1	2	1	0.282583
14	1	2	2	0.365713
14	1	3	1	0.250401
14	1	3	2	0.298951
14	1	4	1	0.279143
14	1	4	2	0.357106
14	1	5	1	0.576712
14	1	5	2	1.327989
14	3	1	1	0.409180
14	3	1	2	0.741915
14	3	2	1	0.297717
14	3	2	2	0.405114
14	3	3	1	0.287219
14	3	3	2	0.355115
14	3	4	1	0.248895
14	3	4	2	0.290842
14	3	5	1	0.494484
14	3	5	2	1.032048
15	5	1	1	0.390210
15	5	1	2	0.680469
15	5	2	1	0.297717
15	5	2	2	0.405114
15	5	3	1	0.375359
15	5	3	2	0.446007
15	5	4	1	0.246131
15	5	4	2	0.288274
15	5	5	1	0.402749
15	5	5	2	0.720940
15	12	1	1	0.366437
15	12	1	2	0.605446
15	12	2	1	0.248870
15	12	2	2	0.295725
15	12	3	1	0.260803
15	12	3	2	0.317588
15	12	4	1	0.247702
15	12	4	2	0.293050
15	12	5	1	0.360770
15	12	5	2	0.587924
15	3	1	1	0.559473
15	3	1	2	1.264864
15	3	2	1	0.247702
15	3	2	2	0.293050
15	3	3	1	0.274382
15	3	3	2	0.338023
15	3	4	1	0.259262
15	3	4	2	0.310848
15	3	5	1	0.551002
15	3	5	2	1.234039
15	1	1	1	0.494484
15	1	1	2	1.032048
15	1	2	1	0.246870
15	1	2	2	0.290921
15	1	3	1	0.314502
15	1	3	2	0.386980
15	1	4	1	0.264155
15	1	4	2	0.321560
15	1	5	1	0.378104
15	1	5	2	0.641971
15	4	1	1	0.366437
15	4	1	2	0.605446
15	4	2	1	0.286163
15	4	2	2	0.374817
15	4	3	1	0.274382
15	4	3	2	0.338023
15	4	4	1	0.247870
15	4	4	2	0.289292
15	4	5	1	0.372215
15	4	5	2	0.623462
15	7	1	1	0.471770
15	7	1	2	0.952865
15	7	2	1	0.272696
15	7	2	2	0.341388
15	7	3	1	0.375359
15	7	3	2	0.446007
15	7	4	1	0.272696
15	7	4	2	0.341388
15	7	5	1	0.360770
15	7	5	2	0.587924
15	6	1	1	0.534355
15	6	1	2	1.173866
15	6	2	1	0.246353
15	6	2	2	0.289331
15	6	3	1	0.295088
15	6	3	2	0.364835
15	6	4	1	0.297717
15	6	4	2	0.405114
15	6	5	1	0.518107
15	6	5	2	1.115662
15	9	1	1	0.415716
15	9	1	2	0.763383
15	9	2	1	0.247702
15	9	2	2	0.293050
15	9	3	1	0.356456
15	9	3	2	0.428864
15	9	4	1	0.247702
15	9	4	2	0.293050
15	9	5	1	0.396426
15	9	5	2	0.700458
15	11	1	1	0.542629
15	11	1	2	1.203706
15	11	2	1	0.247702
15	11	2	2	0.293050
15	11	3	1	0.254672
15	11	3	2	0.307099
15	11	4	1	0.253223
15	11	4	2	0.298561
15	11	5	1	0.372215
15	11	5	2	0.623462
15	13	1	1	0.442913
15	13	1	2	0.854183
15	13	2	1	0.247702
15	13	2	2	0.293050
15	13	3	1	0.326472
15	13	3	2	0.399619
15	13	4	1	0.297717
15	13	4	2	0.405114
15	13	5	1	0.502258
15	13	5	2	1.059427
15	2	1	1	0.449973
15	2	1	2	0.878115
15	2	2	1	0.275847
15	2	2	2	0.348998
15	2	3	1	0.456768
15	2	3	2	0.513825
15	2	4	1	0.261626
15	2	4	2	0.315953
15	2	5	1	0.559473
15	2	5	2	1.264864
15	8	1	1	0.559473
15	8	1	2	1.264864
15	8	2	1	0.297717
15	8	2	2	0.405114
15	8	3	1	0.250401
15	8	3	2	0.298951
15	8	4	1	0.289880
15	8	4	2	0.384419
15	8	5	1	0.542629
15	8	5	2	1.203706
15	10	1	1	0.464402
15	10	1	2	0.927456
15	10	2	1	0.251580
15	10	2	2	0.295478
15	10	3	1	0.340328
15	10	3	2	0.413505
15	10	4	1	0.297717
15	10	4	2	0.405114
15	10	5	1	0.409180
15	10	5	2	0.741915
15	14	1	1	0.479240
15	14	1	2	0.978767
15	14	2	1	0.253223
15	14	2	2	0.298561
15	14	3	1	0.424417
15	14	3	2	0.487653
15	14	4	1	0.272696
15	14	4	2	0.341388
15	14	5	1	0.429105
15	14	5	2	0.807797
0	11	1	1	0.526181
0	11	1	2	1.144518
0	11	2	1	0.259262
0	11	2	2	0.310848
0	11	3	1	0.257483
0	11	3	2	0.312044
0	11	4	1	0.275847
0	11	4	2	0.348998
0	11	5	1	0.518107
0	11	5	2	1.115662
0	13	1	1	0.479240
0	13	1	2	0.978767
0	13	2	1	0.248870
0	13	2	2	0.295725
0	13	3	1	0.295088
0	13	3	2	0.364835
0	13	4	1	0.293733
0	13	4	2	0.394518
0	13	5	1	0.479240
0	13	5	2	0.978767
0	5	1	1	0.366437
0	5	1	2	0.605446
0	5	2	1	0.266846
0	5	2	2	0.327669
0	5	3	1	0.295088
0	5	3	2	0.364835
0	5	4	1	0.250135
0	5	4	2	0.292905
0	5	5	1	0.551002
0	5	5	2	1.234039
0	15	1	1	0.576712
0	15	1	2	1.327989
0	15	2	1	0.310446
0	15	2	2	0.439877
0	15	3	1	0.269185
0	15	3	2	0.330552
0	15	4	1	0.275847
0	15	4	2	0.348998
0	15	5	1	0.429105
0	15	5	2	0.807797
0	2	1	1	0.372215
0	2	1	2	0.623462
0	2	2	1	0.246131
0	2	2	2	0.288274
0	2	3	1	0.254672
0	2	3	2	0.307099
0	2	4	1	0.247069
0	2	4	2	0.288257
0	2	5	1	0.457136
0	2	5	2	0.902539
0	4	1	1	0.479240
0	4	1	2	0.978767
0	4	2	1	0.246187
0	4	2	2	0.287745
0	4	3	1	0.280358
0	4	3	2	0.346196
0	4	4	1	0.247702
0	4	4	2	0.293050
0	4	5	1	0.464402
0	4	5	2	0.927456
0	12	1	1	0.464402
0	12	1	2	0.927456
0	12	2	1	0.264155
0	12	2	2	0.321560
0	12	3	1	0.356456
0	12	3	2	0.428864
0	12	4	1	0.289880
0	12	4	2	0.384419
0	12	5	1	0.415716
0	12	5	2	0.763383
0	10	1	1	0.576712
0	10	1	2	1.327989
0	10	2	1	0.246870
0	10	2	2	0.290921
0	10	3	1	0.269185
0	10	3	2	0.330552
0	10	4	1	0.246504
0	10	4	2	0.287741
0	10	5	1	0.551002
0	10	5	2	1.234039
0	8	1	1	0.526181
0	8	1	2	1.144518
0	8	2	1	0.246353
0	8	2	2	0.289331
0	8	3	1	0.269185
0	8	3	2	0.330552
0	8	4	1	0.306076
0	8	4	2	0.427793
0	8	5	1	0.435957
0	8	5	2	0.830744
0	9	1	1	0.559473
0	9	1	2	1.264864
0	9	2	1	0.275847
0	9	2	2	0.348998
0	9	3	1	0.397708
0	9	3	2	0.465383
0	9	4	1	0.301833
0	9	4	2	0.416205
0	9	5	1	0.366437
0	9	5	2	0.605446
0	7	1	1	0.360770
0	7	1	2	0.587924
0	7	2	1	0.246131
0	7	2	2	0.288274
0	7	3	1	0.274382
0	7	3	2	0.338023
0	7	4	1	0.248870
0	7	4	2	0.295725
0	7	5	1	0.402749
0	7	5	2	0.720940
0	14	1	1	0.435957
0	14	1	2	0.830744
0	14	2	1	0.246353
0	14	2	2	0.289331
0	14	3	1	0.260803
0	14	3	2	0.317588
0	14	4	1	0.293733
0	14	4	2	0.394518
0	14	5	1	0.526181
0	14	5	2	1.144518
0	6	1	1	0.479240
0	6	1	2	0.978767
0	6	2	1	0.306076
0	6	2	2	0.427793
0	6	3	1	0.250401
0	6	3	2	0.298951
0	6	4	1	0.246131
0	6	4	2	0.288274
0	6	5	1	0.442913
0	6	5	2	0.854183
0	1	1	1	0.435957
0	1	1	2	0.830744
0	1	2	1	0.246870
0	1	2	2	0.290921
0	1	3	1	0.269185
0	1	3	2	0.330552
0	1	4	1	0.246504
0	1	4	2	0.287741
0	1	5	1	0.551002
0	1	5	2	1.234039
0	3	1	1	0.526181
0	3	1	2	1.144518
0	3	2	1	0.255055
0	3	2	2	0.302151
0	3	3	1	0.356456
0	3	3	2	0.428864
0	3	4	1	0.272696
0	3	4	2	0.341388
0	3	5	1	0.551002
0	3	5	2	1.234039
11	0	1	1	0.435957
11	0	1	2	0.830744
11	0	2	1	0.275847
11	0	2	2	0.348998
11	0	3	1	0.456768
11	0	3	2	0.513825
11	0	4	1	0.269695
11	0	4	2	0.334278
11	0	5	1	0.559473
11	0	5	2	1.264864
13	0	1	1	0.390210
13	0	1	2	0.680469
13	0	2	1	0.272696
13	0	2	2	0.341388
13	0	3	1	0.424417
13	0	3	2	0.487653
13	0	4	1	0.297717
13	0	4	2	0.405114
13	0	5	1	0.457136
13	0	5	2	0.902539
5	0	1	1	0.409180
5	0	1	2	0.741915
5	0	2	1	0.247069
5	0	2	2	0.288257
5	0	3	1	0.257483
5	0	3	2	0.312044
5	0	4	1	0.266846
5	0	4	2	0.327669
5	0	5	1	0.396426
5	0	5	2	0.700458
15	0	1	1	0.372215
15	0	1	2	0.623462
15	0	2	1	0.247870
15	0	2	2	0.289292
15	0	3	1	0.424417
15	0	3	2	0.487653
15	0	4	1	0.282583
15	0	4	2	0.365713
15	0	5	1	0.390210
15	0	5	2	0.680469
2	0	1	1	0.518107
2	0	1	2	1.115662
2	0	2	1	0.253223
2	0	2	2	0.298561
2	0	3	1	0.254672
2	0	3	2	0.307099
2	0	4	1	0.248895
2	0	4	2	0.290842
2	0	5	1	0.568043
2	0	5	2	1.296180
4	0	1	1	0.409180
4	0	1	2	0.741915
4	0	2	1	0.247069
4	0	2	2	0.288257
4	0	3	1	0.264683
4	0	3	2	0.323750
4	0	4	1	0.251580
4	0	4	2	0.295478
4	0	5	1	0.429105
4	0	5	2	0.807797
12	0	1	1	0.510132
12	0	1	2	1.087298
12	0	2	1	0.247069
12	0	2	2	0.288257
12	0	3	1	0.314502
12	0	3	2	0.386980
12	0	4	1	0.246870
12	0	4	2	0.290921
12	0	5	1	0.372215
12	0	5	2	0.623462
10	0	1	1	0.372215
10	0	1	2	0.623462
10	0	2	1	0.289880
10	0	2	2	0.384419
10	0	3	1	0.280358
10	0	3	2	0.346196
10	0	4	1	0.247069
10	0	4	2	0.288257
10	0	5	1	0.494484
10	0	5	2	1.032048
8	0	1	1	0.360770
8	0	1	2	0.587924
8	0	2	1	0.275847
8	0	2	2	0.348998
8	0	3	1	0.269185
8	0	3	2	0.330552
8	0	4	1	0.246504
8	0	4	2	0.287741
8	0	5	1	0.502258
8	0	5	2	1.059427
9	0	1	1	0.360770
9	0	1	2	0.587924
9	0	2	1	0.259262
9	0	2	2	0.310848
9	0	3	1	0.295088
9	0	3	2	0.364835
9	0	4	1	0.261626
9	0	4	2	0.315953
9	0	5	1	0.471770
9	0	5	2	0.952865
7	0	1	1	0.534355
7	0	1	2	1.173866
7	0	2	1	0.269695
7	0	2	2	0.334278
7	0	3	1	0.254672
7	0	3	2	0.307099
7	0	4	1	0.257070
7	0	4	2	0.306247
7	0	5	1	0.518107
7	0	5	2	1.115662
14	0	1	1	0.559473
14	0	1	2	1.264864
14	0	2	1	0.297717
14	0	2	2	0.405114
14	0	3	1	0.248870
14	0	3	2	0.295725
14	0	4	1	0.247069
14	0	4	2	0.288257
14	0	5	1	0.402749
14	0	5	2	0.720940
6	0	1	1	0.449973
6	0	1	2	0.878115
6	0	2	1	0.266846
6	0	2	2	0.327669
6	0	3	1	0.250401
6	0	3	2	0.298951
6	0	4	1	0.246504
6	0	4	2	0.287741
6	0	5	1	0.422358
6	0	5	2	0.785344
1	0	1	1	0.422358
1	0	1	2	0.785344
1	0	2	1	0.248870
1	0	2	2	0.295725
1	0	3	1	0.397708
1	0	3	2	0.465383
1	0	4	1	0.264155
1	0	4	2	0.321560
1	0	5	1	0.360770
1	0	5	2	0.587924
3	0	1	1	0.378104
3	0	1	2	0.641971
3	0	2	1	0.246131
3	0	2	2	0.288274
3	0	3	1	0.250401
3	0	3	2	0.298951
3	0	4	1	0.289880
3	0	4	2	0.384419
3	0	5	1	0.429105
3	0	5	2	0.807797
;
