param:	TIME:	Ts	Te:=
1	0   108
2	108   216
3	216   324
4	324   432
5	432   540
;
param:	NODE:	r	st	WS	WE:=
0	0	0	0	540
1	2085	23	37	383
2	2469	27	22	351
3	789	9	36	351
4	753	8	12	346
5	1074	12	75	410
6	324	4	47	370
7	2334	26	44	376
8	2328	26	85	415
9	1722	19	75	420
10	1989	22	24	353
11	840	9	12	354
12	1125	12	20	358
13	642	7	62	400
14	1383	15	55	382
15	1821	20	24	375
;
param: VEHICLE:	Ch	Lh	Ph	ch:=
1	10000	150	2.2384e-005	2.66374
2	15000	200	1.79961e-005	2.66374
3	10000	150	2.2384e-005	2.66374
4	15000	200	1.79961e-005	2.66374
;
param q_real:=3;
param	nth:=14;
param	nth1:=15;
param:	ARC:	D:=
1	6	36.840000
1	10	48.200001
1	13	49.990002
1	12	63.480000
1	4	73.459999
1	11	79.000000
1	9	80.970001
1	8	87.139999
1	7	95.510002
1	2	100.129997
1	14	109.801003
1	15	116.611000
1	5	119.820000
1	3	124.410004
2	9	68.879997
2	3	75.320000
2	6	80.580002
2	4	89.280998
2	1	100.650002
2	7	116.750999
2	5	120.900002
2	10	129.399994
2	13	136.350006
2	12	138.330002
2	14	144.600998
2	15	151.001007
2	8	160.649994
2	11	180.561005
3	9	44.430000
3	5	63.310001
3	7	74.769997
3	2	75.519997
3	14	96.720001
3	15	99.949997
3	10	122.070000
3	6	123.050003
3	1	124.239998
3	13	129.679993
3	8	138.339996
3	4	142.320007
3	11	168.009995
3	12	178.669998
4	6	38.230000
4	12	57.860001
4	1	73.400002
4	2	89.419998
4	9	115.190002
4	10	120.889999
4	13	122.680000
4	11	141.080002
4	3	142.039993
4	7	148.679993
4	8	159.272003
4	5	168.029999
4	14	173.830994
4	15	180.949997
5	7	25.629999
5	14	40.290001
5	15	41.650002
5	9	53.049999
5	3	63.299999
5	8	86.260002
5	10	90.120003
5	13	97.730003
5	1	119.800003
5	2	120.739998
5	11	128.470001
5	6	134.470001
5	4	167.770004
5	12	181.380005
6	1	36.900002
6	4	38.200001
6	12	57.689999
6	2	80.739998
6	10	84.389999
6	9	85.300003
6	13	86.180000
6	11	109.620003
6	7	111.809998
6	8	122.402000
6	3	122.940002
6	5	134.880005
6	14	135.660004
6	15	142.160004
7	5	25.420000
7	14	27.850000
7	15	34.250000
7	9	48.640999
7	10	64.760002
7	8	65.231003
7	13	72.370003
7	3	74.769997
7	1	95.849998
7	11	104.010002
7	6	111.669998
7	2	116.681000
7	4	148.729996
7	12	157.429993
8	10	39.259998
8	13	39.919998
8	11	48.580002
8	14	51.919998
8	15	56.200001
8	7	64.940002
8	5	86.150002
8	1	87.000000
8	9	101.389999
8	6	122.583000
8	12	133.589996
8	3	138.179993
8	2	158.210007
8	4	159.643005
9	3	44.750000
9	7	48.570999
9	5	53.020000
9	2	68.809998
9	14	76.420998
9	1	80.760002
9	15	82.820999
9	10	84.599998
9	6	85.070000
9	13	92.209999
9	8	101.769997
9	4	115.269997
9	11	128.149994
9	12	134.759995
10	13	8.200000
10	8	39.459999
10	11	43.290001
10	1	48.560001
10	7	64.540001
10	14	70.629997
10	15	76.620003
10	9	84.180000
10	6	84.839996
10	5	89.500000
10	12	101.730003
10	4	121.459999
10	3	122.150002
10	2	128.809998
11	13	37.070000
11	10	43.450001
11	8	48.480000
11	1	79.059998
11	14	98.910004
11	15	103.480003
11	7	103.949997
11	12	108.080002
11	6	110.580002
11	9	127.910004
11	5	128.240005
11	4	141.970001
11	3	166.110001
11	2	180.431000
12	6	57.639999
12	4	57.919998
12	1	63.369999
12	13	98.250000
12	10	101.489998
12	11	107.059998
12	8	133.449997
12	9	134.889999
12	2	138.460007
12	7	156.830002
12	14	171.231003
12	15	177.699997
12	3	178.550003
12	5	181.139999
13	10	8.220000
13	11	36.869999
13	8	40.049999
13	1	50.419998
13	7	72.220001
13	14	76.239998
13	15	80.809998
13	6	86.699997
13	9	91.860001
13	5	97.180000
13	12	98.660004
13	4	123.320000
13	3	129.830002
13	2	136.070007
14	15	6.810000
14	7	27.719999
14	5	39.810001
14	8	52.299999
14	10	70.959999
14	13	76.160004
14	9	76.361000
14	3	96.650002
14	11	98.660004
14	1	109.261002
14	6	135.259995
14	2	144.401001
14	12	172.240997
14	4	173.541000
15	14	6.940000
15	7	34.009998
15	5	41.150002
15	8	56.650002
15	10	76.690002
15	13	80.970001
15	9	82.651001
15	3	99.839996
15	11	102.550003
15	1	116.170998
15	6	141.869995
15	2	150.690994
15	12	177.789993
15	4	180.990997
0	1	28.799999
0	10	40.340000
0	13	44.509998
0	6	51.441002
0	9	54.439999
0	7	67.389999
0	8	72.780998
0	11	78.660004
0	14	87.300003
0	4	88.500999
0	12	90.379997
0	5	91.699997
0	15	93.800003
0	2	93.941002
0	3	97.879997
1	0	28.809999
10	0	40.331001
13	0	44.890999
6	0	51.820000
9	0	54.299999
7	0	67.680000
8	0	73.292000
11	0	79.070999
14	0	87.150002
4	0	88.690002
12	0	90.129997
5	0	91.629997
15	0	93.760002
2	0	95.430000
3	0	97.779999
;
param:	v:=
1	6	1	83
1	6	2	36
1	6	3	20
1	6	4	45
1	6	5	90
1	10	1	91
1	10	2	55
1	10	3	16
1	10	4	34
1	10	5	70
1	13	1	85
1	13	2	54
1	13	3	12
1	13	4	37
1	13	5	70
1	12	1	75
1	12	2	47
1	12	3	19
1	12	4	48
1	12	5	85
1	4	1	79
1	4	2	46
1	4	3	30
1	4	4	36
1	4	5	79
1	11	1	73
1	11	2	40
1	11	3	14
1	11	4	59
1	11	5	100
1	9	1	81
1	9	2	36
1	9	3	15
1	9	4	52
1	9	5	73
1	8	1	72
1	8	2	55
1	8	3	20
1	8	4	58
1	8	5	73
1	7	1	85
1	7	2	42
1	7	3	19
1	7	4	44
1	7	5	80
1	2	1	76
1	2	2	50
1	2	3	11
1	2	4	42
1	2	5	75
1	14	1	80
1	14	2	54
1	14	3	25
1	14	4	38
1	14	5	97
1	15	1	82
1	15	2	55
1	15	3	14
1	15	4	59
1	15	5	78
1	5	1	73
1	5	2	57
1	5	3	16
1	5	4	47
1	5	5	87
1	3	1	94
1	3	2	38
1	3	3	15
1	3	4	39
1	3	5	80
2	9	1	85
2	9	2	40
2	9	3	29
2	9	4	60
2	9	5	89
2	3	1	100
2	3	2	39
2	3	3	26
2	3	4	44
2	3	5	89
2	6	1	93
2	6	2	30
2	6	3	19
2	6	4	47
2	6	5	71
2	4	1	80
2	4	2	50
2	4	3	24
2	4	4	54
2	4	5	97
2	1	1	94
2	1	2	48
2	1	3	17
2	1	4	51
2	1	5	81
2	7	1	80
2	7	2	45
2	7	3	21
2	7	4	45
2	7	5	99
2	5	1	84
2	5	2	58
2	5	3	21
2	5	4	32
2	5	5	93
2	10	1	100
2	10	2	40
2	10	3	25
2	10	4	37
2	10	5	82
2	13	1	82
2	13	2	32
2	13	3	12
2	13	4	58
2	13	5	86
2	12	1	94
2	12	2	56
2	12	3	15
2	12	4	60
2	12	5	72
2	14	1	91
2	14	2	44
2	14	3	16
2	14	4	41
2	14	5	82
2	15	1	70
2	15	2	48
2	15	3	11
2	15	4	44
2	15	5	99
2	8	1	87
2	8	2	56
2	8	3	16
2	8	4	49
2	8	5	79
2	11	1	99
2	11	2	30
2	11	3	23
2	11	4	58
2	11	5	72
3	9	1	81
3	9	2	56
3	9	3	19
3	9	4	35
3	9	5	91
3	5	1	92
3	5	2	48
3	5	3	27
3	5	4	50
3	5	5	79
3	7	1	89
3	7	2	54
3	7	3	30
3	7	4	31
3	7	5	84
3	2	1	94
3	2	2	51
3	2	3	23
3	2	4	59
3	2	5	83
3	14	1	79
3	14	2	58
3	14	3	15
3	14	4	38
3	14	5	71
3	15	1	83
3	15	2	33
3	15	3	30
3	15	4	37
3	15	5	91
3	10	1	71
3	10	2	41
3	10	3	22
3	10	4	40
3	10	5	89
3	6	1	73
3	6	2	60
3	6	3	20
3	6	4	35
3	6	5	97
3	1	1	92
3	1	2	42
3	1	3	11
3	1	4	47
3	1	5	95
3	13	1	78
3	13	2	46
3	13	3	14
3	13	4	44
3	13	5	88
3	8	1	72
3	8	2	36
3	8	3	25
3	8	4	33
3	8	5	79
3	4	1	76
3	4	2	34
3	4	3	30
3	4	4	44
3	4	5	99
3	11	1	83
3	11	2	42
3	11	3	20
3	11	4	43
3	11	5	71
3	12	1	83
3	12	2	37
3	12	3	15
3	12	4	56
3	12	5	95
4	6	1	71
4	6	2	48
4	6	3	26
4	6	4	47
4	6	5	95
4	12	1	72
4	12	2	59
4	12	3	16
4	12	4	45
4	12	5	73
4	1	1	70
4	1	2	42
4	1	3	14
4	1	4	60
4	1	5	98
4	2	1	97
4	2	2	60
4	2	3	10
4	2	4	48
4	2	5	87
4	9	1	72
4	9	2	35
4	9	3	10
4	9	4	57
4	9	5	72
4	10	1	90
4	10	2	44
4	10	3	11
4	10	4	31
4	10	5	76
4	13	1	98
4	13	2	31
4	13	3	10
4	13	4	52
4	13	5	86
4	11	1	89
4	11	2	56
4	11	3	25
4	11	4	32
4	11	5	72
4	3	1	98
4	3	2	45
4	3	3	17
4	3	4	54
4	3	5	74
4	7	1	70
4	7	2	44
4	7	3	12
4	7	4	38
4	7	5	78
4	8	1	93
4	8	2	39
4	8	3	18
4	8	4	57
4	8	5	75
4	5	1	85
4	5	2	33
4	5	3	13
4	5	4	56
4	5	5	77
4	14	1	78
4	14	2	37
4	14	3	12
4	14	4	42
4	14	5	85
4	15	1	84
4	15	2	47
4	15	3	30
4	15	4	47
4	15	5	99
5	7	1	93
5	7	2	31
5	7	3	30
5	7	4	37
5	7	5	95
5	14	1	92
5	14	2	41
5	14	3	12
5	14	4	58
5	14	5	84
5	15	1	78
5	15	2	33
5	15	3	15
5	15	4	57
5	15	5	85
5	9	1	74
5	9	2	46
5	9	3	25
5	9	4	40
5	9	5	91
5	3	1	70
5	3	2	58
5	3	3	10
5	3	4	47
5	3	5	89
5	8	1	75
5	8	2	48
5	8	3	15
5	8	4	51
5	8	5	84
5	10	1	76
5	10	2	40
5	10	3	20
5	10	4	37
5	10	5	70
5	13	1	72
5	13	2	57
5	13	3	24
5	13	4	54
5	13	5	75
5	1	1	97
5	1	2	57
5	1	3	12
5	1	4	40
5	1	5	86
5	2	1	98
5	2	2	36
5	2	3	18
5	2	4	31
5	2	5	99
5	11	1	73
5	11	2	59
5	11	3	19
5	11	4	32
5	11	5	93
5	6	1	77
5	6	2	31
5	6	3	11
5	6	4	52
5	6	5	97
5	4	1	81
5	4	2	53
5	4	3	22
5	4	4	59
5	4	5	71
5	12	1	78
5	12	2	42
5	12	3	23
5	12	4	48
5	12	5	78
6	1	1	89
6	1	2	45
6	1	3	14
6	1	4	53
6	1	5	100
6	4	1	95
6	4	2	44
6	4	3	18
6	4	4	45
6	4	5	70
6	12	1	82
6	12	2	48
6	12	3	30
6	12	4	48
6	12	5	89
6	2	1	88
6	2	2	43
6	2	3	12
6	2	4	42
6	2	5	99
6	10	1	99
6	10	2	57
6	10	3	24
6	10	4	45
6	10	5	100
6	9	1	81
6	9	2	30
6	9	3	19
6	9	4	52
6	9	5	89
6	13	1	91
6	13	2	42
6	13	3	30
6	13	4	44
6	13	5	88
6	11	1	78
6	11	2	52
6	11	3	29
6	11	4	49
6	11	5	98
6	7	1	71
6	7	2	58
6	7	3	12
6	7	4	57
6	7	5	99
6	8	1	94
6	8	2	59
6	8	3	13
6	8	4	43
6	8	5	73
6	3	1	83
6	3	2	44
6	3	3	10
6	3	4	31
6	3	5	85
6	5	1	80
6	5	2	47
6	5	3	21
6	5	4	49
6	5	5	79
6	14	1	89
6	14	2	41
6	14	3	27
6	14	4	45
6	14	5	85
6	15	1	77
6	15	2	58
6	15	3	29
6	15	4	50
6	15	5	88
7	5	1	77
7	5	2	52
7	5	3	25
7	5	4	44
7	5	5	71
7	14	1	100
7	14	2	38
7	14	3	25
7	14	4	55
7	14	5	99
7	15	1	99
7	15	2	32
7	15	3	27
7	15	4	34
7	15	5	99
7	9	1	91
7	9	2	42
7	9	3	24
7	9	4	40
7	9	5	72
7	10	1	98
7	10	2	34
7	10	3	11
7	10	4	45
7	10	5	73
7	8	1	87
7	8	2	55
7	8	3	13
7	8	4	58
7	8	5	73
7	13	1	81
7	13	2	35
7	13	3	15
7	13	4	33
7	13	5	94
7	3	1	84
7	3	2	31
7	3	3	13
7	3	4	35
7	3	5	100
7	1	1	100
7	1	2	43
7	1	3	17
7	1	4	32
7	1	5	73
7	11	1	94
7	11	2	55
7	11	3	28
7	11	4	57
7	11	5	82
7	6	1	70
7	6	2	57
7	6	3	23
7	6	4	31
7	6	5	92
7	2	1	71
7	2	2	42
7	2	3	10
7	2	4	36
7	2	5	96
7	4	1	83
7	4	2	55
7	4	3	12
7	4	4	46
7	4	5	85
7	12	1	90
7	12	2	46
7	12	3	17
7	12	4	47
7	12	5	72
8	10	1	93
8	10	2	40
8	10	3	18
8	10	4	37
8	10	5	90
8	13	1	99
8	13	2	42
8	13	3	24
8	13	4	56
8	13	5	74
8	11	1	73
8	11	2	33
8	11	3	13
8	11	4	34
8	11	5	75
8	14	1	71
8	14	2	53
8	14	3	19
8	14	4	59
8	14	5	93
8	15	1	78
8	15	2	43
8	15	3	22
8	15	4	40
8	15	5	88
8	7	1	92
8	7	2	35
8	7	3	28
8	7	4	37
8	7	5	98
8	5	1	83
8	5	2	58
8	5	3	11
8	5	4	57
8	5	5	73
8	1	1	70
8	1	2	51
8	1	3	30
8	1	4	48
8	1	5	89
8	9	1	96
8	9	2	39
8	9	3	11
8	9	4	45
8	9	5	71
8	6	1	92
8	6	2	56
8	6	3	24
8	6	4	42
8	6	5	70
8	12	1	88
8	12	2	43
8	12	3	25
8	12	4	38
8	12	5	98
8	3	1	75
8	3	2	58
8	3	3	10
8	3	4	39
8	3	5	86
8	2	1	85
8	2	2	45
8	2	3	27
8	2	4	56
8	2	5	77
8	4	1	70
8	4	2	44
8	4	3	25
8	4	4	32
8	4	5	83
9	3	1	97
9	3	2	32
9	3	3	22
9	3	4	58
9	3	5	97
9	7	1	72
9	7	2	32
9	7	3	21
9	7	4	45
9	7	5	92
9	5	1	94
9	5	2	43
9	5	3	18
9	5	4	55
9	5	5	72
9	2	1	87
9	2	2	41
9	2	3	28
9	2	4	57
9	2	5	84
9	14	1	87
9	14	2	44
9	14	3	20
9	14	4	52
9	14	5	87
9	1	1	85
9	1	2	37
9	1	3	29
9	1	4	36
9	1	5	72
9	15	1	100
9	15	2	35
9	15	3	12
9	15	4	52
9	15	5	98
9	10	1	80
9	10	2	37
9	10	3	16
9	10	4	38
9	10	5	75
9	6	1	97
9	6	2	56
9	6	3	24
9	6	4	34
9	6	5	88
9	13	1	96
9	13	2	35
9	13	3	29
9	13	4	34
9	13	5	77
9	8	1	73
9	8	2	34
9	8	3	25
9	8	4	48
9	8	5	84
9	4	1	71
9	4	2	34
9	4	3	29
9	4	4	40
9	4	5	83
9	11	1	73
9	11	2	32
9	11	3	30
9	11	4	36
9	11	5	89
9	12	1	100
9	12	2	60
9	12	3	12
9	12	4	32
9	12	5	84
10	13	1	98
10	13	2	56
10	13	3	13
10	13	4	59
10	13	5	97
10	8	1	70
10	8	2	60
10	8	3	26
10	8	4	34
10	8	5	77
10	11	1	72
10	11	2	35
10	11	3	22
10	11	4	35
10	11	5	78
10	1	1	74
10	1	2	55
10	1	3	24
10	1	4	42
10	1	5	92
10	7	1	72
10	7	2	56
10	7	3	19
10	7	4	47
10	7	5	90
10	14	1	96
10	14	2	42
10	14	3	14
10	14	4	41
10	14	5	97
10	15	1	84
10	15	2	41
10	15	3	16
10	15	4	56
10	15	5	81
10	9	1	76
10	9	2	35
10	9	3	16
10	9	4	42
10	9	5	100
10	6	1	70
10	6	2	51
10	6	3	25
10	6	4	47
10	6	5	86
10	5	1	76
10	5	2	38
10	5	3	30
10	5	4	48
10	5	5	87
10	12	1	98
10	12	2	30
10	12	3	29
10	12	4	49
10	12	5	89
10	4	1	85
10	4	2	39
10	4	3	12
10	4	4	51
10	4	5	91
10	3	1	74
10	3	2	43
10	3	3	30
10	3	4	60
10	3	5	75
10	2	1	79
10	2	2	50
10	2	3	25
10	2	4	44
10	2	5	75
11	13	1	83
11	13	2	34
11	13	3	27
11	13	4	60
11	13	5	80
11	10	1	87
11	10	2	32
11	10	3	21
11	10	4	50
11	10	5	80
11	8	1	85
11	8	2	59
11	8	3	19
11	8	4	36
11	8	5	86
11	1	1	90
11	1	2	42
11	1	3	19
11	1	4	38
11	1	5	93
11	14	1	76
11	14	2	60
11	14	3	12
11	14	4	54
11	14	5	97
11	15	1	88
11	15	2	31
11	15	3	26
11	15	4	55
11	15	5	83
11	7	1	75
11	7	2	36
11	7	3	23
11	7	4	32
11	7	5	86
11	12	1	90
11	12	2	40
11	12	3	22
11	12	4	46
11	12	5	72
11	6	1	72
11	6	2	37
11	6	3	16
11	6	4	36
11	6	5	70
11	9	1	95
11	9	2	41
11	9	3	25
11	9	4	34
11	9	5	82
11	5	1	80
11	5	2	40
11	5	3	17
11	5	4	40
11	5	5	94
11	4	1	93
11	4	2	46
11	4	3	10
11	4	4	48
11	4	5	84
11	3	1	75
11	3	2	55
11	3	3	26
11	3	4	41
11	3	5	76
11	2	1	74
11	2	2	46
11	2	3	12
11	2	4	56
11	2	5	95
12	6	1	90
12	6	2	45
12	6	3	25
12	6	4	32
12	6	5	80
12	4	1	86
12	4	2	44
12	4	3	10
12	4	4	59
12	4	5	91
12	1	1	72
12	1	2	54
12	1	3	28
12	1	4	50
12	1	5	71
12	13	1	91
12	13	2	52
12	13	3	19
12	13	4	30
12	13	5	95
12	10	1	97
12	10	2	51
12	10	3	16
12	10	4	55
12	10	5	87
12	11	1	83
12	11	2	52
12	11	3	17
12	11	4	45
12	11	5	88
12	8	1	91
12	8	2	36
12	8	3	14
12	8	4	54
12	8	5	97
12	9	1	93
12	9	2	45
12	9	3	24
12	9	4	49
12	9	5	98
12	2	1	83
12	2	2	45
12	2	3	23
12	2	4	32
12	2	5	88
12	7	1	96
12	7	2	41
12	7	3	28
12	7	4	44
12	7	5	94
12	14	1	73
12	14	2	55
12	14	3	17
12	14	4	37
12	14	5	85
12	15	1	91
12	15	2	57
12	15	3	27
12	15	4	38
12	15	5	83
12	3	1	81
12	3	2	38
12	3	3	27
12	3	4	35
12	3	5	99
12	5	1	74
12	5	2	36
12	5	3	29
12	5	4	37
12	5	5	91
13	10	1	94
13	10	2	57
13	10	3	13
13	10	4	43
13	10	5	82
13	11	1	83
13	11	2	58
13	11	3	19
13	11	4	35
13	11	5	71
13	8	1	94
13	8	2	60
13	8	3	23
13	8	4	53
13	8	5	73
13	1	1	89
13	1	2	43
13	1	3	18
13	1	4	56
13	1	5	71
13	7	1	89
13	7	2	47
13	7	3	24
13	7	4	39
13	7	5	72
13	14	1	85
13	14	2	42
13	14	3	18
13	14	4	30
13	14	5	73
13	15	1	96
13	15	2	39
13	15	3	18
13	15	4	51
13	15	5	77
13	6	1	95
13	6	2	53
13	6	3	23
13	6	4	57
13	6	5	98
13	9	1	83
13	9	2	40
13	9	3	15
13	9	4	58
13	9	5	97
13	5	1	89
13	5	2	53
13	5	3	17
13	5	4	51
13	5	5	89
13	12	1	95
13	12	2	49
13	12	3	23
13	12	4	59
13	12	5	82
13	4	1	83
13	4	2	53
13	4	3	10
13	4	4	42
13	4	5	91
13	3	1	93
13	3	2	52
13	3	3	19
13	3	4	32
13	3	5	94
13	2	1	80
13	2	2	42
13	2	3	30
13	2	4	54
13	2	5	96
14	15	1	90
14	15	2	41
14	15	3	21
14	15	4	47
14	15	5	77
14	7	1	77
14	7	2	47
14	7	3	21
14	7	4	47
14	7	5	100
14	5	1	94
14	5	2	35
14	5	3	22
14	5	4	52
14	5	5	73
14	8	1	97
14	8	2	52
14	8	3	11
14	8	4	45
14	8	5	74
14	10	1	85
14	10	2	54
14	10	3	30
14	10	4	49
14	10	5	70
14	13	1	89
14	13	2	45
14	13	3	19
14	13	4	47
14	13	5	96
14	9	1	78
14	9	2	60
14	9	3	26
14	9	4	58
14	9	5	85
14	3	1	74
14	3	2	59
14	3	3	28
14	3	4	34
14	3	5	95
14	11	1	70
14	11	2	36
14	11	3	30
14	11	4	30
14	11	5	80
14	1	1	79
14	1	2	55
14	1	3	21
14	1	4	52
14	1	5	93
14	6	1	75
14	6	2	39
14	6	3	13
14	6	4	55
14	6	5	100
14	2	1	90
14	2	2	35
14	2	3	19
14	2	4	52
14	2	5	100
14	12	1	73
14	12	2	56
14	12	3	28
14	12	4	58
14	12	5	100
14	4	1	70
14	4	2	53
14	4	3	11
14	4	4	54
14	4	5	74
15	14	1	96
15	14	2	30
15	14	3	15
15	14	4	57
15	14	5	95
15	7	1	73
15	7	2	43
15	7	3	26
15	7	4	37
15	7	5	81
15	5	1	75
15	5	2	60
15	5	3	14
15	5	4	58
15	5	5	89
15	8	1	98
15	8	2	58
15	8	3	18
15	8	4	58
15	8	5	92
15	10	1	97
15	10	2	46
15	10	3	23
15	10	4	31
15	10	5	93
15	13	1	86
15	13	2	34
15	13	3	25
15	13	4	50
15	13	5	93
15	9	1	75
15	9	2	52
15	9	3	11
15	9	4	50
15	9	5	87
15	3	1	89
15	3	2	37
15	3	3	17
15	3	4	33
15	3	5	88
15	11	1	91
15	11	2	44
15	11	3	19
15	11	4	36
15	11	5	89
15	1	1	84
15	1	2	41
15	1	3	28
15	1	4	35
15	1	5	74
15	6	1	97
15	6	2	53
15	6	3	11
15	6	4	33
15	6	5	100
15	2	1	86
15	2	2	37
15	2	3	27
15	2	4	49
15	2	5	87
15	12	1	83
15	12	2	50
15	12	3	16
15	12	4	60
15	12	5	73
15	4	1	95
15	4	2	54
15	4	3	25
15	4	4	51
15	4	5	75
0	1	1	77
0	1	2	35
0	1	3	25
0	1	4	38
0	1	5	73
0	10	1	83
0	10	2	52
0	10	3	16
0	10	4	54
0	10	5	74
0	13	1	81
0	13	2	48
0	13	3	22
0	13	4	54
0	13	5	81
0	6	1	76
0	6	2	38
0	6	3	22
0	6	4	32
0	6	5	83
0	9	1	92
0	9	2	47
0	9	3	16
0	9	4	38
0	9	5	94
0	7	1	80
0	7	2	45
0	7	3	17
0	7	4	34
0	7	5	98
0	8	1	100
0	8	2	40
0	8	3	22
0	8	4	38
0	8	5	84
0	11	1	99
0	11	2	36
0	11	3	30
0	11	4	44
0	11	5	89
0	14	1	82
0	14	2	43
0	14	3	29
0	14	4	37
0	14	5	73
0	4	1	92
0	4	2	41
0	4	3	22
0	4	4	52
0	4	5	93
0	12	1	74
0	12	2	38
0	12	3	11
0	12	4	47
0	12	5	77
0	5	1	86
0	5	2	36
0	5	3	28
0	5	4	39
0	5	5	94
0	15	1	82
0	15	2	57
0	15	3	20
0	15	4	47
0	15	5	74
0	2	1	75
0	2	2	37
0	2	3	20
0	2	4	37
0	2	5	90
0	3	1	80
0	3	2	39
0	3	3	24
0	3	4	41
0	3	5	81
1	0	1	83
1	0	2	30
1	0	3	21
1	0	4	36
1	0	5	95
10	0	1	75
10	0	2	45
10	0	3	25
10	0	4	42
10	0	5	90
13	0	1	72
13	0	2	36
13	0	3	13
13	0	4	30
13	0	5	84
6	0	1	99
6	0	2	57
6	0	3	10
6	0	4	30
6	0	5	88
9	0	1	85
9	0	2	36
9	0	3	25
9	0	4	40
9	0	5	83
7	0	1	99
7	0	2	33
7	0	3	19
7	0	4	48
7	0	5	78
8	0	1	90
8	0	2	33
8	0	3	18
8	0	4	31
8	0	5	72
11	0	1	73
11	0	2	53
11	0	3	22
11	0	4	35
11	0	5	87
14	0	1	85
14	0	2	46
14	0	3	10
14	0	4	51
14	0	5	81
4	0	1	74
4	0	2	41
4	0	3	17
4	0	4	53
4	0	5	81
12	0	1	87
12	0	2	48
12	0	3	24
12	0	4	46
12	0	5	87
5	0	1	84
5	0	2	50
5	0	3	19
5	0	4	32
5	0	5	79
15	0	1	97
15	0	2	41
15	0	3	15
15	0	4	45
15	0	5	100
2	0	1	72
2	0	2	50
2	0	3	24
2	0	4	33
2	0	5	72
3	0	1	84
3	0	2	46
3	0	3	25
3	0	4	53
3	0	5	82
;
param:	g:=
1	6	1	1	0.442913
1	6	1	2	0.854183
1	6	2	1	0.246504
1	6	2	2	0.287741
1	6	3	1	0.287219
1	6	3	2	0.355115
1	6	4	1	0.259262
1	6	4	2	0.310848
1	6	5	1	0.494484
1	6	5	2	1.032048
1	10	1	1	0.502258
1	10	1	2	1.059427
1	10	2	1	0.289880
1	10	2	2	0.384419
1	10	3	1	0.326472
1	10	3	2	0.399619
1	10	4	1	0.246131
1	10	4	2	0.288274
1	10	5	1	0.360770
1	10	5	2	0.587924
1	13	1	1	0.457136
1	13	1	2	0.902539
1	13	2	1	0.286163
1	13	2	2	0.374817
1	13	3	1	0.397708
1	13	3	2	0.465383
1	13	4	1	0.247069
1	13	4	2	0.288257
1	13	5	1	0.360770
1	13	5	2	0.587924
1	12	1	1	0.390210
1	12	1	2	0.680469
1	12	2	1	0.264155
1	12	2	2	0.321560
1	12	3	1	0.295088
1	12	3	2	0.364835
1	12	4	1	0.266846
1	12	4	2	0.327669
1	12	5	1	0.457136
1	12	5	2	0.902539
1	4	1	1	0.415716
1	4	1	2	0.763383
1	4	2	1	0.261626
1	4	2	2	0.315953
1	4	3	1	0.248870
1	4	3	2	0.295725
1	4	4	1	0.246504
1	4	4	2	0.287741
1	4	5	1	0.415716
1	4	5	2	0.763383
1	11	1	1	0.378104
1	11	1	2	0.641971
1	11	2	1	0.250135
1	11	2	2	0.292905
1	11	3	1	0.356456
1	11	3	2	0.428864
1	11	4	1	0.306076
1	11	4	2	0.427793
1	11	5	1	0.576712
1	11	5	2	1.327989
1	9	1	1	0.429105
1	9	1	2	0.807797
1	9	2	1	0.246504
1	9	2	2	0.287741
1	9	3	1	0.340328
1	9	3	2	0.413505
1	9	4	1	0.279143
1	9	4	2	0.357106
1	9	5	1	0.378104
1	9	5	2	0.641971
1	8	1	1	0.372215
1	8	1	2	0.623462
1	8	2	1	0.289880
1	8	2	2	0.384419
1	8	3	1	0.287219
1	8	3	2	0.355115
1	8	4	1	0.301833
1	8	4	2	0.416205
1	8	5	1	0.378104
1	8	5	2	0.641971
1	7	1	1	0.457136
1	7	1	2	0.902539
1	7	2	1	0.253223
1	7	2	2	0.298561
1	7	3	1	0.295088
1	7	3	2	0.364835
1	7	4	1	0.257070
1	7	4	2	0.306247
1	7	5	1	0.422358
1	7	5	2	0.785344
1	2	1	1	0.396426
1	2	1	2	0.700458
1	2	2	1	0.272696
1	2	2	2	0.341388
1	2	3	1	0.424417
1	2	3	2	0.487653
1	2	4	1	0.253223
1	2	4	2	0.298561
1	2	5	1	0.390210
1	2	5	2	0.680469
1	14	1	1	0.422358
1	14	1	2	0.785344
1	14	2	1	0.286163
1	14	2	2	0.374817
1	14	3	1	0.260803
1	14	3	2	0.317588
1	14	4	1	0.247870
1	14	4	2	0.289292
1	14	5	1	0.551002
1	14	5	2	1.234039
1	15	1	1	0.435957
1	15	1	2	0.830744
1	15	2	1	0.289880
1	15	2	2	0.384419
1	15	3	1	0.356456
1	15	3	2	0.428864
1	15	4	1	0.306076
1	15	4	2	0.427793
1	15	5	1	0.409180
1	15	5	2	0.741915
1	5	1	1	0.378104
1	5	1	2	0.641971
1	5	2	1	0.297717
1	5	2	2	0.405114
1	5	3	1	0.326472
1	5	3	2	0.399619
1	5	4	1	0.264155
1	5	4	2	0.321560
1	5	5	1	0.471770
1	5	5	2	0.952865
1	3	1	1	0.526181
1	3	1	2	1.144518
1	3	2	1	0.247870
1	3	2	2	0.289292
1	3	3	1	0.340328
1	3	3	2	0.413505
1	3	4	1	0.248895
1	3	4	2	0.290842
1	3	5	1	0.422358
1	3	5	2	0.785344
2	9	1	1	0.457136
2	9	1	2	0.902539
2	9	2	1	0.250135
2	9	2	2	0.292905
2	9	3	1	0.250401
2	9	3	2	0.298951
2	9	4	1	0.310446
2	9	4	2	0.439877
2	9	5	1	0.486811
2	9	5	2	1.005161
2	3	1	1	0.576712
2	3	1	2	1.327989
2	3	2	1	0.248895
2	3	2	2	0.290842
2	3	3	1	0.257483
2	3	3	2	0.312044
2	3	4	1	0.257070
2	3	4	2	0.306247
2	3	5	1	0.486811
2	3	5	2	1.005161
2	6	1	1	0.518107
2	6	1	2	1.115662
2	6	2	1	0.248870
2	6	2	2	0.295725
2	6	3	1	0.295088
2	6	3	2	0.364835
2	6	4	1	0.264155
2	6	4	2	0.321560
2	6	5	1	0.366437
2	6	5	2	0.605446
2	4	1	1	0.422358
2	4	1	2	0.785344
2	4	2	1	0.272696
2	4	2	2	0.341388
2	4	3	1	0.264683
2	4	3	2	0.323750
2	4	4	1	0.286163
2	4	4	2	0.374817
2	4	5	1	0.551002
2	4	5	2	1.234039
2	1	1	1	0.526181
2	1	1	2	1.144518
2	1	2	1	0.266846
2	1	2	2	0.327669
2	1	3	1	0.314502
2	1	3	2	0.386980
2	1	4	1	0.275847
2	1	4	2	0.348998
2	1	5	1	0.429105
2	1	5	2	0.807797
2	7	1	1	0.422358
2	7	1	2	0.785344
2	7	2	1	0.259262
2	7	2	2	0.310848
2	7	3	1	0.280358
2	7	3	2	0.346196
2	7	4	1	0.259262
2	7	4	2	0.310848
2	7	5	1	0.568043
2	7	5	2	1.296180
2	5	1	1	0.449973
2	5	1	2	0.878115
2	5	2	1	0.301833
2	5	2	2	0.416205
2	5	3	1	0.280358
2	5	3	2	0.346196
2	5	4	1	0.246870
2	5	4	2	0.290921
2	5	5	1	0.518107
2	5	5	2	1.115662
2	10	1	1	0.576712
2	10	1	2	1.327989
2	10	2	1	0.250135
2	10	2	2	0.292905
2	10	3	1	0.260803
2	10	3	2	0.317588
2	10	4	1	0.247069
2	10	4	2	0.288257
2	10	5	1	0.435957
2	10	5	2	0.830744
2	13	1	1	0.435957
2	13	1	2	0.830744
2	13	2	1	0.246870
2	13	2	2	0.290921
2	13	3	1	0.397708
2	13	3	2	0.465383
2	13	4	1	0.301833
2	13	4	2	0.416205
2	13	5	1	0.464402
2	13	5	2	0.927456
2	12	1	1	0.526181
2	12	1	2	1.144518
2	12	2	1	0.293733
2	12	2	2	0.394518
2	12	3	1	0.340328
2	12	3	2	0.413505
2	12	4	1	0.310446
2	12	4	2	0.439877
2	12	5	1	0.372215
2	12	5	2	0.623462
2	14	1	1	0.502258
2	14	1	2	1.059427
2	14	2	1	0.257070
2	14	2	2	0.306247
2	14	3	1	0.326472
2	14	3	2	0.399619
2	14	4	1	0.251580
2	14	4	2	0.295478
2	14	5	1	0.435957
2	14	5	2	0.830744
2	15	1	1	0.360770
2	15	1	2	0.587924
2	15	2	1	0.266846
2	15	2	2	0.327669
2	15	3	1	0.424417
2	15	3	2	0.487653
2	15	4	1	0.257070
2	15	4	2	0.306247
2	15	5	1	0.568043
2	15	5	2	1.296180
2	8	1	1	0.471770
2	8	1	2	0.952865
2	8	2	1	0.293733
2	8	2	2	0.394518
2	8	3	1	0.326472
2	8	3	2	0.399619
2	8	4	1	0.269695
2	8	4	2	0.334278
2	8	5	1	0.415716
2	8	5	2	0.763383
2	11	1	1	0.568043
2	11	1	2	1.296180
2	11	2	1	0.248870
2	11	2	2	0.295725
2	11	3	1	0.269185
2	11	3	2	0.330552
2	11	4	1	0.301833
2	11	4	2	0.416205
2	11	5	1	0.372215
2	11	5	2	0.623462
3	9	1	1	0.429105
3	9	1	2	0.807797
3	9	2	1	0.293733
3	9	2	2	0.394518
3	9	3	1	0.295088
3	9	3	2	0.364835
3	9	4	1	0.246187
3	9	4	2	0.287745
3	9	5	1	0.502258
3	9	5	2	1.059427
3	5	1	1	0.510132
3	5	1	2	1.087298
3	5	2	1	0.266846
3	5	2	2	0.327669
3	5	3	1	0.254672
3	5	3	2	0.307099
3	5	4	1	0.272696
3	5	4	2	0.341388
3	5	5	1	0.415716
3	5	5	2	0.763383
3	7	1	1	0.486811
3	7	1	2	1.005161
3	7	2	1	0.286163
3	7	2	2	0.374817
3	7	3	1	0.248870
3	7	3	2	0.295725
3	7	4	1	0.247702
3	7	4	2	0.293050
3	7	5	1	0.449973
3	7	5	2	0.878115
3	2	1	1	0.526181
3	2	1	2	1.144518
3	2	2	1	0.275847
3	2	2	2	0.348998
3	2	3	1	0.269185
3	2	3	2	0.330552
3	2	4	1	0.306076
3	2	4	2	0.427793
3	2	5	1	0.442913
3	2	5	2	0.854183
3	14	1	1	0.415716
3	14	1	2	0.763383
3	14	2	1	0.301833
3	14	2	2	0.416205
3	14	3	1	0.340328
3	14	3	2	0.413505
3	14	4	1	0.247870
3	14	4	2	0.289292
3	14	5	1	0.366437
3	14	5	2	0.605446
3	15	1	1	0.442913
3	15	1	2	0.854183
3	15	2	1	0.246353
3	15	2	2	0.289331
3	15	3	1	0.248870
3	15	3	2	0.295725
3	15	4	1	0.247069
3	15	4	2	0.288257
3	15	5	1	0.502258
3	15	5	2	1.059427
3	10	1	1	0.366437
3	10	1	2	0.605446
3	10	2	1	0.251580
3	10	2	2	0.295478
3	10	3	1	0.274382
3	10	3	2	0.338023
3	10	4	1	0.250135
3	10	4	2	0.292905
3	10	5	1	0.486811
3	10	5	2	1.005161
3	6	1	1	0.378104
3	6	1	2	0.641971
3	6	2	1	0.310446
3	6	2	2	0.439877
3	6	3	1	0.287219
3	6	3	2	0.355115
3	6	4	1	0.246187
3	6	4	2	0.287745
3	6	5	1	0.551002
3	6	5	2	1.234039
3	1	1	1	0.510132
3	1	1	2	1.087298
3	1	2	1	0.253223
3	1	2	2	0.298561
3	1	3	1	0.424417
3	1	3	2	0.487653
3	1	4	1	0.264155
3	1	4	2	0.321560
3	1	5	1	0.534355
3	1	5	2	1.173866
3	13	1	1	0.409180
3	13	1	2	0.741915
3	13	2	1	0.261626
3	13	2	2	0.315953
3	13	3	1	0.356456
3	13	3	2	0.428864
3	13	4	1	0.257070
3	13	4	2	0.306247
3	13	5	1	0.479240
3	13	5	2	0.978767
3	8	1	1	0.372215
3	8	1	2	0.623462
3	8	2	1	0.246504
3	8	2	2	0.287741
3	8	3	1	0.260803
3	8	3	2	0.317588
3	8	4	1	0.246353
3	8	4	2	0.289331
3	8	5	1	0.415716
3	8	5	2	0.763383
3	4	1	1	0.396426
3	4	1	2	0.700458
3	4	2	1	0.246131
3	4	2	2	0.288274
3	4	3	1	0.248870
3	4	3	2	0.295725
3	4	4	1	0.257070
3	4	4	2	0.306247
3	4	5	1	0.568043
3	4	5	2	1.296180
3	11	1	1	0.442913
3	11	1	2	0.854183
3	11	2	1	0.253223
3	11	2	2	0.298561
3	11	3	1	0.287219
3	11	3	2	0.355115
3	11	4	1	0.255055
3	11	4	2	0.302151
3	11	5	1	0.366437
3	11	5	2	0.605446
3	12	1	1	0.442913
3	12	1	2	0.854183
3	12	2	1	0.247069
3	12	2	2	0.288257
3	12	3	1	0.340328
3	12	3	2	0.413505
3	12	4	1	0.293733
3	12	4	2	0.394518
3	12	5	1	0.534355
3	12	5	2	1.173866
4	6	1	1	0.366437
4	6	1	2	0.605446
4	6	2	1	0.266846
4	6	2	2	0.327669
4	6	3	1	0.257483
4	6	3	2	0.312044
4	6	4	1	0.264155
4	6	4	2	0.321560
4	6	5	1	0.534355
4	6	5	2	1.173866
4	12	1	1	0.372215
4	12	1	2	0.623462
4	12	2	1	0.306076
4	12	2	2	0.427793
4	12	3	1	0.326472
4	12	3	2	0.399619
4	12	4	1	0.259262
4	12	4	2	0.310848
4	12	5	1	0.378104
4	12	5	2	0.641971
4	1	1	1	0.360770
4	1	1	2	0.587924
4	1	2	1	0.253223
4	1	2	2	0.298561
4	1	3	1	0.356456
4	1	3	2	0.428864
4	1	4	1	0.310446
4	1	4	2	0.439877
4	1	5	1	0.559473
4	1	5	2	1.264864
4	2	1	1	0.551002
4	2	1	2	1.234039
4	2	2	1	0.310446
4	2	2	2	0.439877
4	2	3	1	0.456768
4	2	3	2	0.513825
4	2	4	1	0.266846
4	2	4	2	0.327669
4	2	5	1	0.471770
4	2	5	2	0.952865
4	9	1	1	0.372215
4	9	1	2	0.623462
4	9	2	1	0.246187
4	9	2	2	0.287745
4	9	3	1	0.456768
4	9	3	2	0.513825
4	9	4	1	0.297717
4	9	4	2	0.405114
4	9	5	1	0.372215
4	9	5	2	0.623462
4	10	1	1	0.494484
4	10	1	2	1.032048
4	10	2	1	0.257070
4	10	2	2	0.306247
4	10	3	1	0.424417
4	10	3	2	0.487653
4	10	4	1	0.247702
4	10	4	2	0.293050
4	10	5	1	0.396426
4	10	5	2	0.700458
4	13	1	1	0.559473
4	13	1	2	1.264864
4	13	2	1	0.247702
4	13	2	2	0.293050
4	13	3	1	0.456768
4	13	3	2	0.513825
4	13	4	1	0.279143
4	13	4	2	0.357106
4	13	5	1	0.464402
4	13	5	2	0.927456
4	11	1	1	0.486811
4	11	1	2	1.005161
4	11	2	1	0.293733
4	11	2	2	0.394518
4	11	3	1	0.260803
4	11	3	2	0.317588
4	11	4	1	0.246870
4	11	4	2	0.290921
4	11	5	1	0.372215
4	11	5	2	0.623462
4	3	1	1	0.559473
4	3	1	2	1.264864
4	3	2	1	0.259262
4	3	2	2	0.310848
4	3	3	1	0.314502
4	3	3	2	0.386980
4	3	4	1	0.286163
4	3	4	2	0.374817
4	3	5	1	0.384103
4	3	5	2	0.660973
4	7	1	1	0.360770
4	7	1	2	0.587924
4	7	2	1	0.257070
4	7	2	2	0.306247
4	7	3	1	0.397708
4	7	3	2	0.465383
4	7	4	1	0.247870
4	7	4	2	0.289292
4	7	5	1	0.409180
4	7	5	2	0.741915
4	8	1	1	0.518107
4	8	1	2	1.115662
4	8	2	1	0.248895
4	8	2	2	0.290842
4	8	3	1	0.304119
4	8	3	2	0.375426
4	8	4	1	0.297717
4	8	4	2	0.405114
4	8	5	1	0.390210
4	8	5	2	0.680469
4	5	1	1	0.457136
4	5	1	2	0.902539
4	5	2	1	0.246353
4	5	2	2	0.289331
4	5	3	1	0.375359
4	5	3	2	0.446007
4	5	4	1	0.293733
4	5	4	2	0.394518
4	5	5	1	0.402749
4	5	5	2	0.720940
4	14	1	1	0.409180
4	14	1	2	0.741915
4	14	2	1	0.247069
4	14	2	2	0.288257
4	14	3	1	0.397708
4	14	3	2	0.465383
4	14	4	1	0.253223
4	14	4	2	0.298561
4	14	5	1	0.457136
4	14	5	2	0.902539
4	15	1	1	0.449973
4	15	1	2	0.878115
4	15	2	1	0.264155
4	15	2	2	0.321560
4	15	3	1	0.248870
4	15	3	2	0.295725
4	15	4	1	0.264155
4	15	4	2	0.321560
4	15	5	1	0.568043
4	15	5	2	1.296180
5	7	1	1	0.518107
5	7	1	2	1.115662
5	7	2	1	0.247702
5	7	2	2	0.293050
5	7	3	1	0.248870
5	7	3	2	0.295725
5	7	4	1	0.247069
5	7	4	2	0.288257
5	7	5	1	0.534355
5	7	5	2	1.173866
5	14	1	1	0.510132
5	14	1	2	1.087298
5	14	2	1	0.251580
5	14	2	2	0.295478
5	14	3	1	0.397708
5	14	3	2	0.465383
5	14	4	1	0.301833
5	14	4	2	0.416205
5	14	5	1	0.449973
5	14	5	2	0.878115
5	15	1	1	0.409180
5	15	1	2	0.741915
5	15	2	1	0.246353
5	15	2	2	0.289331
5	15	3	1	0.340328
5	15	3	2	0.413505
5	15	4	1	0.297717
5	15	4	2	0.405114
5	15	5	1	0.457136
5	15	5	2	0.902539
5	9	1	1	0.384103
5	9	1	2	0.660973
5	9	2	1	0.261626
5	9	2	2	0.315953
5	9	3	1	0.260803
5	9	3	2	0.317588
5	9	4	1	0.250135
5	9	4	2	0.292905
5	9	5	1	0.502258
5	9	5	2	1.059427
5	3	1	1	0.360770
5	3	1	2	0.587924
5	3	2	1	0.301833
5	3	2	2	0.416205
5	3	3	1	0.456768
5	3	3	2	0.513825
5	3	4	1	0.264155
5	3	4	2	0.321560
5	3	5	1	0.486811
5	3	5	2	1.005161
5	8	1	1	0.390210
5	8	1	2	0.680469
5	8	2	1	0.266846
5	8	2	2	0.327669
5	8	3	1	0.340328
5	8	3	2	0.413505
5	8	4	1	0.275847
5	8	4	2	0.348998
5	8	5	1	0.449973
5	8	5	2	0.878115
5	10	1	1	0.396426
5	10	1	2	0.700458
5	10	2	1	0.250135
5	10	2	2	0.292905
5	10	3	1	0.287219
5	10	3	2	0.355115
5	10	4	1	0.247069
5	10	4	2	0.288257
5	10	5	1	0.360770
5	10	5	2	0.587924
5	13	1	1	0.372215
5	13	1	2	0.623462
5	13	2	1	0.297717
5	13	2	2	0.405114
5	13	3	1	0.264683
5	13	3	2	0.323750
5	13	4	1	0.286163
5	13	4	2	0.374817
5	13	5	1	0.390210
5	13	5	2	0.680469
5	1	1	1	0.551002
5	1	1	2	1.234039
5	1	2	1	0.297717
5	1	2	2	0.405114
5	1	3	1	0.397708
5	1	3	2	0.465383
5	1	4	1	0.250135
5	1	4	2	0.292905
5	1	5	1	0.464402
5	1	5	2	0.927456
5	2	1	1	0.559473
5	2	1	2	1.264864
5	2	2	1	0.246504
5	2	2	2	0.287741
5	2	3	1	0.304119
5	2	3	2	0.375426
5	2	4	1	0.247702
5	2	4	2	0.293050
5	2	5	1	0.568043
5	2	5	2	1.296180
5	11	1	1	0.378104
5	11	1	2	0.641971
5	11	2	1	0.306076
5	11	2	2	0.427793
5	11	3	1	0.295088
5	11	3	2	0.364835
5	11	4	1	0.246870
5	11	4	2	0.290921
5	11	5	1	0.518107
5	11	5	2	1.115662
5	6	1	1	0.402749
5	6	1	2	0.720940
5	6	2	1	0.247702
5	6	2	2	0.293050
5	6	3	1	0.424417
5	6	3	2	0.487653
5	6	4	1	0.279143
5	6	4	2	0.357106
5	6	5	1	0.551002
5	6	5	2	1.234039
5	4	1	1	0.429105
5	4	1	2	0.807797
5	4	2	1	0.282583
5	4	2	2	0.365713
5	4	3	1	0.274382
5	4	3	2	0.338023
5	4	4	1	0.306076
5	4	4	2	0.427793
5	4	5	1	0.366437
5	4	5	2	0.605446
5	12	1	1	0.409180
5	12	1	2	0.741915
5	12	2	1	0.253223
5	12	2	2	0.298561
5	12	3	1	0.269185
5	12	3	2	0.330552
5	12	4	1	0.266846
5	12	4	2	0.327669
5	12	5	1	0.409180
5	12	5	2	0.741915
6	1	1	1	0.486811
6	1	1	2	1.005161
6	1	2	1	0.259262
6	1	2	2	0.310848
6	1	3	1	0.356456
6	1	3	2	0.428864
6	1	4	1	0.282583
6	1	4	2	0.365713
6	1	5	1	0.576712
6	1	5	2	1.327989
6	4	1	1	0.534355
6	4	1	2	1.173866
6	4	2	1	0.257070
6	4	2	2	0.306247
6	4	3	1	0.304119
6	4	3	2	0.375426
6	4	4	1	0.259262
6	4	4	2	0.310848
6	4	5	1	0.360770
6	4	5	2	0.587924
6	12	1	1	0.435957
6	12	1	2	0.830744
6	12	2	1	0.266846
6	12	2	2	0.327669
6	12	3	1	0.248870
6	12	3	2	0.295725
6	12	4	1	0.266846
6	12	4	2	0.327669
6	12	5	1	0.486811
6	12	5	2	1.005161
6	2	1	1	0.479240
6	2	1	2	0.978767
6	2	2	1	0.255055
6	2	2	2	0.302151
6	2	3	1	0.397708
6	2	3	2	0.465383
6	2	4	1	0.253223
6	2	4	2	0.298561
6	2	5	1	0.568043
6	2	5	2	1.296180
6	10	1	1	0.568043
6	10	1	2	1.296180
6	10	2	1	0.297717
6	10	2	2	0.405114
6	10	3	1	0.264683
6	10	3	2	0.323750
6	10	4	1	0.259262
6	10	4	2	0.310848
6	10	5	1	0.576712
6	10	5	2	1.327989
6	9	1	1	0.429105
6	9	1	2	0.807797
6	9	2	1	0.248870
6	9	2	2	0.295725
6	9	3	1	0.295088
6	9	3	2	0.364835
6	9	4	1	0.279143
6	9	4	2	0.357106
6	9	5	1	0.486811
6	9	5	2	1.005161
6	13	1	1	0.502258
6	13	1	2	1.059427
6	13	2	1	0.253223
6	13	2	2	0.298561
6	13	3	1	0.248870
6	13	3	2	0.295725
6	13	4	1	0.257070
6	13	4	2	0.306247
6	13	5	1	0.479240
6	13	5	2	0.978767
6	11	1	1	0.409180
6	11	1	2	0.741915
6	11	2	1	0.279143
6	11	2	2	0.357106
6	11	3	1	0.250401
6	11	3	2	0.298951
6	11	4	1	0.269695
6	11	4	2	0.334278
6	11	5	1	0.559473
6	11	5	2	1.264864
6	7	1	1	0.366437
6	7	1	2	0.605446
6	7	2	1	0.301833
6	7	2	2	0.416205
6	7	3	1	0.397708
6	7	3	2	0.465383
6	7	4	1	0.297717
6	7	4	2	0.405114
6	7	5	1	0.568043
6	7	5	2	1.296180
6	8	1	1	0.526181
6	8	1	2	1.144518
6	8	2	1	0.306076
6	8	2	2	0.427793
6	8	3	1	0.375359
6	8	3	2	0.446007
6	8	4	1	0.255055
6	8	4	2	0.302151
6	8	5	1	0.378104
6	8	5	2	0.641971
6	3	1	1	0.442913
6	3	1	2	0.854183
6	3	2	1	0.257070
6	3	2	2	0.306247
6	3	3	1	0.456768
6	3	3	2	0.513825
6	3	4	1	0.247702
6	3	4	2	0.293050
6	3	5	1	0.457136
6	3	5	2	0.902539
6	5	1	1	0.422358
6	5	1	2	0.785344
6	5	2	1	0.264155
6	5	2	2	0.321560
6	5	3	1	0.280358
6	5	3	2	0.346196
6	5	4	1	0.269695
6	5	4	2	0.334278
6	5	5	1	0.415716
6	5	5	2	0.763383
6	14	1	1	0.486811
6	14	1	2	1.005161
6	14	2	1	0.251580
6	14	2	2	0.295478
6	14	3	1	0.254672
6	14	3	2	0.307099
6	14	4	1	0.259262
6	14	4	2	0.310848
6	14	5	1	0.457136
6	14	5	2	0.902539
6	15	1	1	0.402749
6	15	1	2	0.720940
6	15	2	1	0.301833
6	15	2	2	0.416205
6	15	3	1	0.250401
6	15	3	2	0.298951
6	15	4	1	0.272696
6	15	4	2	0.341388
6	15	5	1	0.479240
6	15	5	2	0.978767
7	5	1	1	0.402749
7	5	1	2	0.720940
7	5	2	1	0.279143
7	5	2	2	0.357106
7	5	3	1	0.260803
7	5	3	2	0.317588
7	5	4	1	0.257070
7	5	4	2	0.306247
7	5	5	1	0.366437
7	5	5	2	0.605446
7	14	1	1	0.576712
7	14	1	2	1.327989
7	14	2	1	0.247870
7	14	2	2	0.289292
7	14	3	1	0.260803
7	14	3	2	0.317588
7	14	4	1	0.289880
7	14	4	2	0.384419
7	14	5	1	0.568043
7	14	5	2	1.296180
7	15	1	1	0.568043
7	15	1	2	1.296180
7	15	2	1	0.246870
7	15	2	2	0.290921
7	15	3	1	0.254672
7	15	3	2	0.307099
7	15	4	1	0.246131
7	15	4	2	0.288274
7	15	5	1	0.568043
7	15	5	2	1.296180
7	9	1	1	0.502258
7	9	1	2	1.059427
7	9	2	1	0.253223
7	9	2	2	0.298561
7	9	3	1	0.264683
7	9	3	2	0.323750
7	9	4	1	0.250135
7	9	4	2	0.292905
7	9	5	1	0.372215
7	9	5	2	0.623462
7	10	1	1	0.559473
7	10	1	2	1.264864
7	10	2	1	0.246131
7	10	2	2	0.288274
7	10	3	1	0.424417
7	10	3	2	0.487653
7	10	4	1	0.259262
7	10	4	2	0.310848
7	10	5	1	0.378104
7	10	5	2	0.641971
7	8	1	1	0.471770
7	8	1	2	0.952865
7	8	2	1	0.289880
7	8	2	2	0.384419
7	8	3	1	0.375359
7	8	3	2	0.446007
7	8	4	1	0.301833
7	8	4	2	0.416205
7	8	5	1	0.378104
7	8	5	2	0.641971
7	13	1	1	0.429105
7	13	1	2	0.807797
7	13	2	1	0.246187
7	13	2	2	0.287745
7	13	3	1	0.340328
7	13	3	2	0.413505
7	13	4	1	0.246353
7	13	4	2	0.289331
7	13	5	1	0.526181
7	13	5	2	1.144518
7	3	1	1	0.449973
7	3	1	2	0.878115
7	3	2	1	0.247702
7	3	2	2	0.293050
7	3	3	1	0.375359
7	3	3	2	0.446007
7	3	4	1	0.246187
7	3	4	2	0.287745
7	3	5	1	0.576712
7	3	5	2	1.327989
7	1	1	1	0.576712
7	1	1	2	1.327989
7	1	2	1	0.255055
7	1	2	2	0.302151
7	1	3	1	0.314502
7	1	3	2	0.386980
7	1	4	1	0.246870
7	1	4	2	0.290921
7	1	5	1	0.378104
7	1	5	2	0.641971
7	11	1	1	0.526181
7	11	1	2	1.144518
7	11	2	1	0.289880
7	11	2	2	0.384419
7	11	3	1	0.252324
7	11	3	2	0.302739
7	11	4	1	0.297717
7	11	4	2	0.405114
7	11	5	1	0.435957
7	11	5	2	0.830744
7	6	1	1	0.360770
7	6	1	2	0.587924
7	6	2	1	0.297717
7	6	2	2	0.405114
7	6	3	1	0.269185
7	6	3	2	0.330552
7	6	4	1	0.247702
7	6	4	2	0.293050
7	6	5	1	0.510132
7	6	5	2	1.087298
7	2	1	1	0.366437
7	2	1	2	0.605446
7	2	2	1	0.253223
7	2	2	2	0.298561
7	2	3	1	0.456768
7	2	3	2	0.513825
7	2	4	1	0.246504
7	2	4	2	0.287741
7	2	5	1	0.542629
7	2	5	2	1.203706
7	4	1	1	0.442913
7	4	1	2	0.854183
7	4	2	1	0.289880
7	4	2	2	0.384419
7	4	3	1	0.397708
7	4	3	2	0.465383
7	4	4	1	0.261626
7	4	4	2	0.315953
7	4	5	1	0.457136
7	4	5	2	0.902539
7	12	1	1	0.494484
7	12	1	2	1.032048
7	12	2	1	0.261626
7	12	2	2	0.315953
7	12	3	1	0.314502
7	12	3	2	0.386980
7	12	4	1	0.264155
7	12	4	2	0.321560
7	12	5	1	0.372215
7	12	5	2	0.623462
8	10	1	1	0.518107
8	10	1	2	1.115662
8	10	2	1	0.250135
8	10	2	2	0.292905
8	10	3	1	0.304119
8	10	3	2	0.375426
8	10	4	1	0.247069
8	10	4	2	0.288257
8	10	5	1	0.494484
8	10	5	2	1.032048
8	13	1	1	0.568043
8	13	1	2	1.296180
8	13	2	1	0.253223
8	13	2	2	0.298561
8	13	3	1	0.264683
8	13	3	2	0.323750
8	13	4	1	0.293733
8	13	4	2	0.394518
8	13	5	1	0.384103
8	13	5	2	0.660973
8	11	1	1	0.378104
8	11	1	2	0.641971
8	11	2	1	0.246353
8	11	2	2	0.289331
8	11	3	1	0.375359
8	11	3	2	0.446007
8	11	4	1	0.246131
8	11	4	2	0.288274
8	11	5	1	0.390210
8	11	5	2	0.680469
8	14	1	1	0.366437
8	14	1	2	0.605446
8	14	2	1	0.282583
8	14	2	2	0.365713
8	14	3	1	0.295088
8	14	3	2	0.364835
8	14	4	1	0.306076
8	14	4	2	0.427793
8	14	5	1	0.518107
8	14	5	2	1.115662
8	15	1	1	0.409180
8	15	1	2	0.741915
8	15	2	1	0.255055
8	15	2	2	0.302151
8	15	3	1	0.274382
8	15	3	2	0.338023
8	15	4	1	0.250135
8	15	4	2	0.292905
8	15	5	1	0.479240
8	15	5	2	0.978767
8	7	1	1	0.510132
8	7	1	2	1.087298
8	7	2	1	0.246187
8	7	2	2	0.287745
8	7	3	1	0.252324
8	7	3	2	0.302739
8	7	4	1	0.247069
8	7	4	2	0.288257
8	7	5	1	0.559473
8	7	5	2	1.264864
8	5	1	1	0.442913
8	5	1	2	0.854183
8	5	2	1	0.301833
8	5	2	2	0.416205
8	5	3	1	0.424417
8	5	3	2	0.487653
8	5	4	1	0.297717
8	5	4	2	0.405114
8	5	5	1	0.378104
8	5	5	2	0.641971
8	1	1	1	0.360770
8	1	1	2	0.587924
8	1	2	1	0.275847
8	1	2	2	0.348998
8	1	3	1	0.248870
8	1	3	2	0.295725
8	1	4	1	0.266846
8	1	4	2	0.327669
8	1	5	1	0.486811
8	1	5	2	1.005161
8	9	1	1	0.542629
8	9	1	2	1.203706
8	9	2	1	0.248895
8	9	2	2	0.290842
8	9	3	1	0.424417
8	9	3	2	0.487653
8	9	4	1	0.259262
8	9	4	2	0.310848
8	9	5	1	0.366437
8	9	5	2	0.605446
8	6	1	1	0.510132
8	6	1	2	1.087298
8	6	2	1	0.293733
8	6	2	2	0.394518
8	6	3	1	0.264683
8	6	3	2	0.323750
8	6	4	1	0.253223
8	6	4	2	0.298561
8	6	5	1	0.360770
8	6	5	2	0.587924
8	12	1	1	0.479240
8	12	1	2	0.978767
8	12	2	1	0.255055
8	12	2	2	0.302151
8	12	3	1	0.260803
8	12	3	2	0.317588
8	12	4	1	0.247870
8	12	4	2	0.289292
8	12	5	1	0.559473
8	12	5	2	1.264864
8	3	1	1	0.390210
8	3	1	2	0.680469
8	3	2	1	0.301833
8	3	2	2	0.416205
8	3	3	1	0.456768
8	3	3	2	0.513825
8	3	4	1	0.248895
8	3	4	2	0.290842
8	3	5	1	0.464402
8	3	5	2	0.927456
8	2	1	1	0.457136
8	2	1	2	0.902539
8	2	2	1	0.259262
8	2	2	2	0.310848
8	2	3	1	0.254672
8	2	3	2	0.307099
8	2	4	1	0.293733
8	2	4	2	0.394518
8	2	5	1	0.402749
8	2	5	2	0.720940
8	4	1	1	0.360770
8	4	1	2	0.587924
8	4	2	1	0.257070
8	4	2	2	0.306247
8	4	3	1	0.260803
8	4	3	2	0.317588
8	4	4	1	0.246870
8	4	4	2	0.290921
8	4	5	1	0.442913
8	4	5	2	0.854183
9	3	1	1	0.551002
9	3	1	2	1.234039
9	3	2	1	0.246870
9	3	2	2	0.290921
9	3	3	1	0.274382
9	3	3	2	0.338023
9	3	4	1	0.301833
9	3	4	2	0.416205
9	3	5	1	0.551002
9	3	5	2	1.234039
9	7	1	1	0.372215
9	7	1	2	0.623462
9	7	2	1	0.246870
9	7	2	2	0.290921
9	7	3	1	0.280358
9	7	3	2	0.346196
9	7	4	1	0.259262
9	7	4	2	0.310848
9	7	5	1	0.510132
9	7	5	2	1.087298
9	5	1	1	0.526181
9	5	1	2	1.144518
9	5	2	1	0.255055
9	5	2	2	0.302151
9	5	3	1	0.304119
9	5	3	2	0.375426
9	5	4	1	0.289880
9	5	4	2	0.384419
9	5	5	1	0.372215
9	5	5	2	0.623462
9	2	1	1	0.471770
9	2	1	2	0.952865
9	2	2	1	0.251580
9	2	2	2	0.295478
9	2	3	1	0.252324
9	2	3	2	0.302739
9	2	4	1	0.297717
9	2	4	2	0.405114
9	2	5	1	0.449973
9	2	5	2	0.878115
9	14	1	1	0.471770
9	14	1	2	0.952865
9	14	2	1	0.257070
9	14	2	2	0.306247
9	14	3	1	0.287219
9	14	3	2	0.355115
9	14	4	1	0.279143
9	14	4	2	0.357106
9	14	5	1	0.471770
9	14	5	2	0.952865
9	1	1	1	0.457136
9	1	1	2	0.902539
9	1	2	1	0.247069
9	1	2	2	0.288257
9	1	3	1	0.250401
9	1	3	2	0.298951
9	1	4	1	0.246504
9	1	4	2	0.287741
9	1	5	1	0.372215
9	1	5	2	0.623462
9	15	1	1	0.576712
9	15	1	2	1.327989
9	15	2	1	0.246187
9	15	2	2	0.287745
9	15	3	1	0.397708
9	15	3	2	0.465383
9	15	4	1	0.279143
9	15	4	2	0.357106
9	15	5	1	0.559473
9	15	5	2	1.264864
9	10	1	1	0.422358
9	10	1	2	0.785344
9	10	2	1	0.247069
9	10	2	2	0.288257
9	10	3	1	0.326472
9	10	3	2	0.399619
9	10	4	1	0.247870
9	10	4	2	0.289292
9	10	5	1	0.390210
9	10	5	2	0.680469
9	6	1	1	0.551002
9	6	1	2	1.234039
9	6	2	1	0.293733
9	6	2	2	0.394518
9	6	3	1	0.264683
9	6	3	2	0.323750
9	6	4	1	0.246131
9	6	4	2	0.288274
9	6	5	1	0.479240
9	6	5	2	0.978767
9	13	1	1	0.542629
9	13	1	2	1.203706
9	13	2	1	0.246187
9	13	2	2	0.287745
9	13	3	1	0.250401
9	13	3	2	0.298951
9	13	4	1	0.246131
9	13	4	2	0.288274
9	13	5	1	0.402749
9	13	5	2	0.720940
9	8	1	1	0.378104
9	8	1	2	0.641971
9	8	2	1	0.246131
9	8	2	2	0.288274
9	8	3	1	0.260803
9	8	3	2	0.317588
9	8	4	1	0.266846
9	8	4	2	0.327669
9	8	5	1	0.449973
9	8	5	2	0.878115
9	4	1	1	0.366437
9	4	1	2	0.605446
9	4	2	1	0.246131
9	4	2	2	0.288274
9	4	3	1	0.250401
9	4	3	2	0.298951
9	4	4	1	0.250135
9	4	4	2	0.292905
9	4	5	1	0.442913
9	4	5	2	0.854183
9	11	1	1	0.378104
9	11	1	2	0.641971
9	11	2	1	0.246870
9	11	2	2	0.290921
9	11	3	1	0.248870
9	11	3	2	0.295725
9	11	4	1	0.246504
9	11	4	2	0.287741
9	11	5	1	0.486811
9	11	5	2	1.005161
9	12	1	1	0.576712
9	12	1	2	1.327989
9	12	2	1	0.310446
9	12	2	2	0.439877
9	12	3	1	0.397708
9	12	3	2	0.465383
9	12	4	1	0.246870
9	12	4	2	0.290921
9	12	5	1	0.449973
9	12	5	2	0.878115
10	13	1	1	0.559473
10	13	1	2	1.264864
10	13	2	1	0.293733
10	13	2	2	0.394518
10	13	3	1	0.375359
10	13	3	2	0.446007
10	13	4	1	0.306076
10	13	4	2	0.427793
10	13	5	1	0.551002
10	13	5	2	1.234039
10	8	1	1	0.360770
10	8	1	2	0.587924
10	8	2	1	0.310446
10	8	2	2	0.439877
10	8	3	1	0.257483
10	8	3	2	0.312044
10	8	4	1	0.246131
10	8	4	2	0.288274
10	8	5	1	0.402749
10	8	5	2	0.720940
10	11	1	1	0.372215
10	11	1	2	0.623462
10	11	2	1	0.246187
10	11	2	2	0.287745
10	11	3	1	0.274382
10	11	3	2	0.338023
10	11	4	1	0.246187
10	11	4	2	0.287745
10	11	5	1	0.409180
10	11	5	2	0.741915
10	1	1	1	0.384103
10	1	1	2	0.660973
10	1	2	1	0.289880
10	1	2	2	0.384419
10	1	3	1	0.264683
10	1	3	2	0.323750
10	1	4	1	0.253223
10	1	4	2	0.298561
10	1	5	1	0.510132
10	1	5	2	1.087298
10	7	1	1	0.372215
10	7	1	2	0.623462
10	7	2	1	0.293733
10	7	2	2	0.394518
10	7	3	1	0.295088
10	7	3	2	0.364835
10	7	4	1	0.264155
10	7	4	2	0.321560
10	7	5	1	0.494484
10	7	5	2	1.032048
10	14	1	1	0.542629
10	14	1	2	1.203706
10	14	2	1	0.253223
10	14	2	2	0.298561
10	14	3	1	0.356456
10	14	3	2	0.428864
10	14	4	1	0.251580
10	14	4	2	0.295478
10	14	5	1	0.551002
10	14	5	2	1.234039
10	15	1	1	0.449973
10	15	1	2	0.878115
10	15	2	1	0.251580
10	15	2	2	0.295478
10	15	3	1	0.326472
10	15	3	2	0.399619
10	15	4	1	0.293733
10	15	4	2	0.394518
10	15	5	1	0.429105
10	15	5	2	0.807797
10	9	1	1	0.396426
10	9	1	2	0.700458
10	9	2	1	0.246187
10	9	2	2	0.287745
10	9	3	1	0.326472
10	9	3	2	0.399619
10	9	4	1	0.253223
10	9	4	2	0.298561
10	9	5	1	0.576712
10	9	5	2	1.327989
10	6	1	1	0.360770
10	6	1	2	0.587924
10	6	2	1	0.275847
10	6	2	2	0.348998
10	6	3	1	0.260803
10	6	3	2	0.317588
10	6	4	1	0.264155
10	6	4	2	0.321560
10	6	5	1	0.464402
10	6	5	2	0.927456
10	5	1	1	0.396426
10	5	1	2	0.700458
10	5	2	1	0.247870
10	5	2	2	0.289292
10	5	3	1	0.248870
10	5	3	2	0.295725
10	5	4	1	0.266846
10	5	4	2	0.327669
10	5	5	1	0.471770
10	5	5	2	0.952865
10	12	1	1	0.559473
10	12	1	2	1.264864
10	12	2	1	0.248870
10	12	2	2	0.295725
10	12	3	1	0.250401
10	12	3	2	0.298951
10	12	4	1	0.269695
10	12	4	2	0.334278
10	12	5	1	0.486811
10	12	5	2	1.005161
10	4	1	1	0.457136
10	4	1	2	0.902539
10	4	2	1	0.248895
10	4	2	2	0.290842
10	4	3	1	0.397708
10	4	3	2	0.465383
10	4	4	1	0.275847
10	4	4	2	0.348998
10	4	5	1	0.502258
10	4	5	2	1.059427
10	3	1	1	0.384103
10	3	1	2	0.660973
10	3	2	1	0.255055
10	3	2	2	0.302151
10	3	3	1	0.248870
10	3	3	2	0.295725
10	3	4	1	0.310446
10	3	4	2	0.439877
10	3	5	1	0.390210
10	3	5	2	0.680469
10	2	1	1	0.415716
10	2	1	2	0.763383
10	2	2	1	0.272696
10	2	2	2	0.341388
10	2	3	1	0.260803
10	2	3	2	0.317588
10	2	4	1	0.257070
10	2	4	2	0.306247
10	2	5	1	0.390210
10	2	5	2	0.680469
11	13	1	1	0.442913
11	13	1	2	0.854183
11	13	2	1	0.246131
11	13	2	2	0.288274
11	13	3	1	0.254672
11	13	3	2	0.307099
11	13	4	1	0.310446
11	13	4	2	0.439877
11	13	5	1	0.422358
11	13	5	2	0.785344
11	10	1	1	0.471770
11	10	1	2	0.952865
11	10	2	1	0.246870
11	10	2	2	0.290921
11	10	3	1	0.280358
11	10	3	2	0.346196
11	10	4	1	0.272696
11	10	4	2	0.341388
11	10	5	1	0.422358
11	10	5	2	0.785344
11	8	1	1	0.457136
11	8	1	2	0.902539
11	8	2	1	0.306076
11	8	2	2	0.427793
11	8	3	1	0.295088
11	8	3	2	0.364835
11	8	4	1	0.246504
11	8	4	2	0.287741
11	8	5	1	0.464402
11	8	5	2	0.927456
11	1	1	1	0.494484
11	1	1	2	1.032048
11	1	2	1	0.253223
11	1	2	2	0.298561
11	1	3	1	0.295088
11	1	3	2	0.364835
11	1	4	1	0.247870
11	1	4	2	0.289292
11	1	5	1	0.518107
11	1	5	2	1.115662
11	14	1	1	0.396426
11	14	1	2	0.700458
11	14	2	1	0.310446
11	14	2	2	0.439877
11	14	3	1	0.397708
11	14	3	2	0.465383
11	14	4	1	0.286163
11	14	4	2	0.374817
11	14	5	1	0.551002
11	14	5	2	1.234039
11	15	1	1	0.479240
11	15	1	2	0.978767
11	15	2	1	0.247702
11	15	2	2	0.293050
11	15	3	1	0.257483
11	15	3	2	0.312044
11	15	4	1	0.289880
11	15	4	2	0.384419
11	15	5	1	0.442913
11	15	5	2	0.854183
11	7	1	1	0.390210
11	7	1	2	0.680469
11	7	2	1	0.246504
11	7	2	2	0.287741
11	7	3	1	0.269185
11	7	3	2	0.330552
11	7	4	1	0.246870
11	7	4	2	0.290921
11	7	5	1	0.464402
11	7	5	2	0.927456
11	12	1	1	0.494484
11	12	1	2	1.032048
11	12	2	1	0.250135
11	12	2	2	0.292905
11	12	3	1	0.274382
11	12	3	2	0.338023
11	12	4	1	0.261626
11	12	4	2	0.315953
11	12	5	1	0.372215
11	12	5	2	0.623462
11	6	1	1	0.372215
11	6	1	2	0.623462
11	6	2	1	0.247069
11	6	2	2	0.288257
11	6	3	1	0.326472
11	6	3	2	0.399619
11	6	4	1	0.246504
11	6	4	2	0.287741
11	6	5	1	0.360770
11	6	5	2	0.587924
11	9	1	1	0.534355
11	9	1	2	1.173866
11	9	2	1	0.251580
11	9	2	2	0.295478
11	9	3	1	0.260803
11	9	3	2	0.317588
11	9	4	1	0.246131
11	9	4	2	0.288274
11	9	5	1	0.435957
11	9	5	2	0.830744
11	5	1	1	0.422358
11	5	1	2	0.785344
11	5	2	1	0.250135
11	5	2	2	0.292905
11	5	3	1	0.314502
11	5	3	2	0.386980
11	5	4	1	0.250135
11	5	4	2	0.292905
11	5	5	1	0.526181
11	5	5	2	1.144518
11	4	1	1	0.518107
11	4	1	2	1.115662
11	4	2	1	0.261626
11	4	2	2	0.315953
11	4	3	1	0.456768
11	4	3	2	0.513825
11	4	4	1	0.266846
11	4	4	2	0.327669
11	4	5	1	0.449973
11	4	5	2	0.878115
11	3	1	1	0.390210
11	3	1	2	0.680469
11	3	2	1	0.289880
11	3	2	2	0.384419
11	3	3	1	0.257483
11	3	3	2	0.312044
11	3	4	1	0.251580
11	3	4	2	0.295478
11	3	5	1	0.396426
11	3	5	2	0.700458
11	2	1	1	0.384103
11	2	1	2	0.660973
11	2	2	1	0.261626
11	2	2	2	0.315953
11	2	3	1	0.397708
11	2	3	2	0.465383
11	2	4	1	0.293733
11	2	4	2	0.394518
11	2	5	1	0.534355
11	2	5	2	1.173866
12	6	1	1	0.494484
12	6	1	2	1.032048
12	6	2	1	0.259262
12	6	2	2	0.310848
12	6	3	1	0.260803
12	6	3	2	0.317588
12	6	4	1	0.246870
12	6	4	2	0.290921
12	6	5	1	0.422358
12	6	5	2	0.785344
12	4	1	1	0.464402
12	4	1	2	0.927456
12	4	2	1	0.257070
12	4	2	2	0.306247
12	4	3	1	0.456768
12	4	3	2	0.513825
12	4	4	1	0.306076
12	4	4	2	0.427793
12	4	5	1	0.502258
12	4	5	2	1.059427
12	1	1	1	0.372215
12	1	1	2	0.623462
12	1	2	1	0.286163
12	1	2	2	0.374817
12	1	3	1	0.252324
12	1	3	2	0.302739
12	1	4	1	0.272696
12	1	4	2	0.341388
12	1	5	1	0.366437
12	1	5	2	0.605446
12	13	1	1	0.502258
12	13	1	2	1.059427
12	13	2	1	0.279143
12	13	2	2	0.357106
12	13	3	1	0.295088
12	13	3	2	0.364835
12	13	4	1	0.248870
12	13	4	2	0.295725
12	13	5	1	0.534355
12	13	5	2	1.173866
12	10	1	1	0.551002
12	10	1	2	1.234039
12	10	2	1	0.275847
12	10	2	2	0.348998
12	10	3	1	0.326472
12	10	3	2	0.399619
12	10	4	1	0.289880
12	10	4	2	0.384419
12	10	5	1	0.471770
12	10	5	2	0.952865
12	11	1	1	0.442913
12	11	1	2	0.854183
12	11	2	1	0.279143
12	11	2	2	0.357106
12	11	3	1	0.314502
12	11	3	2	0.386980
12	11	4	1	0.259262
12	11	4	2	0.310848
12	11	5	1	0.479240
12	11	5	2	0.978767
12	8	1	1	0.502258
12	8	1	2	1.059427
12	8	2	1	0.246504
12	8	2	2	0.287741
12	8	3	1	0.356456
12	8	3	2	0.428864
12	8	4	1	0.286163
12	8	4	2	0.374817
12	8	5	1	0.551002
12	8	5	2	1.234039
12	9	1	1	0.518107
12	9	1	2	1.115662
12	9	2	1	0.259262
12	9	2	2	0.310848
12	9	3	1	0.264683
12	9	3	2	0.323750
12	9	4	1	0.269695
12	9	4	2	0.334278
12	9	5	1	0.559473
12	9	5	2	1.264864
12	2	1	1	0.442913
12	2	1	2	0.854183
12	2	2	1	0.259262
12	2	2	2	0.310848
12	2	3	1	0.269185
12	2	3	2	0.330552
12	2	4	1	0.246870
12	2	4	2	0.290921
12	2	5	1	0.479240
12	2	5	2	0.978767
12	7	1	1	0.542629
12	7	1	2	1.203706
12	7	2	1	0.251580
12	7	2	2	0.295478
12	7	3	1	0.252324
12	7	3	2	0.302739
12	7	4	1	0.257070
12	7	4	2	0.306247
12	7	5	1	0.526181
12	7	5	2	1.144518
12	14	1	1	0.378104
12	14	1	2	0.641971
12	14	2	1	0.289880
12	14	2	2	0.384419
12	14	3	1	0.314502
12	14	3	2	0.386980
12	14	4	1	0.247069
12	14	4	2	0.288257
12	14	5	1	0.457136
12	14	5	2	0.902539
12	15	1	1	0.502258
12	15	1	2	1.059427
12	15	2	1	0.297717
12	15	2	2	0.405114
12	15	3	1	0.254672
12	15	3	2	0.307099
12	15	4	1	0.247870
12	15	4	2	0.289292
12	15	5	1	0.442913
12	15	5	2	0.854183
12	3	1	1	0.429105
12	3	1	2	0.807797
12	3	2	1	0.247870
12	3	2	2	0.289292
12	3	3	1	0.254672
12	3	3	2	0.307099
12	3	4	1	0.246187
12	3	4	2	0.287745
12	3	5	1	0.568043
12	3	5	2	1.296180
12	5	1	1	0.384103
12	5	1	2	0.660973
12	5	2	1	0.246504
12	5	2	2	0.287741
12	5	3	1	0.250401
12	5	3	2	0.298951
12	5	4	1	0.247069
12	5	4	2	0.288257
12	5	5	1	0.502258
12	5	5	2	1.059427
13	10	1	1	0.526181
13	10	1	2	1.144518
13	10	2	1	0.297717
13	10	2	2	0.405114
13	10	3	1	0.375359
13	10	3	2	0.446007
13	10	4	1	0.255055
13	10	4	2	0.302151
13	10	5	1	0.435957
13	10	5	2	0.830744
13	11	1	1	0.442913
13	11	1	2	0.854183
13	11	2	1	0.301833
13	11	2	2	0.416205
13	11	3	1	0.295088
13	11	3	2	0.364835
13	11	4	1	0.246187
13	11	4	2	0.287745
13	11	5	1	0.366437
13	11	5	2	0.605446
13	8	1	1	0.526181
13	8	1	2	1.144518
13	8	2	1	0.310446
13	8	2	2	0.439877
13	8	3	1	0.269185
13	8	3	2	0.330552
13	8	4	1	0.282583
13	8	4	2	0.365713
13	8	5	1	0.378104
13	8	5	2	0.641971
13	1	1	1	0.486811
13	1	1	2	1.005161
13	1	2	1	0.255055
13	1	2	2	0.302151
13	1	3	1	0.304119
13	1	3	2	0.375426
13	1	4	1	0.293733
13	1	4	2	0.394518
13	1	5	1	0.366437
13	1	5	2	0.605446
13	7	1	1	0.486811
13	7	1	2	1.005161
13	7	2	1	0.264155
13	7	2	2	0.321560
13	7	3	1	0.264683
13	7	3	2	0.323750
13	7	4	1	0.248895
13	7	4	2	0.290842
13	7	5	1	0.372215
13	7	5	2	0.623462
13	14	1	1	0.457136
13	14	1	2	0.902539
13	14	2	1	0.253223
13	14	2	2	0.298561
13	14	3	1	0.304119
13	14	3	2	0.375426
13	14	4	1	0.248870
13	14	4	2	0.295725
13	14	5	1	0.378104
13	14	5	2	0.641971
13	15	1	1	0.542629
13	15	1	2	1.203706
13	15	2	1	0.248895
13	15	2	2	0.290842
13	15	3	1	0.304119
13	15	3	2	0.375426
13	15	4	1	0.275847
13	15	4	2	0.348998
13	15	5	1	0.402749
13	15	5	2	0.720940
13	6	1	1	0.534355
13	6	1	2	1.173866
13	6	2	1	0.282583
13	6	2	2	0.365713
13	6	3	1	0.269185
13	6	3	2	0.330552
13	6	4	1	0.297717
13	6	4	2	0.405114
13	6	5	1	0.559473
13	6	5	2	1.264864
13	9	1	1	0.442913
13	9	1	2	0.854183
13	9	2	1	0.250135
13	9	2	2	0.292905
13	9	3	1	0.340328
13	9	3	2	0.413505
13	9	4	1	0.301833
13	9	4	2	0.416205
13	9	5	1	0.551002
13	9	5	2	1.234039
13	5	1	1	0.486811
13	5	1	2	1.005161
13	5	2	1	0.282583
13	5	2	2	0.365713
13	5	3	1	0.314502
13	5	3	2	0.386980
13	5	4	1	0.275847
13	5	4	2	0.348998
13	5	5	1	0.486811
13	5	5	2	1.005161
13	12	1	1	0.534355
13	12	1	2	1.173866
13	12	2	1	0.269695
13	12	2	2	0.334278
13	12	3	1	0.269185
13	12	3	2	0.330552
13	12	4	1	0.306076
13	12	4	2	0.427793
13	12	5	1	0.435957
13	12	5	2	0.830744
13	4	1	1	0.442913
13	4	1	2	0.854183
13	4	2	1	0.282583
13	4	2	2	0.365713
13	4	3	1	0.456768
13	4	3	2	0.513825
13	4	4	1	0.253223
13	4	4	2	0.298561
13	4	5	1	0.502258
13	4	5	2	1.059427
13	3	1	1	0.518107
13	3	1	2	1.115662
13	3	2	1	0.279143
13	3	2	2	0.357106
13	3	3	1	0.295088
13	3	3	2	0.364835
13	3	4	1	0.246870
13	3	4	2	0.290921
13	3	5	1	0.526181
13	3	5	2	1.144518
13	2	1	1	0.422358
13	2	1	2	0.785344
13	2	2	1	0.253223
13	2	2	2	0.298561
13	2	3	1	0.248870
13	2	3	2	0.295725
13	2	4	1	0.286163
13	2	4	2	0.374817
13	2	5	1	0.542629
13	2	5	2	1.203706
14	15	1	1	0.494484
14	15	1	2	1.032048
14	15	2	1	0.251580
14	15	2	2	0.295478
14	15	3	1	0.280358
14	15	3	2	0.346196
14	15	4	1	0.264155
14	15	4	2	0.321560
14	15	5	1	0.402749
14	15	5	2	0.720940
14	7	1	1	0.402749
14	7	1	2	0.720940
14	7	2	1	0.264155
14	7	2	2	0.321560
14	7	3	1	0.280358
14	7	3	2	0.346196
14	7	4	1	0.264155
14	7	4	2	0.321560
14	7	5	1	0.576712
14	7	5	2	1.327989
14	5	1	1	0.526181
14	5	1	2	1.144518
14	5	2	1	0.246187
14	5	2	2	0.287745
14	5	3	1	0.274382
14	5	3	2	0.338023
14	5	4	1	0.279143
14	5	4	2	0.357106
14	5	5	1	0.378104
14	5	5	2	0.641971
14	8	1	1	0.551002
14	8	1	2	1.234039
14	8	2	1	0.279143
14	8	2	2	0.357106
14	8	3	1	0.424417
14	8	3	2	0.487653
14	8	4	1	0.259262
14	8	4	2	0.310848
14	8	5	1	0.384103
14	8	5	2	0.660973
14	10	1	1	0.457136
14	10	1	2	0.902539
14	10	2	1	0.286163
14	10	2	2	0.374817
14	10	3	1	0.248870
14	10	3	2	0.295725
14	10	4	1	0.269695
14	10	4	2	0.334278
14	10	5	1	0.360770
14	10	5	2	0.587924
14	13	1	1	0.486811
14	13	1	2	1.005161
14	13	2	1	0.259262
14	13	2	2	0.310848
14	13	3	1	0.295088
14	13	3	2	0.364835
14	13	4	1	0.264155
14	13	4	2	0.321560
14	13	5	1	0.542629
14	13	5	2	1.203706
14	9	1	1	0.409180
14	9	1	2	0.741915
14	9	2	1	0.310446
14	9	2	2	0.439877
14	9	3	1	0.257483
14	9	3	2	0.312044
14	9	4	1	0.301833
14	9	4	2	0.416205
14	9	5	1	0.457136
14	9	5	2	0.902539
14	3	1	1	0.384103
14	3	1	2	0.660973
14	3	2	1	0.306076
14	3	2	2	0.427793
14	3	3	1	0.252324
14	3	3	2	0.302739
14	3	4	1	0.246131
14	3	4	2	0.288274
14	3	5	1	0.534355
14	3	5	2	1.173866
14	11	1	1	0.360770
14	11	1	2	0.587924
14	11	2	1	0.246504
14	11	2	2	0.287741
14	11	3	1	0.248870
14	11	3	2	0.295725
14	11	4	1	0.248870
14	11	4	2	0.295725
14	11	5	1	0.422358
14	11	5	2	0.785344
14	1	1	1	0.415716
14	1	1	2	0.763383
14	1	2	1	0.289880
14	1	2	2	0.384419
14	1	3	1	0.280358
14	1	3	2	0.346196
14	1	4	1	0.279143
14	1	4	2	0.357106
14	1	5	1	0.518107
14	1	5	2	1.115662
14	6	1	1	0.390210
14	6	1	2	0.680469
14	6	2	1	0.248895
14	6	2	2	0.290842
14	6	3	1	0.375359
14	6	3	2	0.446007
14	6	4	1	0.289880
14	6	4	2	0.384419
14	6	5	1	0.576712
14	6	5	2	1.327989
14	2	1	1	0.494484
14	2	1	2	1.032048
14	2	2	1	0.246187
14	2	2	2	0.287745
14	2	3	1	0.295088
14	2	3	2	0.364835
14	2	4	1	0.279143
14	2	4	2	0.357106
14	2	5	1	0.576712
14	2	5	2	1.327989
14	12	1	1	0.378104
14	12	1	2	0.641971
14	12	2	1	0.293733
14	12	2	2	0.394518
14	12	3	1	0.252324
14	12	3	2	0.302739
14	12	4	1	0.301833
14	12	4	2	0.416205
14	12	5	1	0.576712
14	12	5	2	1.327989
14	4	1	1	0.360770
14	4	1	2	0.587924
14	4	2	1	0.282583
14	4	2	2	0.365713
14	4	3	1	0.424417
14	4	3	2	0.487653
14	4	4	1	0.286163
14	4	4	2	0.374817
14	4	5	1	0.384103
14	4	5	2	0.660973
15	14	1	1	0.542629
15	14	1	2	1.203706
15	14	2	1	0.248870
15	14	2	2	0.295725
15	14	3	1	0.340328
15	14	3	2	0.413505
15	14	4	1	0.297717
15	14	4	2	0.405114
15	14	5	1	0.534355
15	14	5	2	1.173866
15	7	1	1	0.378104
15	7	1	2	0.641971
15	7	2	1	0.255055
15	7	2	2	0.302151
15	7	3	1	0.257483
15	7	3	2	0.312044
15	7	4	1	0.247069
15	7	4	2	0.288257
15	7	5	1	0.429105
15	7	5	2	0.807797
15	5	1	1	0.390210
15	5	1	2	0.680469
15	5	2	1	0.310446
15	5	2	2	0.439877
15	5	3	1	0.356456
15	5	3	2	0.428864
15	5	4	1	0.301833
15	5	4	2	0.416205
15	5	5	1	0.486811
15	5	5	2	1.005161
15	8	1	1	0.559473
15	8	1	2	1.264864
15	8	2	1	0.301833
15	8	2	2	0.416205
15	8	3	1	0.304119
15	8	3	2	0.375426
15	8	4	1	0.301833
15	8	4	2	0.416205
15	8	5	1	0.510132
15	8	5	2	1.087298
15	10	1	1	0.551002
15	10	1	2	1.234039
15	10	2	1	0.261626
15	10	2	2	0.315953
15	10	3	1	0.269185
15	10	3	2	0.330552
15	10	4	1	0.247702
15	10	4	2	0.293050
15	10	5	1	0.518107
15	10	5	2	1.115662
15	13	1	1	0.464402
15	13	1	2	0.927456
15	13	2	1	0.246131
15	13	2	2	0.288274
15	13	3	1	0.260803
15	13	3	2	0.317588
15	13	4	1	0.272696
15	13	4	2	0.341388
15	13	5	1	0.518107
15	13	5	2	1.115662
15	9	1	1	0.390210
15	9	1	2	0.680469
15	9	2	1	0.279143
15	9	2	2	0.357106
15	9	3	1	0.424417
15	9	3	2	0.487653
15	9	4	1	0.272696
15	9	4	2	0.341388
15	9	5	1	0.471770
15	9	5	2	0.952865
15	3	1	1	0.486811
15	3	1	2	1.005161
15	3	2	1	0.247069
15	3	2	2	0.288257
15	3	3	1	0.314502
15	3	3	2	0.386980
15	3	4	1	0.246353
15	3	4	2	0.289331
15	3	5	1	0.479240
15	3	5	2	0.978767
15	11	1	1	0.502258
15	11	1	2	1.059427
15	11	2	1	0.257070
15	11	2	2	0.306247
15	11	3	1	0.295088
15	11	3	2	0.364835
15	11	4	1	0.246504
15	11	4	2	0.287741
15	11	5	1	0.486811
15	11	5	2	1.005161
15	1	1	1	0.449973
15	1	1	2	0.878115
15	1	2	1	0.251580
15	1	2	2	0.295478
15	1	3	1	0.252324
15	1	3	2	0.302739
15	1	4	1	0.246187
15	1	4	2	0.287745
15	1	5	1	0.384103
15	1	5	2	0.660973
15	6	1	1	0.551002
15	6	1	2	1.234039
15	6	2	1	0.282583
15	6	2	2	0.365713
15	6	3	1	0.424417
15	6	3	2	0.487653
15	6	4	1	0.246353
15	6	4	2	0.289331
15	6	5	1	0.576712
15	6	5	2	1.327989
15	2	1	1	0.464402
15	2	1	2	0.927456
15	2	2	1	0.247069
15	2	2	2	0.288257
15	2	3	1	0.254672
15	2	3	2	0.307099
15	2	4	1	0.269695
15	2	4	2	0.334278
15	2	5	1	0.471770
15	2	5	2	0.952865
15	12	1	1	0.442913
15	12	1	2	0.854183
15	12	2	1	0.272696
15	12	2	2	0.341388
15	12	3	1	0.326472
15	12	3	2	0.399619
15	12	4	1	0.310446
15	12	4	2	0.439877
15	12	5	1	0.378104
15	12	5	2	0.641971
15	4	1	1	0.534355
15	4	1	2	1.173866
15	4	2	1	0.286163
15	4	2	2	0.374817
15	4	3	1	0.260803
15	4	3	2	0.317588
15	4	4	1	0.275847
15	4	4	2	0.348998
15	4	5	1	0.390210
15	4	5	2	0.680469
0	1	1	1	0.402749
0	1	1	2	0.720940
0	1	2	1	0.246187
0	1	2	2	0.287745
0	1	3	1	0.260803
0	1	3	2	0.317588
0	1	4	1	0.247870
0	1	4	2	0.289292
0	1	5	1	0.378104
0	1	5	2	0.641971
0	10	1	1	0.442913
0	10	1	2	0.854183
0	10	2	1	0.279143
0	10	2	2	0.357106
0	10	3	1	0.326472
0	10	3	2	0.399619
0	10	4	1	0.286163
0	10	4	2	0.374817
0	10	5	1	0.384103
0	10	5	2	0.660973
0	13	1	1	0.429105
0	13	1	2	0.807797
0	13	2	1	0.266846
0	13	2	2	0.327669
0	13	3	1	0.274382
0	13	3	2	0.338023
0	13	4	1	0.286163
0	13	4	2	0.374817
0	13	5	1	0.429105
0	13	5	2	0.807797
0	6	1	1	0.396426
0	6	1	2	0.700458
0	6	2	1	0.247870
0	6	2	2	0.289292
0	6	3	1	0.274382
0	6	3	2	0.338023
0	6	4	1	0.246870
0	6	4	2	0.290921
0	6	5	1	0.442913
0	6	5	2	0.854183
0	9	1	1	0.510132
0	9	1	2	1.087298
0	9	2	1	0.264155
0	9	2	2	0.321560
0	9	3	1	0.326472
0	9	3	2	0.399619
0	9	4	1	0.247870
0	9	4	2	0.289292
0	9	5	1	0.526181
0	9	5	2	1.144518
0	7	1	1	0.422358
0	7	1	2	0.785344
0	7	2	1	0.259262
0	7	2	2	0.310848
0	7	3	1	0.314502
0	7	3	2	0.386980
0	7	4	1	0.246131
0	7	4	2	0.288274
0	7	5	1	0.559473
0	7	5	2	1.264864
0	8	1	1	0.576712
0	8	1	2	1.327989
0	8	2	1	0.250135
0	8	2	2	0.292905
0	8	3	1	0.274382
0	8	3	2	0.338023
0	8	4	1	0.247870
0	8	4	2	0.289292
0	8	5	1	0.449973
0	8	5	2	0.878115
0	11	1	1	0.568043
0	11	1	2	1.296180
0	11	2	1	0.246504
0	11	2	2	0.287741
0	11	3	1	0.248870
0	11	3	2	0.295725
0	11	4	1	0.257070
0	11	4	2	0.306247
0	11	5	1	0.486811
0	11	5	2	1.005161
0	14	1	1	0.435957
0	14	1	2	0.830744
0	14	2	1	0.255055
0	14	2	2	0.302151
0	14	3	1	0.250401
0	14	3	2	0.298951
0	14	4	1	0.247069
0	14	4	2	0.288257
0	14	5	1	0.378104
0	14	5	2	0.641971
0	4	1	1	0.510132
0	4	1	2	1.087298
0	4	2	1	0.251580
0	4	2	2	0.295478
0	4	3	1	0.274382
0	4	3	2	0.338023
0	4	4	1	0.279143
0	4	4	2	0.357106
0	4	5	1	0.518107
0	4	5	2	1.115662
0	12	1	1	0.384103
0	12	1	2	0.660973
0	12	2	1	0.247870
0	12	2	2	0.289292
0	12	3	1	0.424417
0	12	3	2	0.487653
0	12	4	1	0.264155
0	12	4	2	0.321560
0	12	5	1	0.402749
0	12	5	2	0.720940
0	5	1	1	0.464402
0	5	1	2	0.927456
0	5	2	1	0.246504
0	5	2	2	0.287741
0	5	3	1	0.252324
0	5	3	2	0.302739
0	5	4	1	0.248895
0	5	4	2	0.290842
0	5	5	1	0.526181
0	5	5	2	1.144518
0	15	1	1	0.435957
0	15	1	2	0.830744
0	15	2	1	0.297717
0	15	2	2	0.405114
0	15	3	1	0.287219
0	15	3	2	0.355115
0	15	4	1	0.264155
0	15	4	2	0.321560
0	15	5	1	0.384103
0	15	5	2	0.660973
0	2	1	1	0.390210
0	2	1	2	0.680469
0	2	2	1	0.247069
0	2	2	2	0.288257
0	2	3	1	0.287219
0	2	3	2	0.355115
0	2	4	1	0.247069
0	2	4	2	0.288257
0	2	5	1	0.494484
0	2	5	2	1.032048
0	3	1	1	0.422358
0	3	1	2	0.785344
0	3	2	1	0.248895
0	3	2	2	0.290842
0	3	3	1	0.264683
0	3	3	2	0.323750
0	3	4	1	0.251580
0	3	4	2	0.295478
0	3	5	1	0.429105
0	3	5	2	0.807797
1	0	1	1	0.442913
1	0	1	2	0.854183
1	0	2	1	0.248870
1	0	2	2	0.295725
1	0	3	1	0.280358
1	0	3	2	0.346196
1	0	4	1	0.246504
1	0	4	2	0.287741
1	0	5	1	0.534355
1	0	5	2	1.173866
10	0	1	1	0.390210
10	0	1	2	0.680469
10	0	2	1	0.259262
10	0	2	2	0.310848
10	0	3	1	0.260803
10	0	3	2	0.317588
10	0	4	1	0.253223
10	0	4	2	0.298561
10	0	5	1	0.494484
10	0	5	2	1.032048
13	0	1	1	0.372215
13	0	1	2	0.623462
13	0	2	1	0.246504
13	0	2	2	0.287741
13	0	3	1	0.375359
13	0	3	2	0.446007
13	0	4	1	0.248870
13	0	4	2	0.295725
13	0	5	1	0.449973
13	0	5	2	0.878115
6	0	1	1	0.568043
6	0	1	2	1.296180
6	0	2	1	0.297717
6	0	2	2	0.405114
6	0	3	1	0.456768
6	0	3	2	0.513825
6	0	4	1	0.248870
6	0	4	2	0.295725
6	0	5	1	0.479240
6	0	5	2	0.978767
9	0	1	1	0.457136
9	0	1	2	0.902539
9	0	2	1	0.246504
9	0	2	2	0.287741
9	0	3	1	0.260803
9	0	3	2	0.317588
9	0	4	1	0.250135
9	0	4	2	0.292905
9	0	5	1	0.442913
9	0	5	2	0.854183
7	0	1	1	0.568043
7	0	1	2	1.296180
7	0	2	1	0.246353
7	0	2	2	0.289331
7	0	3	1	0.295088
7	0	3	2	0.364835
7	0	4	1	0.266846
7	0	4	2	0.327669
7	0	5	1	0.409180
7	0	5	2	0.741915
8	0	1	1	0.494484
8	0	1	2	1.032048
8	0	2	1	0.246353
8	0	2	2	0.289331
8	0	3	1	0.304119
8	0	3	2	0.375426
8	0	4	1	0.247702
8	0	4	2	0.293050
8	0	5	1	0.372215
8	0	5	2	0.623462
11	0	1	1	0.378104
11	0	1	2	0.641971
11	0	2	1	0.282583
11	0	2	2	0.365713
11	0	3	1	0.274382
11	0	3	2	0.338023
11	0	4	1	0.246187
11	0	4	2	0.287745
11	0	5	1	0.471770
11	0	5	2	0.952865
14	0	1	1	0.457136
14	0	1	2	0.902539
14	0	2	1	0.261626
14	0	2	2	0.315953
14	0	3	1	0.456768
14	0	3	2	0.513825
14	0	4	1	0.275847
14	0	4	2	0.348998
14	0	5	1	0.429105
14	0	5	2	0.807797
4	0	1	1	0.384103
4	0	1	2	0.660973
4	0	2	1	0.251580
4	0	2	2	0.295478
4	0	3	1	0.314502
4	0	3	2	0.386980
4	0	4	1	0.282583
4	0	4	2	0.365713
4	0	5	1	0.429105
4	0	5	2	0.807797
12	0	1	1	0.471770
12	0	1	2	0.952865
12	0	2	1	0.266846
12	0	2	2	0.327669
12	0	3	1	0.264683
12	0	3	2	0.323750
12	0	4	1	0.261626
12	0	4	2	0.315953
12	0	5	1	0.471770
12	0	5	2	0.952865
5	0	1	1	0.449973
5	0	1	2	0.878115
5	0	2	1	0.272696
5	0	2	2	0.341388
5	0	3	1	0.295088
5	0	3	2	0.364835
5	0	4	1	0.246870
5	0	4	2	0.290921
5	0	5	1	0.415716
5	0	5	2	0.763383
15	0	1	1	0.551002
15	0	1	2	1.234039
15	0	2	1	0.251580
15	0	2	2	0.295478
15	0	3	1	0.340328
15	0	3	2	0.413505
15	0	4	1	0.259262
15	0	4	2	0.310848
15	0	5	1	0.576712
15	0	5	2	1.327989
2	0	1	1	0.372215
2	0	1	2	0.623462
2	0	2	1	0.272696
2	0	2	2	0.341388
2	0	3	1	0.264683
2	0	3	2	0.323750
2	0	4	1	0.246353
2	0	4	2	0.289331
2	0	5	1	0.372215
2	0	5	2	0.623462
3	0	1	1	0.449973
3	0	1	2	0.878115
3	0	2	1	0.261626
3	0	2	2	0.315953
3	0	3	1	0.260803
3	0	3	2	0.317588
3	0	4	1	0.282583
3	0	4	2	0.365713
3	0	5	1	0.435957
3	0	5	2	0.830744
;
