param:	TIME:	Ts	Te:=
1	0   108
2	108   216
3	216   324
4	324   432
5	432   540
;
param:	NODE:	r	st	WS	WE:=
0	0	0	0	540
1	2082	23	66	422
2	1779	20	33	359
3	642	7	36	348
4	1785	20	39	367
5	891	10	64	400
6	546	6	65	400
7	2397	27	29	385
8	1962	22	39	381
9	1743	19	38	362
10	864	10	28	348
11	897	10	57	393
12	1605	18	19	353
13	450	5	13	347
14	2469	27	21	353
15	2046	23	87	428
;
param: VEHICLE:	Ch	Lh	Ph	ch:=
1	10000	150	2.2384e-005	2.66374
2	15000	200	1.79961e-005	2.66374
3	10000	150	2.2384e-005	2.66374
;
param q_real:=3;
param	nth:=14;
param	nth1:=15;
param:	ARC:	D:=
1	13	6.960000
1	4	9.110000
1	12	16.920000
1	14	17.959999
1	11	19.370001
1	3	23.040001
1	8	26.110001
1	2	28.280001
1	10	47.840000
1	5	49.750000
1	6	50.509998
1	7	61.349998
1	15	102.911003
1	9	109.250999
2	11	9.680000
2	14	11.370000
2	3	18.450001
2	1	27.959999
2	13	30.650000
2	4	31.070000
2	12	38.080002
2	8	43.080002
2	10	46.400002
2	5	48.619999
2	6	53.389999
2	7	70.410004
2	15	78.599998
2	9	94.990997
3	11	12.090000
3	14	13.270000
3	2	18.450001
3	4	19.290001
3	12	22.440001
3	1	23.090000
3	13	27.250000
3	8	41.410000
3	10	54.430000
3	5	56.340000
3	6	57.099998
3	7	72.401001
3	15	86.600998
3	9	87.301003
4	1	9.230000
4	12	9.600000
4	13	15.640000
4	3	19.469999
4	14	21.160000
4	11	22.570000
4	2	31.480000
4	8	34.790001
4	10	56.169998
4	5	58.080002
4	6	58.840000
4	7	70.029999
4	15	103.511002
4	9	104.271004
5	10	2.730000
5	6	7.190000
5	7	30.770000
5	8	37.419998
5	14	45.290001
5	13	45.660000
5	11	46.320000
5	2	48.669998
5	1	49.200001
5	3	56.060001
5	4	57.660000
5	12	64.889999
5	15	105.011002
5	9	135.050995
6	5	7.390000
6	10	9.300000
6	7	25.290001
6	8	36.240002
6	14	46.169998
6	13	46.540001
6	11	47.200001
6	1	50.080002
6	2	53.459999
6	3	56.939999
6	4	58.540001
6	12	65.769997
6	15	111.581001
6	9	141.621002
7	6	25.070000
7	5	30.790001
7	10	32.619999
7	8	39.689999
7	13	57.970001
7	1	61.490002
7	14	62.410000
7	11	63.439999
7	4	70.050003
7	2	70.339996
7	3	72.261002
7	12	77.860001
7	15	133.931000
7	9	158.720993
8	13	21.270000
8	1	26.070000
8	14	33.799999
8	4	34.630001
8	11	34.830002
8	10	36.060001
8	6	36.709999
8	5	37.880001
8	7	39.380001
8	3	41.270000
8	12	42.439999
8	2	43.740002
8	15	118.559998
8	9	128.570999
9	15	71.240997
9	3	87.301003
9	2	94.871002
9	11	98.541000
9	14	99.721001
9	12	102.711998
9	4	104.250999
9	1	109.070999
9	13	114.051003
9	8	128.720993
9	10	132.910995
9	5	135.130997
9	6	141.541000
9	7	158.710999
10	5	2.730000
10	6	9.270000
10	7	32.799999
10	8	35.840000
10	14	43.380001
10	13	43.750000
10	11	44.360001
10	2	46.430000
10	1	47.290001
10	3	54.150002
10	4	55.750000
10	12	62.980000
10	15	102.771004
10	9	132.811005
11	14	2.480000
11	2	9.780000
11	3	12.130000
11	1	19.070000
11	13	21.760000
11	4	22.180000
11	12	29.190001
11	8	34.189999
11	10	44.320000
11	5	46.540001
11	6	47.320000
11	7	63.630001
11	15	85.639999
11	9	98.581001
12	4	9.510000
12	1	16.920000
12	3	22.559999
12	13	23.330000
12	14	27.930000
12	11	29.340000
12	2	38.250000
12	8	42.480000
12	10	62.990002
12	5	64.900002
12	6	65.660004
12	7	77.720001
12	9	102.762001
12	15	109.161003
13	1	6.960000
13	4	15.520000
13	14	20.590000
13	8	21.700001
13	11	22.000000
13	12	23.330000
13	3	27.340000
13	2	30.910000
13	10	44.099998
13	5	46.009998
13	6	46.770000
13	7	57.619999
13	15	105.960999
13	9	113.981003
14	11	4.090000
14	2	13.000000
14	3	13.400000
14	1	16.730000
14	13	19.420000
14	4	19.840000
14	12	26.850000
14	8	32.009998
14	10	43.540001
14	5	45.450001
14	6	46.209999
14	7	62.520000
14	15	88.860001
14	9	100.151001
15	9	71.371002
15	2	78.760002
15	11	85.699997
15	3	86.820999
15	14	87.389999
15	10	102.831001
15	1	102.960999
15	4	103.731003
15	5	105.051003
15	13	105.820999
15	12	109.271004
15	6	111.591003
15	8	118.870003
15	7	134.341003
0	14	9.930000
0	11	11.340000
0	1	11.640000
0	3	12.010000
0	4	12.440000
0	13	15.940000
0	12	19.450001
0	2	20.250000
0	8	30.750000
0	10	43.930000
0	5	45.840000
0	6	46.599998
0	7	61.901001
0	15	92.820999
0	9	99.310997
14	0	8.570000
11	0	10.910000
1	0	11.580000
3	0	12.010000
4	0	12.550000
13	0	15.930000
12	0	19.320000
2	0	19.799999
8	0	30.780001
10	0	43.700001
5	0	45.610001
6	0	46.490002
7	0	61.811001
15	0	93.151001
9	0	99.320999
;
param:	v:=
1	13	1	75
1	13	2	40
1	13	3	22
1	13	4	41
1	13	5	82
1	4	1	94
1	4	2	53
1	4	3	15
1	4	4	40
1	4	5	72
1	12	1	77
1	12	2	54
1	12	3	10
1	12	4	50
1	12	5	90
1	14	1	76
1	14	2	41
1	14	3	20
1	14	4	35
1	14	5	77
1	11	1	75
1	11	2	32
1	11	3	10
1	11	4	31
1	11	5	87
1	3	1	93
1	3	2	30
1	3	3	14
1	3	4	58
1	3	5	95
1	8	1	87
1	8	2	53
1	8	3	11
1	8	4	51
1	8	5	70
1	2	1	79
1	2	2	32
1	2	3	14
1	2	4	53
1	2	5	83
1	10	1	91
1	10	2	31
1	10	3	13
1	10	4	40
1	10	5	71
1	5	1	75
1	5	2	35
1	5	3	20
1	5	4	41
1	5	5	70
1	6	1	83
1	6	2	56
1	6	3	16
1	6	4	56
1	6	5	94
1	7	1	83
1	7	2	60
1	7	3	15
1	7	4	53
1	7	5	87
1	15	1	94
1	15	2	60
1	15	3	29
1	15	4	32
1	15	5	99
1	9	1	70
1	9	2	58
1	9	3	27
1	9	4	51
1	9	5	86
2	11	1	89
2	11	2	54
2	11	3	12
2	11	4	43
2	11	5	92
2	14	1	70
2	14	2	44
2	14	3	17
2	14	4	35
2	14	5	90
2	3	1	100
2	3	2	43
2	3	3	30
2	3	4	39
2	3	5	89
2	1	1	74
2	1	2	32
2	1	3	16
2	1	4	54
2	1	5	100
2	13	1	74
2	13	2	41
2	13	3	17
2	13	4	43
2	13	5	73
2	4	1	85
2	4	2	43
2	4	3	10
2	4	4	31
2	4	5	82
2	12	1	75
2	12	2	52
2	12	3	12
2	12	4	46
2	12	5	86
2	8	1	79
2	8	2	37
2	8	3	30
2	8	4	38
2	8	5	81
2	10	1	76
2	10	2	47
2	10	3	29
2	10	4	32
2	10	5	75
2	5	1	71
2	5	2	45
2	5	3	15
2	5	4	50
2	5	5	77
2	6	1	83
2	6	2	58
2	6	3	19
2	6	4	33
2	6	5	90
2	7	1	90
2	7	2	32
2	7	3	15
2	7	4	47
2	7	5	76
2	15	1	82
2	15	2	39
2	15	3	24
2	15	4	31
2	15	5	81
2	9	1	85
2	9	2	41
2	9	3	13
2	9	4	46
2	9	5	82
3	11	1	94
3	11	2	40
3	11	3	14
3	11	4	44
3	11	5	80
3	14	1	78
3	14	2	51
3	14	3	26
3	14	4	56
3	14	5	83
3	2	1	70
3	2	2	41
3	2	3	10
3	2	4	59
3	2	5	80
3	4	1	100
3	4	2	51
3	4	3	17
3	4	4	40
3	4	5	93
3	12	1	75
3	12	2	59
3	12	3	22
3	12	4	30
3	12	5	70
3	1	1	77
3	1	2	32
3	1	3	14
3	1	4	50
3	1	5	82
3	13	1	99
3	13	2	33
3	13	3	18
3	13	4	41
3	13	5	97
3	8	1	90
3	8	2	39
3	8	3	25
3	8	4	49
3	8	5	80
3	10	1	75
3	10	2	54
3	10	3	21
3	10	4	39
3	10	5	95
3	5	1	87
3	5	2	37
3	5	3	10
3	5	4	51
3	5	5	72
3	6	1	81
3	6	2	31
3	6	3	12
3	6	4	40
3	6	5	100
3	7	1	83
3	7	2	48
3	7	3	17
3	7	4	31
3	7	5	74
3	15	1	76
3	15	2	60
3	15	3	28
3	15	4	35
3	15	5	88
3	9	1	87
3	9	2	42
3	9	3	12
3	9	4	53
3	9	5	87
4	1	1	87
4	1	2	33
4	1	3	10
4	1	4	44
4	1	5	86
4	12	1	96
4	12	2	46
4	12	3	15
4	12	4	33
4	12	5	97
4	13	1	92
4	13	2	36
4	13	3	27
4	13	4	50
4	13	5	86
4	3	1	84
4	3	2	48
4	3	3	29
4	3	4	32
4	3	5	84
4	14	1	97
4	14	2	56
4	14	3	29
4	14	4	52
4	14	5	96
4	11	1	97
4	11	2	48
4	11	3	17
4	11	4	34
4	11	5	98
4	2	1	96
4	2	2	33
4	2	3	21
4	2	4	36
4	2	5	79
4	8	1	87
4	8	2	34
4	8	3	20
4	8	4	48
4	8	5	81
4	10	1	98
4	10	2	48
4	10	3	18
4	10	4	37
4	10	5	78
4	5	1	85
4	5	2	41
4	5	3	13
4	5	4	49
4	5	5	75
4	6	1	75
4	6	2	44
4	6	3	26
4	6	4	46
4	6	5	94
4	7	1	86
4	7	2	44
4	7	3	29
4	7	4	43
4	7	5	70
4	15	1	76
4	15	2	34
4	15	3	20
4	15	4	52
4	15	5	98
4	9	1	84
4	9	2	55
4	9	3	22
4	9	4	32
4	9	5	97
5	10	1	91
5	10	2	36
5	10	3	30
5	10	4	37
5	10	5	75
5	6	1	89
5	6	2	34
5	6	3	22
5	6	4	52
5	6	5	93
5	7	1	76
5	7	2	43
5	7	3	13
5	7	4	53
5	7	5	96
5	8	1	87
5	8	2	49
5	8	3	29
5	8	4	55
5	8	5	81
5	14	1	84
5	14	2	31
5	14	3	25
5	14	4	59
5	14	5	78
5	13	1	87
5	13	2	35
5	13	3	18
5	13	4	51
5	13	5	82
5	11	1	79
5	11	2	45
5	11	3	10
5	11	4	30
5	11	5	75
5	2	1	81
5	2	2	37
5	2	3	14
5	2	4	45
5	2	5	83
5	1	1	79
5	1	2	41
5	1	3	28
5	1	4	38
5	1	5	89
5	3	1	93
5	3	2	45
5	3	3	25
5	3	4	57
5	3	5	78
5	4	1	75
5	4	2	45
5	4	3	14
5	4	4	60
5	4	5	82
5	12	1	82
5	12	2	40
5	12	3	12
5	12	4	52
5	12	5	70
5	15	1	86
5	15	2	59
5	15	3	11
5	15	4	36
5	15	5	92
5	9	1	87
5	9	2	42
5	9	3	30
5	9	4	51
5	9	5	88
6	5	1	96
6	5	2	40
6	5	3	23
6	5	4	40
6	5	5	97
6	10	1	86
6	10	2	32
6	10	3	28
6	10	4	43
6	10	5	92
6	7	1	99
6	7	2	32
6	7	3	27
6	7	4	34
6	7	5	82
6	8	1	77
6	8	2	32
6	8	3	26
6	8	4	49
6	8	5	79
6	14	1	78
6	14	2	48
6	14	3	10
6	14	4	58
6	14	5	83
6	13	1	81
6	13	2	49
6	13	3	29
6	13	4	38
6	13	5	93
6	11	1	75
6	11	2	40
6	11	3	29
6	11	4	45
6	11	5	95
6	1	1	73
6	1	2	30
6	1	3	25
6	1	4	60
6	1	5	78
6	2	1	74
6	2	2	56
6	2	3	15
6	2	4	48
6	2	5	97
6	3	1	90
6	3	2	43
6	3	3	11
6	3	4	51
6	3	5	97
6	4	1	86
6	4	2	31
6	4	3	19
6	4	4	51
6	4	5	82
6	12	1	94
6	12	2	30
6	12	3	18
6	12	4	32
6	12	5	91
6	15	1	96
6	15	2	55
6	15	3	18
6	15	4	42
6	15	5	70
6	9	1	91
6	9	2	31
6	9	3	27
6	9	4	45
6	9	5	95
7	6	1	87
7	6	2	44
7	6	3	21
7	6	4	32
7	6	5	90
7	5	1	74
7	5	2	51
7	5	3	28
7	5	4	57
7	5	5	83
7	10	1	95
7	10	2	36
7	10	3	27
7	10	4	50
7	10	5	93
7	8	1	78
7	8	2	48
7	8	3	25
7	8	4	46
7	8	5	94
7	13	1	98
7	13	2	56
7	13	3	24
7	13	4	56
7	13	5	98
7	1	1	77
7	1	2	30
7	1	3	17
7	1	4	55
7	1	5	99
7	14	1	73
7	14	2	37
7	14	3	21
7	14	4	53
7	14	5	87
7	11	1	76
7	11	2	30
7	11	3	17
7	11	4	50
7	11	5	81
7	4	1	83
7	4	2	33
7	4	3	17
7	4	4	39
7	4	5	85
7	2	1	90
7	2	2	33
7	2	3	11
7	2	4	48
7	2	5	95
7	3	1	80
7	3	2	40
7	3	3	12
7	3	4	45
7	3	5	98
7	12	1	88
7	12	2	49
7	12	3	11
7	12	4	53
7	12	5	79
7	15	1	94
7	15	2	34
7	15	3	21
7	15	4	35
7	15	5	84
7	9	1	91
7	9	2	57
7	9	3	30
7	9	4	36
7	9	5	100
8	13	1	73
8	13	2	32
8	13	3	14
8	13	4	42
8	13	5	86
8	1	1	98
8	1	2	48
8	1	3	30
8	1	4	55
8	1	5	91
8	14	1	93
8	14	2	34
8	14	3	19
8	14	4	53
8	14	5	100
8	4	1	94
8	4	2	42
8	4	3	22
8	4	4	40
8	4	5	93
8	11	1	74
8	11	2	50
8	11	3	26
8	11	4	52
8	11	5	87
8	10	1	71
8	10	2	40
8	10	3	30
8	10	4	57
8	10	5	86
8	6	1	80
8	6	2	48
8	6	3	20
8	6	4	56
8	6	5	77
8	5	1	86
8	5	2	57
8	5	3	18
8	5	4	54
8	5	5	79
8	7	1	94
8	7	2	30
8	7	3	25
8	7	4	35
8	7	5	87
8	3	1	83
8	3	2	35
8	3	3	13
8	3	4	39
8	3	5	99
8	12	1	99
8	12	2	34
8	12	3	25
8	12	4	48
8	12	5	70
8	2	1	93
8	2	2	44
8	2	3	20
8	2	4	49
8	2	5	78
8	15	1	72
8	15	2	39
8	15	3	23
8	15	4	58
8	15	5	84
8	9	1	77
8	9	2	55
8	9	3	19
8	9	4	52
8	9	5	98
9	15	1	99
9	15	2	33
9	15	3	15
9	15	4	57
9	15	5	70
9	3	1	76
9	3	2	38
9	3	3	17
9	3	4	40
9	3	5	88
9	2	1	96
9	2	2	39
9	2	3	24
9	2	4	35
9	2	5	98
9	11	1	95
9	11	2	47
9	11	3	29
9	11	4	32
9	11	5	91
9	14	1	97
9	14	2	42
9	14	3	27
9	14	4	41
9	14	5	88
9	12	1	96
9	12	2	31
9	12	3	16
9	12	4	47
9	12	5	82
9	4	1	84
9	4	2	32
9	4	3	14
9	4	4	30
9	4	5	73
9	1	1	80
9	1	2	55
9	1	3	17
9	1	4	32
9	1	5	78
9	13	1	100
9	13	2	54
9	13	3	24
9	13	4	45
9	13	5	73
9	8	1	85
9	8	2	47
9	8	3	11
9	8	4	35
9	8	5	88
9	10	1	96
9	10	2	44
9	10	3	28
9	10	4	57
9	10	5	93
9	5	1	93
9	5	2	54
9	5	3	13
9	5	4	60
9	5	5	93
9	6	1	99
9	6	2	34
9	6	3	17
9	6	4	43
9	6	5	92
9	7	1	87
9	7	2	40
9	7	3	24
9	7	4	45
9	7	5	87
10	5	1	91
10	5	2	35
10	5	3	15
10	5	4	58
10	5	5	93
10	6	1	80
10	6	2	44
10	6	3	23
10	6	4	31
10	6	5	72
10	7	1	97
10	7	2	48
10	7	3	11
10	7	4	32
10	7	5	96
10	8	1	79
10	8	2	59
10	8	3	15
10	8	4	36
10	8	5	87
10	14	1	83
10	14	2	48
10	14	3	18
10	14	4	37
10	14	5	74
10	13	1	89
10	13	2	41
10	13	3	10
10	13	4	48
10	13	5	93
10	11	1	79
10	11	2	34
10	11	3	22
10	11	4	52
10	11	5	94
10	2	1	97
10	2	2	40
10	2	3	15
10	2	4	50
10	2	5	88
10	1	1	87
10	1	2	40
10	1	3	22
10	1	4	41
10	1	5	81
10	3	1	70
10	3	2	57
10	3	3	13
10	3	4	39
10	3	5	90
10	4	1	76
10	4	2	55
10	4	3	21
10	4	4	44
10	4	5	75
10	12	1	94
10	12	2	31
10	12	3	14
10	12	4	55
10	12	5	78
10	15	1	97
10	15	2	37
10	15	3	29
10	15	4	43
10	15	5	80
10	9	1	80
10	9	2	51
10	9	3	14
10	9	4	56
10	9	5	70
11	14	1	84
11	14	2	59
11	14	3	17
11	14	4	59
11	14	5	73
11	2	1	74
11	2	2	31
11	2	3	23
11	2	4	30
11	2	5	81
11	3	1	82
11	3	2	51
11	3	3	20
11	3	4	47
11	3	5	95
11	1	1	95
11	1	2	43
11	1	3	12
11	1	4	37
11	1	5	90
11	13	1	73
11	13	2	32
11	13	3	17
11	13	4	39
11	13	5	83
11	4	1	95
11	4	2	33
11	4	3	24
11	4	4	50
11	4	5	84
11	12	1	78
11	12	2	42
11	12	3	14
11	12	4	44
11	12	5	95
11	8	1	95
11	8	2	30
11	8	3	18
11	8	4	46
11	8	5	86
11	10	1	93
11	10	2	49
11	10	3	26
11	10	4	57
11	10	5	89
11	5	1	78
11	5	2	50
11	5	3	22
11	5	4	49
11	5	5	98
11	6	1	100
11	6	2	51
11	6	3	16
11	6	4	37
11	6	5	85
11	7	1	76
11	7	2	60
11	7	3	16
11	7	4	59
11	7	5	88
11	15	1	86
11	15	2	58
11	15	3	20
11	15	4	59
11	15	5	98
11	9	1	97
11	9	2	35
11	9	3	14
11	9	4	58
11	9	5	84
12	4	1	87
12	4	2	46
12	4	3	15
12	4	4	39
12	4	5	91
12	1	1	76
12	1	2	33
12	1	3	20
12	1	4	35
12	1	5	86
12	3	1	83
12	3	2	38
12	3	3	13
12	3	4	43
12	3	5	98
12	13	1	99
12	13	2	57
12	13	3	11
12	13	4	33
12	13	5	83
12	14	1	82
12	14	2	48
12	14	3	19
12	14	4	53
12	14	5	91
12	11	1	73
12	11	2	56
12	11	3	25
12	11	4	40
12	11	5	91
12	2	1	81
12	2	2	44
12	2	3	28
12	2	4	36
12	2	5	73
12	8	1	74
12	8	2	37
12	8	3	11
12	8	4	30
12	8	5	78
12	10	1	72
12	10	2	42
12	10	3	15
12	10	4	44
12	10	5	77
12	5	1	83
12	5	2	33
12	5	3	25
12	5	4	51
12	5	5	94
12	6	1	83
12	6	2	60
12	6	3	24
12	6	4	51
12	6	5	71
12	7	1	82
12	7	2	48
12	7	3	20
12	7	4	51
12	7	5	78
12	9	1	91
12	9	2	53
12	9	3	19
12	9	4	41
12	9	5	83
12	15	1	71
12	15	2	51
12	15	3	12
12	15	4	46
12	15	5	88
13	1	1	89
13	1	2	58
13	1	3	17
13	1	4	37
13	1	5	86
13	4	1	92
13	4	2	44
13	4	3	29
13	4	4	49
13	4	5	83
13	14	1	78
13	14	2	42
13	14	3	10
13	14	4	45
13	14	5	90
13	8	1	77
13	8	2	30
13	8	3	17
13	8	4	36
13	8	5	82
13	11	1	88
13	11	2	60
13	11	3	18
13	11	4	46
13	11	5	73
13	12	1	92
13	12	2	55
13	12	3	16
13	12	4	44
13	12	5	78
13	3	1	71
13	3	2	60
13	3	3	11
13	3	4	52
13	3	5	74
13	2	1	99
13	2	2	48
13	2	3	29
13	2	4	42
13	2	5	89
13	10	1	73
13	10	2	46
13	10	3	16
13	10	4	47
13	10	5	76
13	5	1	77
13	5	2	37
13	5	3	26
13	5	4	39
13	5	5	87
13	6	1	75
13	6	2	53
13	6	3	16
13	6	4	49
13	6	5	70
13	7	1	95
13	7	2	45
13	7	3	16
13	7	4	57
13	7	5	90
13	15	1	98
13	15	2	50
13	15	3	27
13	15	4	52
13	15	5	70
13	9	1	93
13	9	2	30
13	9	3	22
13	9	4	52
13	9	5	96
14	11	1	78
14	11	2	56
14	11	3	23
14	11	4	58
14	11	5	89
14	2	1	82
14	2	2	41
14	2	3	15
14	2	4	40
14	2	5	99
14	3	1	92
14	3	2	57
14	3	3	23
14	3	4	37
14	3	5	77
14	1	1	88
14	1	2	49
14	1	3	23
14	1	4	56
14	1	5	83
14	13	1	75
14	13	2	43
14	13	3	10
14	13	4	35
14	13	5	74
14	4	1	97
14	4	2	46
14	4	3	30
14	4	4	47
14	4	5	91
14	12	1	99
14	12	2	37
14	12	3	27
14	12	4	54
14	12	5	79
14	8	1	79
14	8	2	48
14	8	3	23
14	8	4	58
14	8	5	83
14	10	1	100
14	10	2	52
14	10	3	14
14	10	4	48
14	10	5	89
14	5	1	85
14	5	2	56
14	5	3	26
14	5	4	34
14	5	5	70
14	6	1	71
14	6	2	57
14	6	3	11
14	6	4	56
14	6	5	72
14	7	1	86
14	7	2	42
14	7	3	27
14	7	4	59
14	7	5	88
14	15	1	97
14	15	2	33
14	15	3	27
14	15	4	41
14	15	5	91
14	9	1	74
14	9	2	60
14	9	3	24
14	9	4	48
14	9	5	92
15	9	1	77
15	9	2	47
15	9	3	17
15	9	4	32
15	9	5	76
15	2	1	83
15	2	2	42
15	2	3	11
15	2	4	37
15	2	5	98
15	11	1	96
15	11	2	54
15	11	3	21
15	11	4	48
15	11	5	94
15	3	1	94
15	3	2	56
15	3	3	15
15	3	4	45
15	3	5	77
15	14	1	79
15	14	2	54
15	14	3	10
15	14	4	55
15	14	5	71
15	10	1	80
15	10	2	60
15	10	3	27
15	10	4	31
15	10	5	93
15	1	1	84
15	1	2	51
15	1	3	13
15	1	4	50
15	1	5	98
15	4	1	79
15	4	2	58
15	4	3	29
15	4	4	41
15	4	5	89
15	5	1	96
15	5	2	54
15	5	3	28
15	5	4	34
15	5	5	97
15	13	1	96
15	13	2	48
15	13	3	12
15	13	4	32
15	13	5	89
15	12	1	79
15	12	2	53
15	12	3	17
15	12	4	58
15	12	5	93
15	6	1	82
15	6	2	30
15	6	3	19
15	6	4	45
15	6	5	93
15	8	1	77
15	8	2	46
15	8	3	21
15	8	4	30
15	8	5	75
15	7	1	99
15	7	2	45
15	7	3	16
15	7	4	39
15	7	5	94
0	14	1	88
0	14	2	33
0	14	3	16
0	14	4	49
0	14	5	91
0	11	1	75
0	11	2	31
0	11	3	25
0	11	4	32
0	11	5	92
0	1	1	76
0	1	2	38
0	1	3	30
0	1	4	54
0	1	5	87
0	3	1	94
0	3	2	36
0	3	3	18
0	3	4	36
0	3	5	79
0	4	1	85
0	4	2	58
0	4	3	30
0	4	4	36
0	4	5	93
0	13	1	95
0	13	2	44
0	13	3	22
0	13	4	49
0	13	5	84
0	12	1	75
0	12	2	36
0	12	3	11
0	12	4	31
0	12	5	89
0	2	1	89
0	2	2	44
0	2	3	23
0	2	4	46
0	2	5	96
0	8	1	73
0	8	2	35
0	8	3	14
0	8	4	55
0	8	5	73
0	10	1	87
0	10	2	44
0	10	3	24
0	10	4	41
0	10	5	91
0	5	1	99
0	5	2	42
0	5	3	25
0	5	4	42
0	5	5	78
0	6	1	78
0	6	2	44
0	6	3	15
0	6	4	49
0	6	5	82
0	7	1	92
0	7	2	34
0	7	3	20
0	7	4	57
0	7	5	98
0	15	1	72
0	15	2	53
0	15	3	30
0	15	4	48
0	15	5	81
0	9	1	72
0	9	2	50
0	9	3	24
0	9	4	57
0	9	5	98
14	0	1	89
14	0	2	34
14	0	3	14
14	0	4	34
14	0	5	84
11	0	1	100
11	0	2	51
11	0	3	19
11	0	4	48
11	0	5	80
1	0	1	80
1	0	2	30
1	0	3	24
1	0	4	53
1	0	5	72
3	0	1	75
3	0	2	31
3	0	3	15
3	0	4	57
3	0	5	94
4	0	1	84
4	0	2	41
4	0	3	24
4	0	4	49
4	0	5	97
13	0	1	91
13	0	2	50
13	0	3	20
13	0	4	49
13	0	5	84
12	0	1	82
12	0	2	35
12	0	3	21
12	0	4	35
12	0	5	98
2	0	1	99
2	0	2	49
2	0	3	12
2	0	4	35
2	0	5	81
8	0	1	83
8	0	2	57
8	0	3	10
8	0	4	54
8	0	5	75
10	0	1	92
10	0	2	40
10	0	3	22
10	0	4	44
10	0	5	86
5	0	1	85
5	0	2	50
5	0	3	29
5	0	4	36
5	0	5	94
6	0	1	79
6	0	2	58
6	0	3	21
6	0	4	43
6	0	5	83
7	0	1	94
7	0	2	47
7	0	3	11
7	0	4	37
7	0	5	71
15	0	1	88
15	0	2	34
15	0	3	24
15	0	4	60
15	0	5	73
9	0	1	78
9	0	2	50
9	0	3	25
9	0	4	33
9	0	5	74
;
param:	g:=
1	13	1	1	0.390210
1	13	1	2	0.680469
1	13	2	1	0.250135
1	13	2	2	0.292905
1	13	3	1	0.274382
1	13	3	2	0.338023
1	13	4	1	0.251580
1	13	4	2	0.295478
1	13	5	1	0.435957
1	13	5	2	0.830744
1	4	1	1	0.526181
1	4	1	2	1.144518
1	4	2	1	0.282583
1	4	2	2	0.365713
1	4	3	1	0.340328
1	4	3	2	0.413505
1	4	4	1	0.250135
1	4	4	2	0.292905
1	4	5	1	0.372215
1	4	5	2	0.623462
1	12	1	1	0.402749
1	12	1	2	0.720940
1	12	2	1	0.286163
1	12	2	2	0.374817
1	12	3	1	0.456768
1	12	3	2	0.513825
1	12	4	1	0.272696
1	12	4	2	0.341388
1	12	5	1	0.494484
1	12	5	2	1.032048
1	14	1	1	0.396426
1	14	1	2	0.700458
1	14	2	1	0.251580
1	14	2	2	0.295478
1	14	3	1	0.287219
1	14	3	2	0.355115
1	14	4	1	0.246187
1	14	4	2	0.287745
1	14	5	1	0.402749
1	14	5	2	0.720940
1	11	1	1	0.390210
1	11	1	2	0.680469
1	11	2	1	0.246870
1	11	2	2	0.290921
1	11	3	1	0.456768
1	11	3	2	0.513825
1	11	4	1	0.247702
1	11	4	2	0.293050
1	11	5	1	0.471770
1	11	5	2	0.952865
1	3	1	1	0.518107
1	3	1	2	1.115662
1	3	2	1	0.248870
1	3	2	2	0.295725
1	3	3	1	0.356456
1	3	3	2	0.428864
1	3	4	1	0.301833
1	3	4	2	0.416205
1	3	5	1	0.534355
1	3	5	2	1.173866
1	8	1	1	0.471770
1	8	1	2	0.952865
1	8	2	1	0.282583
1	8	2	2	0.365713
1	8	3	1	0.424417
1	8	3	2	0.487653
1	8	4	1	0.275847
1	8	4	2	0.348998
1	8	5	1	0.360770
1	8	5	2	0.587924
1	2	1	1	0.415716
1	2	1	2	0.763383
1	2	2	1	0.246870
1	2	2	2	0.290921
1	2	3	1	0.356456
1	2	3	2	0.428864
1	2	4	1	0.282583
1	2	4	2	0.365713
1	2	5	1	0.442913
1	2	5	2	0.854183
1	10	1	1	0.502258
1	10	1	2	1.059427
1	10	2	1	0.247702
1	10	2	2	0.293050
1	10	3	1	0.375359
1	10	3	2	0.446007
1	10	4	1	0.250135
1	10	4	2	0.292905
1	10	5	1	0.366437
1	10	5	2	0.605446
1	5	1	1	0.390210
1	5	1	2	0.680469
1	5	2	1	0.246187
1	5	2	2	0.287745
1	5	3	1	0.287219
1	5	3	2	0.355115
1	5	4	1	0.251580
1	5	4	2	0.295478
1	5	5	1	0.360770
1	5	5	2	0.587924
1	6	1	1	0.442913
1	6	1	2	0.854183
1	6	2	1	0.293733
1	6	2	2	0.394518
1	6	3	1	0.326472
1	6	3	2	0.399619
1	6	4	1	0.293733
1	6	4	2	0.394518
1	6	5	1	0.526181
1	6	5	2	1.144518
1	7	1	1	0.442913
1	7	1	2	0.854183
1	7	2	1	0.310446
1	7	2	2	0.439877
1	7	3	1	0.340328
1	7	3	2	0.413505
1	7	4	1	0.282583
1	7	4	2	0.365713
1	7	5	1	0.471770
1	7	5	2	0.952865
1	15	1	1	0.526181
1	15	1	2	1.144518
1	15	2	1	0.310446
1	15	2	2	0.439877
1	15	3	1	0.250401
1	15	3	2	0.298951
1	15	4	1	0.246870
1	15	4	2	0.290921
1	15	5	1	0.568043
1	15	5	2	1.296180
1	9	1	1	0.360770
1	9	1	2	0.587924
1	9	2	1	0.301833
1	9	2	2	0.416205
1	9	3	1	0.254672
1	9	3	2	0.307099
1	9	4	1	0.275847
1	9	4	2	0.348998
1	9	5	1	0.464402
1	9	5	2	0.927456
2	11	1	1	0.486811
2	11	1	2	1.005161
2	11	2	1	0.286163
2	11	2	2	0.374817
2	11	3	1	0.397708
2	11	3	2	0.465383
2	11	4	1	0.255055
2	11	4	2	0.302151
2	11	5	1	0.510132
2	11	5	2	1.087298
2	14	1	1	0.360770
2	14	1	2	0.587924
2	14	2	1	0.257070
2	14	2	2	0.306247
2	14	3	1	0.314502
2	14	3	2	0.386980
2	14	4	1	0.246187
2	14	4	2	0.287745
2	14	5	1	0.494484
2	14	5	2	1.032048
2	3	1	1	0.576712
2	3	1	2	1.327989
2	3	2	1	0.255055
2	3	2	2	0.302151
2	3	3	1	0.248870
2	3	3	2	0.295725
2	3	4	1	0.248895
2	3	4	2	0.290842
2	3	5	1	0.486811
2	3	5	2	1.005161
2	1	1	1	0.384103
2	1	1	2	0.660973
2	1	2	1	0.246870
2	1	2	2	0.290921
2	1	3	1	0.326472
2	1	3	2	0.399619
2	1	4	1	0.286163
2	1	4	2	0.374817
2	1	5	1	0.576712
2	1	5	2	1.327989
2	13	1	1	0.384103
2	13	1	2	0.660973
2	13	2	1	0.251580
2	13	2	2	0.295478
2	13	3	1	0.314502
2	13	3	2	0.386980
2	13	4	1	0.255055
2	13	4	2	0.302151
2	13	5	1	0.378104
2	13	5	2	0.641971
2	4	1	1	0.457136
2	4	1	2	0.902539
2	4	2	1	0.255055
2	4	2	2	0.302151
2	4	3	1	0.456768
2	4	3	2	0.513825
2	4	4	1	0.247702
2	4	4	2	0.293050
2	4	5	1	0.435957
2	4	5	2	0.830744
2	12	1	1	0.390210
2	12	1	2	0.680469
2	12	2	1	0.279143
2	12	2	2	0.357106
2	12	3	1	0.397708
2	12	3	2	0.465383
2	12	4	1	0.261626
2	12	4	2	0.315953
2	12	5	1	0.464402
2	12	5	2	0.927456
2	8	1	1	0.415716
2	8	1	2	0.763383
2	8	2	1	0.247069
2	8	2	2	0.288257
2	8	3	1	0.248870
2	8	3	2	0.295725
2	8	4	1	0.247870
2	8	4	2	0.289292
2	8	5	1	0.429105
2	8	5	2	0.807797
2	10	1	1	0.396426
2	10	1	2	0.700458
2	10	2	1	0.264155
2	10	2	2	0.321560
2	10	3	1	0.250401
2	10	3	2	0.298951
2	10	4	1	0.246870
2	10	4	2	0.290921
2	10	5	1	0.390210
2	10	5	2	0.680469
2	5	1	1	0.366437
2	5	1	2	0.605446
2	5	2	1	0.259262
2	5	2	2	0.310848
2	5	3	1	0.340328
2	5	3	2	0.413505
2	5	4	1	0.272696
2	5	4	2	0.341388
2	5	5	1	0.402749
2	5	5	2	0.720940
2	6	1	1	0.442913
2	6	1	2	0.854183
2	6	2	1	0.301833
2	6	2	2	0.416205
2	6	3	1	0.295088
2	6	3	2	0.364835
2	6	4	1	0.246353
2	6	4	2	0.289331
2	6	5	1	0.494484
2	6	5	2	1.032048
2	7	1	1	0.494484
2	7	1	2	1.032048
2	7	2	1	0.246870
2	7	2	2	0.290921
2	7	3	1	0.340328
2	7	3	2	0.413505
2	7	4	1	0.264155
2	7	4	2	0.321560
2	7	5	1	0.396426
2	7	5	2	0.700458
2	15	1	1	0.435957
2	15	1	2	0.830744
2	15	2	1	0.248895
2	15	2	2	0.290842
2	15	3	1	0.264683
2	15	3	2	0.323750
2	15	4	1	0.247702
2	15	4	2	0.293050
2	15	5	1	0.429105
2	15	5	2	0.807797
2	9	1	1	0.457136
2	9	1	2	0.902539
2	9	2	1	0.251580
2	9	2	2	0.295478
2	9	3	1	0.375359
2	9	3	2	0.446007
2	9	4	1	0.261626
2	9	4	2	0.315953
2	9	5	1	0.435957
2	9	5	2	0.830744
3	11	1	1	0.526181
3	11	1	2	1.144518
3	11	2	1	0.250135
3	11	2	2	0.292905
3	11	3	1	0.356456
3	11	3	2	0.428864
3	11	4	1	0.257070
3	11	4	2	0.306247
3	11	5	1	0.422358
3	11	5	2	0.785344
3	14	1	1	0.409180
3	14	1	2	0.741915
3	14	2	1	0.275847
3	14	2	2	0.348998
3	14	3	1	0.257483
3	14	3	2	0.312044
3	14	4	1	0.293733
3	14	4	2	0.394518
3	14	5	1	0.442913
3	14	5	2	0.854183
3	2	1	1	0.360770
3	2	1	2	0.587924
3	2	2	1	0.251580
3	2	2	2	0.295478
3	2	3	1	0.456768
3	2	3	2	0.513825
3	2	4	1	0.306076
3	2	4	2	0.427793
3	2	5	1	0.422358
3	2	5	2	0.785344
3	4	1	1	0.576712
3	4	1	2	1.327989
3	4	2	1	0.275847
3	4	2	2	0.348998
3	4	3	1	0.314502
3	4	3	2	0.386980
3	4	4	1	0.250135
3	4	4	2	0.292905
3	4	5	1	0.518107
3	4	5	2	1.115662
3	12	1	1	0.390210
3	12	1	2	0.680469
3	12	2	1	0.306076
3	12	2	2	0.427793
3	12	3	1	0.274382
3	12	3	2	0.338023
3	12	4	1	0.248870
3	12	4	2	0.295725
3	12	5	1	0.360770
3	12	5	2	0.587924
3	1	1	1	0.402749
3	1	1	2	0.720940
3	1	2	1	0.246870
3	1	2	2	0.290921
3	1	3	1	0.356456
3	1	3	2	0.428864
3	1	4	1	0.272696
3	1	4	2	0.341388
3	1	5	1	0.435957
3	1	5	2	0.830744
3	13	1	1	0.568043
3	13	1	2	1.296180
3	13	2	1	0.246353
3	13	2	2	0.289331
3	13	3	1	0.304119
3	13	3	2	0.375426
3	13	4	1	0.251580
3	13	4	2	0.295478
3	13	5	1	0.551002
3	13	5	2	1.234039
3	8	1	1	0.494484
3	8	1	2	1.032048
3	8	2	1	0.248895
3	8	2	2	0.290842
3	8	3	1	0.260803
3	8	3	2	0.317588
3	8	4	1	0.269695
3	8	4	2	0.334278
3	8	5	1	0.422358
3	8	5	2	0.785344
3	10	1	1	0.390210
3	10	1	2	0.680469
3	10	2	1	0.286163
3	10	2	2	0.374817
3	10	3	1	0.280358
3	10	3	2	0.346196
3	10	4	1	0.248895
3	10	4	2	0.290842
3	10	5	1	0.534355
3	10	5	2	1.173866
3	5	1	1	0.471770
3	5	1	2	0.952865
3	5	2	1	0.247069
3	5	2	2	0.288257
3	5	3	1	0.456768
3	5	3	2	0.513825
3	5	4	1	0.275847
3	5	4	2	0.348998
3	5	5	1	0.372215
3	5	5	2	0.623462
3	6	1	1	0.429105
3	6	1	2	0.807797
3	6	2	1	0.247702
3	6	2	2	0.293050
3	6	3	1	0.397708
3	6	3	2	0.465383
3	6	4	1	0.250135
3	6	4	2	0.292905
3	6	5	1	0.576712
3	6	5	2	1.327989
3	7	1	1	0.442913
3	7	1	2	0.854183
3	7	2	1	0.266846
3	7	2	2	0.327669
3	7	3	1	0.314502
3	7	3	2	0.386980
3	7	4	1	0.247702
3	7	4	2	0.293050
3	7	5	1	0.384103
3	7	5	2	0.660973
3	15	1	1	0.396426
3	15	1	2	0.700458
3	15	2	1	0.310446
3	15	2	2	0.439877
3	15	3	1	0.252324
3	15	3	2	0.302739
3	15	4	1	0.246187
3	15	4	2	0.287745
3	15	5	1	0.479240
3	15	5	2	0.978767
3	9	1	1	0.471770
3	9	1	2	0.952865
3	9	2	1	0.253223
3	9	2	2	0.298561
3	9	3	1	0.397708
3	9	3	2	0.465383
3	9	4	1	0.282583
3	9	4	2	0.365713
3	9	5	1	0.471770
3	9	5	2	0.952865
4	1	1	1	0.471770
4	1	1	2	0.952865
4	1	2	1	0.246353
4	1	2	2	0.289331
4	1	3	1	0.456768
4	1	3	2	0.513825
4	1	4	1	0.257070
4	1	4	2	0.306247
4	1	5	1	0.464402
4	1	5	2	0.927456
4	12	1	1	0.542629
4	12	1	2	1.203706
4	12	2	1	0.261626
4	12	2	2	0.315953
4	12	3	1	0.340328
4	12	3	2	0.413505
4	12	4	1	0.246353
4	12	4	2	0.289331
4	12	5	1	0.551002
4	12	5	2	1.234039
4	13	1	1	0.510132
4	13	1	2	1.087298
4	13	2	1	0.246504
4	13	2	2	0.287741
4	13	3	1	0.254672
4	13	3	2	0.307099
4	13	4	1	0.272696
4	13	4	2	0.341388
4	13	5	1	0.464402
4	13	5	2	0.927456
4	3	1	1	0.449973
4	3	1	2	0.878115
4	3	2	1	0.266846
4	3	2	2	0.327669
4	3	3	1	0.250401
4	3	3	2	0.298951
4	3	4	1	0.246870
4	3	4	2	0.290921
4	3	5	1	0.449973
4	3	5	2	0.878115
4	14	1	1	0.551002
4	14	1	2	1.234039
4	14	2	1	0.293733
4	14	2	2	0.394518
4	14	3	1	0.250401
4	14	3	2	0.298951
4	14	4	1	0.279143
4	14	4	2	0.357106
4	14	5	1	0.542629
4	14	5	2	1.203706
4	11	1	1	0.551002
4	11	1	2	1.234039
4	11	2	1	0.266846
4	11	2	2	0.327669
4	11	3	1	0.314502
4	11	3	2	0.386980
4	11	4	1	0.246131
4	11	4	2	0.288274
4	11	5	1	0.559473
4	11	5	2	1.264864
4	2	1	1	0.542629
4	2	1	2	1.203706
4	2	2	1	0.246353
4	2	2	2	0.289331
4	2	3	1	0.280358
4	2	3	2	0.346196
4	2	4	1	0.246504
4	2	4	2	0.287741
4	2	5	1	0.415716
4	2	5	2	0.763383
4	8	1	1	0.471770
4	8	1	2	0.952865
4	8	2	1	0.246131
4	8	2	2	0.288274
4	8	3	1	0.287219
4	8	3	2	0.355115
4	8	4	1	0.266846
4	8	4	2	0.327669
4	8	5	1	0.429105
4	8	5	2	0.807797
4	10	1	1	0.559473
4	10	1	2	1.264864
4	10	2	1	0.266846
4	10	2	2	0.327669
4	10	3	1	0.304119
4	10	3	2	0.375426
4	10	4	1	0.247069
4	10	4	2	0.288257
4	10	5	1	0.409180
4	10	5	2	0.741915
4	5	1	1	0.457136
4	5	1	2	0.902539
4	5	2	1	0.251580
4	5	2	2	0.295478
4	5	3	1	0.375359
4	5	3	2	0.446007
4	5	4	1	0.269695
4	5	4	2	0.334278
4	5	5	1	0.390210
4	5	5	2	0.680469
4	6	1	1	0.390210
4	6	1	2	0.680469
4	6	2	1	0.257070
4	6	2	2	0.306247
4	6	3	1	0.257483
4	6	3	2	0.312044
4	6	4	1	0.261626
4	6	4	2	0.315953
4	6	5	1	0.526181
4	6	5	2	1.144518
4	7	1	1	0.464402
4	7	1	2	0.927456
4	7	2	1	0.257070
4	7	2	2	0.306247
4	7	3	1	0.250401
4	7	3	2	0.298951
4	7	4	1	0.255055
4	7	4	2	0.302151
4	7	5	1	0.360770
4	7	5	2	0.587924
4	15	1	1	0.396426
4	15	1	2	0.700458
4	15	2	1	0.246131
4	15	2	2	0.288274
4	15	3	1	0.287219
4	15	3	2	0.355115
4	15	4	1	0.279143
4	15	4	2	0.357106
4	15	5	1	0.559473
4	15	5	2	1.264864
4	9	1	1	0.449973
4	9	1	2	0.878115
4	9	2	1	0.289880
4	9	2	2	0.384419
4	9	3	1	0.274382
4	9	3	2	0.338023
4	9	4	1	0.246870
4	9	4	2	0.290921
4	9	5	1	0.551002
4	9	5	2	1.234039
5	10	1	1	0.502258
5	10	1	2	1.059427
5	10	2	1	0.246504
5	10	2	2	0.287741
5	10	3	1	0.248870
5	10	3	2	0.295725
5	10	4	1	0.247069
5	10	4	2	0.288257
5	10	5	1	0.390210
5	10	5	2	0.680469
5	6	1	1	0.486811
5	6	1	2	1.005161
5	6	2	1	0.246131
5	6	2	2	0.288274
5	6	3	1	0.274382
5	6	3	2	0.338023
5	6	4	1	0.279143
5	6	4	2	0.357106
5	6	5	1	0.518107
5	6	5	2	1.115662
5	7	1	1	0.396426
5	7	1	2	0.700458
5	7	2	1	0.255055
5	7	2	2	0.302151
5	7	3	1	0.375359
5	7	3	2	0.446007
5	7	4	1	0.282583
5	7	4	2	0.365713
5	7	5	1	0.542629
5	7	5	2	1.203706
5	8	1	1	0.471770
5	8	1	2	0.952865
5	8	2	1	0.269695
5	8	2	2	0.334278
5	8	3	1	0.250401
5	8	3	2	0.298951
5	8	4	1	0.289880
5	8	4	2	0.384419
5	8	5	1	0.429105
5	8	5	2	0.807797
5	14	1	1	0.449973
5	14	1	2	0.878115
5	14	2	1	0.247702
5	14	2	2	0.293050
5	14	3	1	0.260803
5	14	3	2	0.317588
5	14	4	1	0.306076
5	14	4	2	0.427793
5	14	5	1	0.409180
5	14	5	2	0.741915
5	13	1	1	0.471770
5	13	1	2	0.952865
5	13	2	1	0.246187
5	13	2	2	0.287745
5	13	3	1	0.304119
5	13	3	2	0.375426
5	13	4	1	0.275847
5	13	4	2	0.348998
5	13	5	1	0.435957
5	13	5	2	0.830744
5	11	1	1	0.415716
5	11	1	2	0.763383
5	11	2	1	0.259262
5	11	2	2	0.310848
5	11	3	1	0.456768
5	11	3	2	0.513825
5	11	4	1	0.248870
5	11	4	2	0.295725
5	11	5	1	0.390210
5	11	5	2	0.680469
5	2	1	1	0.429105
5	2	1	2	0.807797
5	2	2	1	0.247069
5	2	2	2	0.288257
5	2	3	1	0.356456
5	2	3	2	0.428864
5	2	4	1	0.259262
5	2	4	2	0.310848
5	2	5	1	0.442913
5	2	5	2	0.854183
5	1	1	1	0.415716
5	1	1	2	0.763383
5	1	2	1	0.251580
5	1	2	2	0.295478
5	1	3	1	0.252324
5	1	3	2	0.302739
5	1	4	1	0.247870
5	1	4	2	0.289292
5	1	5	1	0.486811
5	1	5	2	1.005161
5	3	1	1	0.518107
5	3	1	2	1.115662
5	3	2	1	0.259262
5	3	2	2	0.310848
5	3	3	1	0.260803
5	3	3	2	0.317588
5	3	4	1	0.297717
5	3	4	2	0.405114
5	3	5	1	0.409180
5	3	5	2	0.741915
5	4	1	1	0.390210
5	4	1	2	0.680469
5	4	2	1	0.259262
5	4	2	2	0.310848
5	4	3	1	0.356456
5	4	3	2	0.428864
5	4	4	1	0.310446
5	4	4	2	0.439877
5	4	5	1	0.435957
5	4	5	2	0.830744
5	12	1	1	0.435957
5	12	1	2	0.830744
5	12	2	1	0.250135
5	12	2	2	0.292905
5	12	3	1	0.397708
5	12	3	2	0.465383
5	12	4	1	0.279143
5	12	4	2	0.357106
5	12	5	1	0.360770
5	12	5	2	0.587924
5	15	1	1	0.464402
5	15	1	2	0.927456
5	15	2	1	0.306076
5	15	2	2	0.427793
5	15	3	1	0.424417
5	15	3	2	0.487653
5	15	4	1	0.246504
5	15	4	2	0.287741
5	15	5	1	0.510132
5	15	5	2	1.087298
5	9	1	1	0.471770
5	9	1	2	0.952865
5	9	2	1	0.253223
5	9	2	2	0.298561
5	9	3	1	0.248870
5	9	3	2	0.295725
5	9	4	1	0.275847
5	9	4	2	0.348998
5	9	5	1	0.479240
5	9	5	2	0.978767
6	5	1	1	0.542629
6	5	1	2	1.203706
6	5	2	1	0.250135
6	5	2	2	0.292905
6	5	3	1	0.269185
6	5	3	2	0.330552
6	5	4	1	0.250135
6	5	4	2	0.292905
6	5	5	1	0.551002
6	5	5	2	1.234039
6	10	1	1	0.464402
6	10	1	2	0.927456
6	10	2	1	0.246870
6	10	2	2	0.290921
6	10	3	1	0.252324
6	10	3	2	0.302739
6	10	4	1	0.255055
6	10	4	2	0.302151
6	10	5	1	0.510132
6	10	5	2	1.087298
6	7	1	1	0.568043
6	7	1	2	1.296180
6	7	2	1	0.246870
6	7	2	2	0.290921
6	7	3	1	0.254672
6	7	3	2	0.307099
6	7	4	1	0.246131
6	7	4	2	0.288274
6	7	5	1	0.435957
6	7	5	2	0.830744
6	8	1	1	0.402749
6	8	1	2	0.720940
6	8	2	1	0.246870
6	8	2	2	0.290921
6	8	3	1	0.257483
6	8	3	2	0.312044
6	8	4	1	0.269695
6	8	4	2	0.334278
6	8	5	1	0.415716
6	8	5	2	0.763383
6	14	1	1	0.409180
6	14	1	2	0.741915
6	14	2	1	0.266846
6	14	2	2	0.327669
6	14	3	1	0.456768
6	14	3	2	0.513825
6	14	4	1	0.301833
6	14	4	2	0.416205
6	14	5	1	0.442913
6	14	5	2	0.854183
6	13	1	1	0.429105
6	13	1	2	0.807797
6	13	2	1	0.269695
6	13	2	2	0.334278
6	13	3	1	0.250401
6	13	3	2	0.298951
6	13	4	1	0.247870
6	13	4	2	0.289292
6	13	5	1	0.518107
6	13	5	2	1.115662
6	11	1	1	0.390210
6	11	1	2	0.680469
6	11	2	1	0.250135
6	11	2	2	0.292905
6	11	3	1	0.250401
6	11	3	2	0.298951
6	11	4	1	0.259262
6	11	4	2	0.310848
6	11	5	1	0.534355
6	11	5	2	1.173866
6	1	1	1	0.378104
6	1	1	2	0.641971
6	1	2	1	0.248870
6	1	2	2	0.295725
6	1	3	1	0.260803
6	1	3	2	0.317588
6	1	4	1	0.310446
6	1	4	2	0.439877
6	1	5	1	0.409180
6	1	5	2	0.741915
6	2	1	1	0.384103
6	2	1	2	0.660973
6	2	2	1	0.293733
6	2	2	2	0.394518
6	2	3	1	0.340328
6	2	3	2	0.413505
6	2	4	1	0.266846
6	2	4	2	0.327669
6	2	5	1	0.551002
6	2	5	2	1.234039
6	3	1	1	0.494484
6	3	1	2	1.032048
6	3	2	1	0.255055
6	3	2	2	0.302151
6	3	3	1	0.424417
6	3	3	2	0.487653
6	3	4	1	0.275847
6	3	4	2	0.348998
6	3	5	1	0.551002
6	3	5	2	1.234039
6	4	1	1	0.464402
6	4	1	2	0.927456
6	4	2	1	0.247702
6	4	2	2	0.293050
6	4	3	1	0.295088
6	4	3	2	0.364835
6	4	4	1	0.275847
6	4	4	2	0.348998
6	4	5	1	0.435957
6	4	5	2	0.830744
6	12	1	1	0.526181
6	12	1	2	1.144518
6	12	2	1	0.248870
6	12	2	2	0.295725
6	12	3	1	0.304119
6	12	3	2	0.375426
6	12	4	1	0.246870
6	12	4	2	0.290921
6	12	5	1	0.502258
6	12	5	2	1.059427
6	15	1	1	0.542629
6	15	1	2	1.203706
6	15	2	1	0.289880
6	15	2	2	0.384419
6	15	3	1	0.304119
6	15	3	2	0.375426
6	15	4	1	0.253223
6	15	4	2	0.298561
6	15	5	1	0.360770
6	15	5	2	0.587924
6	9	1	1	0.502258
6	9	1	2	1.059427
6	9	2	1	0.247702
6	9	2	2	0.293050
6	9	3	1	0.254672
6	9	3	2	0.307099
6	9	4	1	0.259262
6	9	4	2	0.310848
6	9	5	1	0.534355
6	9	5	2	1.173866
7	6	1	1	0.471770
7	6	1	2	0.952865
7	6	2	1	0.257070
7	6	2	2	0.306247
7	6	3	1	0.280358
7	6	3	2	0.346196
7	6	4	1	0.246870
7	6	4	2	0.290921
7	6	5	1	0.494484
7	6	5	2	1.032048
7	5	1	1	0.384103
7	5	1	2	0.660973
7	5	2	1	0.275847
7	5	2	2	0.348998
7	5	3	1	0.252324
7	5	3	2	0.302739
7	5	4	1	0.297717
7	5	4	2	0.405114
7	5	5	1	0.442913
7	5	5	2	0.854183
7	10	1	1	0.534355
7	10	1	2	1.173866
7	10	2	1	0.246504
7	10	2	2	0.287741
7	10	3	1	0.254672
7	10	3	2	0.307099
7	10	4	1	0.272696
7	10	4	2	0.341388
7	10	5	1	0.518107
7	10	5	2	1.115662
7	8	1	1	0.409180
7	8	1	2	0.741915
7	8	2	1	0.266846
7	8	2	2	0.327669
7	8	3	1	0.260803
7	8	3	2	0.317588
7	8	4	1	0.261626
7	8	4	2	0.315953
7	8	5	1	0.526181
7	8	5	2	1.144518
7	13	1	1	0.559473
7	13	1	2	1.264864
7	13	2	1	0.293733
7	13	2	2	0.394518
7	13	3	1	0.264683
7	13	3	2	0.323750
7	13	4	1	0.293733
7	13	4	2	0.394518
7	13	5	1	0.559473
7	13	5	2	1.264864
7	1	1	1	0.402749
7	1	1	2	0.720940
7	1	2	1	0.248870
7	1	2	2	0.295725
7	1	3	1	0.314502
7	1	3	2	0.386980
7	1	4	1	0.289880
7	1	4	2	0.384419
7	1	5	1	0.568043
7	1	5	2	1.296180
7	14	1	1	0.378104
7	14	1	2	0.641971
7	14	2	1	0.247069
7	14	2	2	0.288257
7	14	3	1	0.280358
7	14	3	2	0.346196
7	14	4	1	0.282583
7	14	4	2	0.365713
7	14	5	1	0.471770
7	14	5	2	0.952865
7	11	1	1	0.396426
7	11	1	2	0.700458
7	11	2	1	0.248870
7	11	2	2	0.295725
7	11	3	1	0.314502
7	11	3	2	0.386980
7	11	4	1	0.272696
7	11	4	2	0.341388
7	11	5	1	0.429105
7	11	5	2	0.807797
7	4	1	1	0.442913
7	4	1	2	0.854183
7	4	2	1	0.246353
7	4	2	2	0.289331
7	4	3	1	0.314502
7	4	3	2	0.386980
7	4	4	1	0.248895
7	4	4	2	0.290842
7	4	5	1	0.457136
7	4	5	2	0.902539
7	2	1	1	0.494484
7	2	1	2	1.032048
7	2	2	1	0.246353
7	2	2	2	0.289331
7	2	3	1	0.424417
7	2	3	2	0.487653
7	2	4	1	0.266846
7	2	4	2	0.327669
7	2	5	1	0.534355
7	2	5	2	1.173866
7	3	1	1	0.422358
7	3	1	2	0.785344
7	3	2	1	0.250135
7	3	2	2	0.292905
7	3	3	1	0.397708
7	3	3	2	0.465383
7	3	4	1	0.259262
7	3	4	2	0.310848
7	3	5	1	0.559473
7	3	5	2	1.264864
7	12	1	1	0.479240
7	12	1	2	0.978767
7	12	2	1	0.269695
7	12	2	2	0.334278
7	12	3	1	0.424417
7	12	3	2	0.487653
7	12	4	1	0.282583
7	12	4	2	0.365713
7	12	5	1	0.415716
7	12	5	2	0.763383
7	15	1	1	0.526181
7	15	1	2	1.144518
7	15	2	1	0.246131
7	15	2	2	0.288274
7	15	3	1	0.280358
7	15	3	2	0.346196
7	15	4	1	0.246187
7	15	4	2	0.287745
7	15	5	1	0.449973
7	15	5	2	0.878115
7	9	1	1	0.502258
7	9	1	2	1.059427
7	9	2	1	0.297717
7	9	2	2	0.405114
7	9	3	1	0.248870
7	9	3	2	0.295725
7	9	4	1	0.246504
7	9	4	2	0.287741
7	9	5	1	0.576712
7	9	5	2	1.327989
8	13	1	1	0.378104
8	13	1	2	0.641971
8	13	2	1	0.246870
8	13	2	2	0.290921
8	13	3	1	0.356456
8	13	3	2	0.428864
8	13	4	1	0.253223
8	13	4	2	0.298561
8	13	5	1	0.464402
8	13	5	2	0.927456
8	1	1	1	0.559473
8	1	1	2	1.264864
8	1	2	1	0.266846
8	1	2	2	0.327669
8	1	3	1	0.248870
8	1	3	2	0.295725
8	1	4	1	0.289880
8	1	4	2	0.384419
8	1	5	1	0.502258
8	1	5	2	1.059427
8	14	1	1	0.518107
8	14	1	2	1.115662
8	14	2	1	0.246131
8	14	2	2	0.288274
8	14	3	1	0.295088
8	14	3	2	0.364835
8	14	4	1	0.282583
8	14	4	2	0.365713
8	14	5	1	0.576712
8	14	5	2	1.327989
8	4	1	1	0.526181
8	4	1	2	1.144518
8	4	2	1	0.253223
8	4	2	2	0.298561
8	4	3	1	0.274382
8	4	3	2	0.338023
8	4	4	1	0.250135
8	4	4	2	0.292905
8	4	5	1	0.518107
8	4	5	2	1.115662
8	11	1	1	0.384103
8	11	1	2	0.660973
8	11	2	1	0.272696
8	11	2	2	0.341388
8	11	3	1	0.257483
8	11	3	2	0.312044
8	11	4	1	0.279143
8	11	4	2	0.357106
8	11	5	1	0.471770
8	11	5	2	0.952865
8	10	1	1	0.366437
8	10	1	2	0.605446
8	10	2	1	0.250135
8	10	2	2	0.292905
8	10	3	1	0.248870
8	10	3	2	0.295725
8	10	4	1	0.297717
8	10	4	2	0.405114
8	10	5	1	0.464402
8	10	5	2	0.927456
8	6	1	1	0.422358
8	6	1	2	0.785344
8	6	2	1	0.266846
8	6	2	2	0.327669
8	6	3	1	0.287219
8	6	3	2	0.355115
8	6	4	1	0.293733
8	6	4	2	0.394518
8	6	5	1	0.402749
8	6	5	2	0.720940
8	5	1	1	0.464402
8	5	1	2	0.927456
8	5	2	1	0.297717
8	5	2	2	0.405114
8	5	3	1	0.304119
8	5	3	2	0.375426
8	5	4	1	0.286163
8	5	4	2	0.374817
8	5	5	1	0.415716
8	5	5	2	0.763383
8	7	1	1	0.526181
8	7	1	2	1.144518
8	7	2	1	0.248870
8	7	2	2	0.295725
8	7	3	1	0.260803
8	7	3	2	0.317588
8	7	4	1	0.246187
8	7	4	2	0.287745
8	7	5	1	0.471770
8	7	5	2	0.952865
8	3	1	1	0.442913
8	3	1	2	0.854183
8	3	2	1	0.246187
8	3	2	2	0.287745
8	3	3	1	0.375359
8	3	3	2	0.446007
8	3	4	1	0.248895
8	3	4	2	0.290842
8	3	5	1	0.568043
8	3	5	2	1.296180
8	12	1	1	0.568043
8	12	1	2	1.296180
8	12	2	1	0.246131
8	12	2	2	0.288274
8	12	3	1	0.260803
8	12	3	2	0.317588
8	12	4	1	0.266846
8	12	4	2	0.327669
8	12	5	1	0.360770
8	12	5	2	0.587924
8	2	1	1	0.518107
8	2	1	2	1.115662
8	2	2	1	0.257070
8	2	2	2	0.306247
8	2	3	1	0.287219
8	2	3	2	0.355115
8	2	4	1	0.269695
8	2	4	2	0.334278
8	2	5	1	0.409180
8	2	5	2	0.741915
8	15	1	1	0.372215
8	15	1	2	0.623462
8	15	2	1	0.248895
8	15	2	2	0.290842
8	15	3	1	0.269185
8	15	3	2	0.330552
8	15	4	1	0.301833
8	15	4	2	0.416205
8	15	5	1	0.449973
8	15	5	2	0.878115
8	9	1	1	0.402749
8	9	1	2	0.720940
8	9	2	1	0.289880
8	9	2	2	0.384419
8	9	3	1	0.295088
8	9	3	2	0.364835
8	9	4	1	0.279143
8	9	4	2	0.357106
8	9	5	1	0.559473
8	9	5	2	1.264864
9	15	1	1	0.568043
9	15	1	2	1.296180
9	15	2	1	0.246353
9	15	2	2	0.289331
9	15	3	1	0.340328
9	15	3	2	0.413505
9	15	4	1	0.297717
9	15	4	2	0.405114
9	15	5	1	0.360770
9	15	5	2	0.587924
9	3	1	1	0.396426
9	3	1	2	0.700458
9	3	2	1	0.247870
9	3	2	2	0.289292
9	3	3	1	0.314502
9	3	3	2	0.386980
9	3	4	1	0.250135
9	3	4	2	0.292905
9	3	5	1	0.479240
9	3	5	2	0.978767
9	2	1	1	0.542629
9	2	1	2	1.203706
9	2	2	1	0.248895
9	2	2	2	0.290842
9	2	3	1	0.264683
9	2	3	2	0.323750
9	2	4	1	0.246187
9	2	4	2	0.287745
9	2	5	1	0.559473
9	2	5	2	1.264864
9	11	1	1	0.534355
9	11	1	2	1.173866
9	11	2	1	0.264155
9	11	2	2	0.321560
9	11	3	1	0.250401
9	11	3	2	0.298951
9	11	4	1	0.246870
9	11	4	2	0.290921
9	11	5	1	0.502258
9	11	5	2	1.059427
9	14	1	1	0.551002
9	14	1	2	1.234039
9	14	2	1	0.253223
9	14	2	2	0.298561
9	14	3	1	0.254672
9	14	3	2	0.307099
9	14	4	1	0.251580
9	14	4	2	0.295478
9	14	5	1	0.479240
9	14	5	2	0.978767
9	12	1	1	0.542629
9	12	1	2	1.203706
9	12	2	1	0.247702
9	12	2	2	0.293050
9	12	3	1	0.326472
9	12	3	2	0.399619
9	12	4	1	0.264155
9	12	4	2	0.321560
9	12	5	1	0.435957
9	12	5	2	0.830744
9	4	1	1	0.449973
9	4	1	2	0.878115
9	4	2	1	0.246870
9	4	2	2	0.290921
9	4	3	1	0.356456
9	4	3	2	0.428864
9	4	4	1	0.248870
9	4	4	2	0.295725
9	4	5	1	0.378104
9	4	5	2	0.641971
9	1	1	1	0.422358
9	1	1	2	0.785344
9	1	2	1	0.289880
9	1	2	2	0.384419
9	1	3	1	0.314502
9	1	3	2	0.386980
9	1	4	1	0.246870
9	1	4	2	0.290921
9	1	5	1	0.409180
9	1	5	2	0.741915
9	13	1	1	0.576712
9	13	1	2	1.327989
9	13	2	1	0.286163
9	13	2	2	0.374817
9	13	3	1	0.264683
9	13	3	2	0.323750
9	13	4	1	0.259262
9	13	4	2	0.310848
9	13	5	1	0.378104
9	13	5	2	0.641971
9	8	1	1	0.457136
9	8	1	2	0.902539
9	8	2	1	0.264155
9	8	2	2	0.321560
9	8	3	1	0.424417
9	8	3	2	0.487653
9	8	4	1	0.246187
9	8	4	2	0.287745
9	8	5	1	0.479240
9	8	5	2	0.978767
9	10	1	1	0.542629
9	10	1	2	1.203706
9	10	2	1	0.257070
9	10	2	2	0.306247
9	10	3	1	0.252324
9	10	3	2	0.302739
9	10	4	1	0.297717
9	10	4	2	0.405114
9	10	5	1	0.518107
9	10	5	2	1.115662
9	5	1	1	0.518107
9	5	1	2	1.115662
9	5	2	1	0.286163
9	5	2	2	0.374817
9	5	3	1	0.375359
9	5	3	2	0.446007
9	5	4	1	0.310446
9	5	4	2	0.439877
9	5	5	1	0.518107
9	5	5	2	1.115662
9	6	1	1	0.568043
9	6	1	2	1.296180
9	6	2	1	0.246131
9	6	2	2	0.288274
9	6	3	1	0.314502
9	6	3	2	0.386980
9	6	4	1	0.255055
9	6	4	2	0.302151
9	6	5	1	0.510132
9	6	5	2	1.087298
9	7	1	1	0.471770
9	7	1	2	0.952865
9	7	2	1	0.250135
9	7	2	2	0.292905
9	7	3	1	0.264683
9	7	3	2	0.323750
9	7	4	1	0.259262
9	7	4	2	0.310848
9	7	5	1	0.471770
9	7	5	2	0.952865
10	5	1	1	0.502258
10	5	1	2	1.059427
10	5	2	1	0.246187
10	5	2	2	0.287745
10	5	3	1	0.340328
10	5	3	2	0.413505
10	5	4	1	0.301833
10	5	4	2	0.416205
10	5	5	1	0.518107
10	5	5	2	1.115662
10	6	1	1	0.422358
10	6	1	2	0.785344
10	6	2	1	0.257070
10	6	2	2	0.306247
10	6	3	1	0.269185
10	6	3	2	0.330552
10	6	4	1	0.247702
10	6	4	2	0.293050
10	6	5	1	0.372215
10	6	5	2	0.623462
10	7	1	1	0.551002
10	7	1	2	1.234039
10	7	2	1	0.266846
10	7	2	2	0.327669
10	7	3	1	0.424417
10	7	3	2	0.487653
10	7	4	1	0.246870
10	7	4	2	0.290921
10	7	5	1	0.542629
10	7	5	2	1.203706
10	8	1	1	0.415716
10	8	1	2	0.763383
10	8	2	1	0.306076
10	8	2	2	0.427793
10	8	3	1	0.340328
10	8	3	2	0.413505
10	8	4	1	0.246504
10	8	4	2	0.287741
10	8	5	1	0.471770
10	8	5	2	0.952865
10	14	1	1	0.442913
10	14	1	2	0.854183
10	14	2	1	0.266846
10	14	2	2	0.327669
10	14	3	1	0.304119
10	14	3	2	0.375426
10	14	4	1	0.247069
10	14	4	2	0.288257
10	14	5	1	0.384103
10	14	5	2	0.660973
10	13	1	1	0.486811
10	13	1	2	1.005161
10	13	2	1	0.251580
10	13	2	2	0.295478
10	13	3	1	0.456768
10	13	3	2	0.513825
10	13	4	1	0.266846
10	13	4	2	0.327669
10	13	5	1	0.518107
10	13	5	2	1.115662
10	11	1	1	0.415716
10	11	1	2	0.763383
10	11	2	1	0.246131
10	11	2	2	0.288274
10	11	3	1	0.274382
10	11	3	2	0.338023
10	11	4	1	0.279143
10	11	4	2	0.357106
10	11	5	1	0.526181
10	11	5	2	1.144518
10	2	1	1	0.551002
10	2	1	2	1.234039
10	2	2	1	0.250135
10	2	2	2	0.292905
10	2	3	1	0.340328
10	2	3	2	0.413505
10	2	4	1	0.272696
10	2	4	2	0.341388
10	2	5	1	0.479240
10	2	5	2	0.978767
10	1	1	1	0.471770
10	1	1	2	0.952865
10	1	2	1	0.250135
10	1	2	2	0.292905
10	1	3	1	0.274382
10	1	3	2	0.338023
10	1	4	1	0.251580
10	1	4	2	0.295478
10	1	5	1	0.429105
10	1	5	2	0.807797
10	3	1	1	0.360770
10	3	1	2	0.587924
10	3	2	1	0.297717
10	3	2	2	0.405114
10	3	3	1	0.375359
10	3	3	2	0.446007
10	3	4	1	0.248895
10	3	4	2	0.290842
10	3	5	1	0.494484
10	3	5	2	1.032048
10	4	1	1	0.396426
10	4	1	2	0.700458
10	4	2	1	0.289880
10	4	2	2	0.384419
10	4	3	1	0.280358
10	4	3	2	0.346196
10	4	4	1	0.257070
10	4	4	2	0.306247
10	4	5	1	0.390210
10	4	5	2	0.680469
10	12	1	1	0.526181
10	12	1	2	1.144518
10	12	2	1	0.247702
10	12	2	2	0.293050
10	12	3	1	0.356456
10	12	3	2	0.428864
10	12	4	1	0.289880
10	12	4	2	0.384419
10	12	5	1	0.409180
10	12	5	2	0.741915
10	15	1	1	0.551002
10	15	1	2	1.234039
10	15	2	1	0.247069
10	15	2	2	0.288257
10	15	3	1	0.250401
10	15	3	2	0.298951
10	15	4	1	0.255055
10	15	4	2	0.302151
10	15	5	1	0.422358
10	15	5	2	0.785344
10	9	1	1	0.422358
10	9	1	2	0.785344
10	9	2	1	0.275847
10	9	2	2	0.348998
10	9	3	1	0.356456
10	9	3	2	0.428864
10	9	4	1	0.293733
10	9	4	2	0.394518
10	9	5	1	0.360770
10	9	5	2	0.587924
11	14	1	1	0.449973
11	14	1	2	0.878115
11	14	2	1	0.306076
11	14	2	2	0.427793
11	14	3	1	0.314502
11	14	3	2	0.386980
11	14	4	1	0.306076
11	14	4	2	0.427793
11	14	5	1	0.378104
11	14	5	2	0.641971
11	2	1	1	0.384103
11	2	1	2	0.660973
11	2	2	1	0.247702
11	2	2	2	0.293050
11	2	3	1	0.269185
11	2	3	2	0.330552
11	2	4	1	0.248870
11	2	4	2	0.295725
11	2	5	1	0.429105
11	2	5	2	0.807797
11	3	1	1	0.435957
11	3	1	2	0.830744
11	3	2	1	0.275847
11	3	2	2	0.348998
11	3	3	1	0.287219
11	3	3	2	0.355115
11	3	4	1	0.264155
11	3	4	2	0.321560
11	3	5	1	0.534355
11	3	5	2	1.173866
11	1	1	1	0.534355
11	1	1	2	1.173866
11	1	2	1	0.255055
11	1	2	2	0.302151
11	1	3	1	0.397708
11	1	3	2	0.465383
11	1	4	1	0.247069
11	1	4	2	0.288257
11	1	5	1	0.494484
11	1	5	2	1.032048
11	13	1	1	0.378104
11	13	1	2	0.641971
11	13	2	1	0.246870
11	13	2	2	0.290921
11	13	3	1	0.314502
11	13	3	2	0.386980
11	13	4	1	0.248895
11	13	4	2	0.290842
11	13	5	1	0.442913
11	13	5	2	0.854183
11	4	1	1	0.534355
11	4	1	2	1.173866
11	4	2	1	0.246353
11	4	2	2	0.289331
11	4	3	1	0.264683
11	4	3	2	0.323750
11	4	4	1	0.272696
11	4	4	2	0.341388
11	4	5	1	0.449973
11	4	5	2	0.878115
11	12	1	1	0.409180
11	12	1	2	0.741915
11	12	2	1	0.253223
11	12	2	2	0.298561
11	12	3	1	0.356456
11	12	3	2	0.428864
11	12	4	1	0.257070
11	12	4	2	0.306247
11	12	5	1	0.534355
11	12	5	2	1.173866
11	8	1	1	0.534355
11	8	1	2	1.173866
11	8	2	1	0.248870
11	8	2	2	0.295725
11	8	3	1	0.304119
11	8	3	2	0.375426
11	8	4	1	0.261626
11	8	4	2	0.315953
11	8	5	1	0.464402
11	8	5	2	0.927456
11	10	1	1	0.518107
11	10	1	2	1.115662
11	10	2	1	0.269695
11	10	2	2	0.334278
11	10	3	1	0.257483
11	10	3	2	0.312044
11	10	4	1	0.297717
11	10	4	2	0.405114
11	10	5	1	0.486811
11	10	5	2	1.005161
11	5	1	1	0.409180
11	5	1	2	0.741915
11	5	2	1	0.272696
11	5	2	2	0.341388
11	5	3	1	0.274382
11	5	3	2	0.338023
11	5	4	1	0.269695
11	5	4	2	0.334278
11	5	5	1	0.559473
11	5	5	2	1.264864
11	6	1	1	0.576712
11	6	1	2	1.327989
11	6	2	1	0.275847
11	6	2	2	0.348998
11	6	3	1	0.326472
11	6	3	2	0.399619
11	6	4	1	0.247069
11	6	4	2	0.288257
11	6	5	1	0.457136
11	6	5	2	0.902539
11	7	1	1	0.396426
11	7	1	2	0.700458
11	7	2	1	0.310446
11	7	2	2	0.439877
11	7	3	1	0.326472
11	7	3	2	0.399619
11	7	4	1	0.306076
11	7	4	2	0.427793
11	7	5	1	0.479240
11	7	5	2	0.978767
11	15	1	1	0.464402
11	15	1	2	0.927456
11	15	2	1	0.301833
11	15	2	2	0.416205
11	15	3	1	0.287219
11	15	3	2	0.355115
11	15	4	1	0.306076
11	15	4	2	0.427793
11	15	5	1	0.559473
11	15	5	2	1.264864
11	9	1	1	0.551002
11	9	1	2	1.234039
11	9	2	1	0.246187
11	9	2	2	0.287745
11	9	3	1	0.356456
11	9	3	2	0.428864
11	9	4	1	0.301833
11	9	4	2	0.416205
11	9	5	1	0.449973
11	9	5	2	0.878115
12	4	1	1	0.471770
12	4	1	2	0.952865
12	4	2	1	0.261626
12	4	2	2	0.315953
12	4	3	1	0.340328
12	4	3	2	0.413505
12	4	4	1	0.248895
12	4	4	2	0.290842
12	4	5	1	0.502258
12	4	5	2	1.059427
12	1	1	1	0.396426
12	1	1	2	0.700458
12	1	2	1	0.246353
12	1	2	2	0.289331
12	1	3	1	0.287219
12	1	3	2	0.355115
12	1	4	1	0.246187
12	1	4	2	0.287745
12	1	5	1	0.464402
12	1	5	2	0.927456
12	3	1	1	0.442913
12	3	1	2	0.854183
12	3	2	1	0.247870
12	3	2	2	0.289292
12	3	3	1	0.375359
12	3	3	2	0.446007
12	3	4	1	0.255055
12	3	4	2	0.302151
12	3	5	1	0.559473
12	3	5	2	1.264864
12	13	1	1	0.568043
12	13	1	2	1.296180
12	13	2	1	0.297717
12	13	2	2	0.405114
12	13	3	1	0.424417
12	13	3	2	0.487653
12	13	4	1	0.246353
12	13	4	2	0.289331
12	13	5	1	0.442913
12	13	5	2	0.854183
12	14	1	1	0.435957
12	14	1	2	0.830744
12	14	2	1	0.266846
12	14	2	2	0.327669
12	14	3	1	0.295088
12	14	3	2	0.364835
12	14	4	1	0.282583
12	14	4	2	0.365713
12	14	5	1	0.502258
12	14	5	2	1.059427
12	11	1	1	0.378104
12	11	1	2	0.641971
12	11	2	1	0.293733
12	11	2	2	0.394518
12	11	3	1	0.260803
12	11	3	2	0.317588
12	11	4	1	0.250135
12	11	4	2	0.292905
12	11	5	1	0.502258
12	11	5	2	1.059427
12	2	1	1	0.429105
12	2	1	2	0.807797
12	2	2	1	0.257070
12	2	2	2	0.306247
12	2	3	1	0.252324
12	2	3	2	0.302739
12	2	4	1	0.246504
12	2	4	2	0.287741
12	2	5	1	0.378104
12	2	5	2	0.641971
12	8	1	1	0.384103
12	8	1	2	0.660973
12	8	2	1	0.247069
12	8	2	2	0.288257
12	8	3	1	0.424417
12	8	3	2	0.487653
12	8	4	1	0.248870
12	8	4	2	0.295725
12	8	5	1	0.409180
12	8	5	2	0.741915
12	10	1	1	0.372215
12	10	1	2	0.623462
12	10	2	1	0.253223
12	10	2	2	0.298561
12	10	3	1	0.340328
12	10	3	2	0.413505
12	10	4	1	0.257070
12	10	4	2	0.306247
12	10	5	1	0.402749
12	10	5	2	0.720940
12	5	1	1	0.442913
12	5	1	2	0.854183
12	5	2	1	0.246353
12	5	2	2	0.289331
12	5	3	1	0.260803
12	5	3	2	0.317588
12	5	4	1	0.275847
12	5	4	2	0.348998
12	5	5	1	0.526181
12	5	5	2	1.144518
12	6	1	1	0.442913
12	6	1	2	0.854183
12	6	2	1	0.310446
12	6	2	2	0.439877
12	6	3	1	0.264683
12	6	3	2	0.323750
12	6	4	1	0.275847
12	6	4	2	0.348998
12	6	5	1	0.366437
12	6	5	2	0.605446
12	7	1	1	0.435957
12	7	1	2	0.830744
12	7	2	1	0.266846
12	7	2	2	0.327669
12	7	3	1	0.287219
12	7	3	2	0.355115
12	7	4	1	0.275847
12	7	4	2	0.348998
12	7	5	1	0.409180
12	7	5	2	0.741915
12	9	1	1	0.502258
12	9	1	2	1.059427
12	9	2	1	0.282583
12	9	2	2	0.365713
12	9	3	1	0.295088
12	9	3	2	0.364835
12	9	4	1	0.251580
12	9	4	2	0.295478
12	9	5	1	0.442913
12	9	5	2	0.854183
12	15	1	1	0.366437
12	15	1	2	0.605446
12	15	2	1	0.275847
12	15	2	2	0.348998
12	15	3	1	0.397708
12	15	3	2	0.465383
12	15	4	1	0.261626
12	15	4	2	0.315953
12	15	5	1	0.479240
12	15	5	2	0.978767
13	1	1	1	0.486811
13	1	1	2	1.005161
13	1	2	1	0.301833
13	1	2	2	0.416205
13	1	3	1	0.314502
13	1	3	2	0.386980
13	1	4	1	0.247069
13	1	4	2	0.288257
13	1	5	1	0.464402
13	1	5	2	0.927456
13	4	1	1	0.510132
13	4	1	2	1.087298
13	4	2	1	0.257070
13	4	2	2	0.306247
13	4	3	1	0.250401
13	4	3	2	0.298951
13	4	4	1	0.269695
13	4	4	2	0.334278
13	4	5	1	0.442913
13	4	5	2	0.854183
13	14	1	1	0.409180
13	14	1	2	0.741915
13	14	2	1	0.253223
13	14	2	2	0.298561
13	14	3	1	0.456768
13	14	3	2	0.513825
13	14	4	1	0.259262
13	14	4	2	0.310848
13	14	5	1	0.494484
13	14	5	2	1.032048
13	8	1	1	0.402749
13	8	1	2	0.720940
13	8	2	1	0.248870
13	8	2	2	0.295725
13	8	3	1	0.314502
13	8	3	2	0.386980
13	8	4	1	0.246504
13	8	4	2	0.287741
13	8	5	1	0.435957
13	8	5	2	0.830744
13	11	1	1	0.479240
13	11	1	2	0.978767
13	11	2	1	0.310446
13	11	2	2	0.439877
13	11	3	1	0.304119
13	11	3	2	0.375426
13	11	4	1	0.261626
13	11	4	2	0.315953
13	11	5	1	0.378104
13	11	5	2	0.641971
13	12	1	1	0.510132
13	12	1	2	1.087298
13	12	2	1	0.289880
13	12	2	2	0.384419
13	12	3	1	0.326472
13	12	3	2	0.399619
13	12	4	1	0.257070
13	12	4	2	0.306247
13	12	5	1	0.409180
13	12	5	2	0.741915
13	3	1	1	0.366437
13	3	1	2	0.605446
13	3	2	1	0.310446
13	3	2	2	0.439877
13	3	3	1	0.424417
13	3	3	2	0.487653
13	3	4	1	0.279143
13	3	4	2	0.357106
13	3	5	1	0.384103
13	3	5	2	0.660973
13	2	1	1	0.568043
13	2	1	2	1.296180
13	2	2	1	0.266846
13	2	2	2	0.327669
13	2	3	1	0.250401
13	2	3	2	0.298951
13	2	4	1	0.253223
13	2	4	2	0.298561
13	2	5	1	0.486811
13	2	5	2	1.005161
13	10	1	1	0.378104
13	10	1	2	0.641971
13	10	2	1	0.261626
13	10	2	2	0.315953
13	10	3	1	0.326472
13	10	3	2	0.399619
13	10	4	1	0.264155
13	10	4	2	0.321560
13	10	5	1	0.396426
13	10	5	2	0.700458
13	5	1	1	0.402749
13	5	1	2	0.720940
13	5	2	1	0.247069
13	5	2	2	0.288257
13	5	3	1	0.257483
13	5	3	2	0.312044
13	5	4	1	0.248895
13	5	4	2	0.290842
13	5	5	1	0.471770
13	5	5	2	0.952865
13	6	1	1	0.390210
13	6	1	2	0.680469
13	6	2	1	0.282583
13	6	2	2	0.365713
13	6	3	1	0.326472
13	6	3	2	0.399619
13	6	4	1	0.269695
13	6	4	2	0.334278
13	6	5	1	0.360770
13	6	5	2	0.587924
13	7	1	1	0.534355
13	7	1	2	1.173866
13	7	2	1	0.259262
13	7	2	2	0.310848
13	7	3	1	0.326472
13	7	3	2	0.399619
13	7	4	1	0.297717
13	7	4	2	0.405114
13	7	5	1	0.494484
13	7	5	2	1.032048
13	15	1	1	0.559473
13	15	1	2	1.264864
13	15	2	1	0.272696
13	15	2	2	0.341388
13	15	3	1	0.254672
13	15	3	2	0.307099
13	15	4	1	0.279143
13	15	4	2	0.357106
13	15	5	1	0.360770
13	15	5	2	0.587924
13	9	1	1	0.518107
13	9	1	2	1.115662
13	9	2	1	0.248870
13	9	2	2	0.295725
13	9	3	1	0.274382
13	9	3	2	0.338023
13	9	4	1	0.279143
13	9	4	2	0.357106
13	9	5	1	0.542629
13	9	5	2	1.203706
14	11	1	1	0.409180
14	11	1	2	0.741915
14	11	2	1	0.293733
14	11	2	2	0.394518
14	11	3	1	0.269185
14	11	3	2	0.330552
14	11	4	1	0.301833
14	11	4	2	0.416205
14	11	5	1	0.486811
14	11	5	2	1.005161
14	2	1	1	0.435957
14	2	1	2	0.830744
14	2	2	1	0.251580
14	2	2	2	0.295478
14	2	3	1	0.340328
14	2	3	2	0.413505
14	2	4	1	0.250135
14	2	4	2	0.292905
14	2	5	1	0.568043
14	2	5	2	1.296180
14	3	1	1	0.510132
14	3	1	2	1.087298
14	3	2	1	0.297717
14	3	2	2	0.405114
14	3	3	1	0.269185
14	3	3	2	0.330552
14	3	4	1	0.247069
14	3	4	2	0.288257
14	3	5	1	0.402749
14	3	5	2	0.720940
14	1	1	1	0.479240
14	1	1	2	0.978767
14	1	2	1	0.269695
14	1	2	2	0.334278
14	1	3	1	0.269185
14	1	3	2	0.330552
14	1	4	1	0.293733
14	1	4	2	0.394518
14	1	5	1	0.442913
14	1	5	2	0.854183
14	13	1	1	0.390210
14	13	1	2	0.680469
14	13	2	1	0.255055
14	13	2	2	0.302151
14	13	3	1	0.456768
14	13	3	2	0.513825
14	13	4	1	0.246187
14	13	4	2	0.287745
14	13	5	1	0.384103
14	13	5	2	0.660973
14	4	1	1	0.551002
14	4	1	2	1.234039
14	4	2	1	0.261626
14	4	2	2	0.315953
14	4	3	1	0.248870
14	4	3	2	0.295725
14	4	4	1	0.264155
14	4	4	2	0.321560
14	4	5	1	0.502258
14	4	5	2	1.059427
14	12	1	1	0.568043
14	12	1	2	1.296180
14	12	2	1	0.247069
14	12	2	2	0.288257
14	12	3	1	0.254672
14	12	3	2	0.307099
14	12	4	1	0.286163
14	12	4	2	0.374817
14	12	5	1	0.415716
14	12	5	2	0.763383
14	8	1	1	0.415716
14	8	1	2	0.763383
14	8	2	1	0.266846
14	8	2	2	0.327669
14	8	3	1	0.269185
14	8	3	2	0.330552
14	8	4	1	0.301833
14	8	4	2	0.416205
14	8	5	1	0.442913
14	8	5	2	0.854183
14	10	1	1	0.576712
14	10	1	2	1.327989
14	10	2	1	0.279143
14	10	2	2	0.357106
14	10	3	1	0.356456
14	10	3	2	0.428864
14	10	4	1	0.266846
14	10	4	2	0.327669
14	10	5	1	0.486811
14	10	5	2	1.005161
14	5	1	1	0.457136
14	5	1	2	0.902539
14	5	2	1	0.293733
14	5	2	2	0.394518
14	5	3	1	0.257483
14	5	3	2	0.312044
14	5	4	1	0.246131
14	5	4	2	0.288274
14	5	5	1	0.360770
14	5	5	2	0.587924
14	6	1	1	0.366437
14	6	1	2	0.605446
14	6	2	1	0.297717
14	6	2	2	0.405114
14	6	3	1	0.424417
14	6	3	2	0.487653
14	6	4	1	0.293733
14	6	4	2	0.394518
14	6	5	1	0.372215
14	6	5	2	0.623462
14	7	1	1	0.464402
14	7	1	2	0.927456
14	7	2	1	0.253223
14	7	2	2	0.298561
14	7	3	1	0.254672
14	7	3	2	0.307099
14	7	4	1	0.306076
14	7	4	2	0.427793
14	7	5	1	0.479240
14	7	5	2	0.978767
14	15	1	1	0.551002
14	15	1	2	1.234039
14	15	2	1	0.246353
14	15	2	2	0.289331
14	15	3	1	0.254672
14	15	3	2	0.307099
14	15	4	1	0.251580
14	15	4	2	0.295478
14	15	5	1	0.502258
14	15	5	2	1.059427
14	9	1	1	0.384103
14	9	1	2	0.660973
14	9	2	1	0.310446
14	9	2	2	0.439877
14	9	3	1	0.264683
14	9	3	2	0.323750
14	9	4	1	0.266846
14	9	4	2	0.327669
14	9	5	1	0.510132
14	9	5	2	1.087298
15	9	1	1	0.402749
15	9	1	2	0.720940
15	9	2	1	0.264155
15	9	2	2	0.321560
15	9	3	1	0.314502
15	9	3	2	0.386980
15	9	4	1	0.246870
15	9	4	2	0.290921
15	9	5	1	0.396426
15	9	5	2	0.700458
15	2	1	1	0.442913
15	2	1	2	0.854183
15	2	2	1	0.253223
15	2	2	2	0.298561
15	2	3	1	0.424417
15	2	3	2	0.487653
15	2	4	1	0.247069
15	2	4	2	0.288257
15	2	5	1	0.559473
15	2	5	2	1.264864
15	11	1	1	0.542629
15	11	1	2	1.203706
15	11	2	1	0.286163
15	11	2	2	0.374817
15	11	3	1	0.280358
15	11	3	2	0.346196
15	11	4	1	0.266846
15	11	4	2	0.327669
15	11	5	1	0.526181
15	11	5	2	1.144518
15	3	1	1	0.526181
15	3	1	2	1.144518
15	3	2	1	0.293733
15	3	2	2	0.394518
15	3	3	1	0.340328
15	3	3	2	0.413505
15	3	4	1	0.259262
15	3	4	2	0.310848
15	3	5	1	0.402749
15	3	5	2	0.720940
15	14	1	1	0.415716
15	14	1	2	0.763383
15	14	2	1	0.286163
15	14	2	2	0.374817
15	14	3	1	0.456768
15	14	3	2	0.513825
15	14	4	1	0.289880
15	14	4	2	0.384419
15	14	5	1	0.366437
15	14	5	2	0.605446
15	10	1	1	0.422358
15	10	1	2	0.785344
15	10	2	1	0.310446
15	10	2	2	0.439877
15	10	3	1	0.254672
15	10	3	2	0.307099
15	10	4	1	0.247702
15	10	4	2	0.293050
15	10	5	1	0.518107
15	10	5	2	1.115662
15	1	1	1	0.449973
15	1	1	2	0.878115
15	1	2	1	0.275847
15	1	2	2	0.348998
15	1	3	1	0.375359
15	1	3	2	0.446007
15	1	4	1	0.272696
15	1	4	2	0.341388
15	1	5	1	0.559473
15	1	5	2	1.264864
15	4	1	1	0.415716
15	4	1	2	0.763383
15	4	2	1	0.301833
15	4	2	2	0.416205
15	4	3	1	0.250401
15	4	3	2	0.298951
15	4	4	1	0.251580
15	4	4	2	0.295478
15	4	5	1	0.486811
15	4	5	2	1.005161
15	5	1	1	0.542629
15	5	1	2	1.203706
15	5	2	1	0.286163
15	5	2	2	0.374817
15	5	3	1	0.252324
15	5	3	2	0.302739
15	5	4	1	0.246131
15	5	4	2	0.288274
15	5	5	1	0.551002
15	5	5	2	1.234039
15	13	1	1	0.542629
15	13	1	2	1.203706
15	13	2	1	0.266846
15	13	2	2	0.327669
15	13	3	1	0.397708
15	13	3	2	0.465383
15	13	4	1	0.246870
15	13	4	2	0.290921
15	13	5	1	0.486811
15	13	5	2	1.005161
15	12	1	1	0.415716
15	12	1	2	0.763383
15	12	2	1	0.282583
15	12	2	2	0.365713
15	12	3	1	0.314502
15	12	3	2	0.386980
15	12	4	1	0.301833
15	12	4	2	0.416205
15	12	5	1	0.518107
15	12	5	2	1.115662
15	6	1	1	0.435957
15	6	1	2	0.830744
15	6	2	1	0.248870
15	6	2	2	0.295725
15	6	3	1	0.295088
15	6	3	2	0.364835
15	6	4	1	0.259262
15	6	4	2	0.310848
15	6	5	1	0.518107
15	6	5	2	1.115662
15	8	1	1	0.402749
15	8	1	2	0.720940
15	8	2	1	0.261626
15	8	2	2	0.315953
15	8	3	1	0.280358
15	8	3	2	0.346196
15	8	4	1	0.248870
15	8	4	2	0.295725
15	8	5	1	0.390210
15	8	5	2	0.680469
15	7	1	1	0.568043
15	7	1	2	1.296180
15	7	2	1	0.259262
15	7	2	2	0.310848
15	7	3	1	0.326472
15	7	3	2	0.399619
15	7	4	1	0.248895
15	7	4	2	0.290842
15	7	5	1	0.526181
15	7	5	2	1.144518
0	14	1	1	0.479240
0	14	1	2	0.978767
0	14	2	1	0.246353
0	14	2	2	0.289331
0	14	3	1	0.326472
0	14	3	2	0.399619
0	14	4	1	0.269695
0	14	4	2	0.334278
0	14	5	1	0.502258
0	14	5	2	1.059427
0	11	1	1	0.390210
0	11	1	2	0.680469
0	11	2	1	0.247702
0	11	2	2	0.293050
0	11	3	1	0.260803
0	11	3	2	0.317588
0	11	4	1	0.246870
0	11	4	2	0.290921
0	11	5	1	0.510132
0	11	5	2	1.087298
0	1	1	1	0.396426
0	1	1	2	0.700458
0	1	2	1	0.247870
0	1	2	2	0.289292
0	1	3	1	0.248870
0	1	3	2	0.295725
0	1	4	1	0.286163
0	1	4	2	0.374817
0	1	5	1	0.471770
0	1	5	2	0.952865
0	3	1	1	0.526181
0	3	1	2	1.144518
0	3	2	1	0.246504
0	3	2	2	0.287741
0	3	3	1	0.304119
0	3	3	2	0.375426
0	3	4	1	0.246504
0	3	4	2	0.287741
0	3	5	1	0.415716
0	3	5	2	0.763383
0	4	1	1	0.457136
0	4	1	2	0.902539
0	4	2	1	0.301833
0	4	2	2	0.416205
0	4	3	1	0.248870
0	4	3	2	0.295725
0	4	4	1	0.246504
0	4	4	2	0.287741
0	4	5	1	0.518107
0	4	5	2	1.115662
0	13	1	1	0.534355
0	13	1	2	1.173866
0	13	2	1	0.257070
0	13	2	2	0.306247
0	13	3	1	0.274382
0	13	3	2	0.338023
0	13	4	1	0.269695
0	13	4	2	0.334278
0	13	5	1	0.449973
0	13	5	2	0.878115
0	12	1	1	0.390210
0	12	1	2	0.680469
0	12	2	1	0.246504
0	12	2	2	0.287741
0	12	3	1	0.424417
0	12	3	2	0.487653
0	12	4	1	0.247702
0	12	4	2	0.293050
0	12	5	1	0.486811
0	12	5	2	1.005161
0	2	1	1	0.486811
0	2	1	2	1.005161
0	2	2	1	0.257070
0	2	2	2	0.306247
0	2	3	1	0.269185
0	2	3	2	0.330552
0	2	4	1	0.261626
0	2	4	2	0.315953
0	2	5	1	0.542629
0	2	5	2	1.203706
0	8	1	1	0.378104
0	8	1	2	0.641971
0	8	2	1	0.246187
0	8	2	2	0.287745
0	8	3	1	0.356456
0	8	3	2	0.428864
0	8	4	1	0.289880
0	8	4	2	0.384419
0	8	5	1	0.378104
0	8	5	2	0.641971
0	10	1	1	0.471770
0	10	1	2	0.952865
0	10	2	1	0.257070
0	10	2	2	0.306247
0	10	3	1	0.264683
0	10	3	2	0.323750
0	10	4	1	0.251580
0	10	4	2	0.295478
0	10	5	1	0.502258
0	10	5	2	1.059427
0	5	1	1	0.568043
0	5	1	2	1.296180
0	5	2	1	0.253223
0	5	2	2	0.298561
0	5	3	1	0.260803
0	5	3	2	0.317588
0	5	4	1	0.253223
0	5	4	2	0.298561
0	5	5	1	0.409180
0	5	5	2	0.741915
0	6	1	1	0.409180
0	6	1	2	0.741915
0	6	2	1	0.257070
0	6	2	2	0.306247
0	6	3	1	0.340328
0	6	3	2	0.413505
0	6	4	1	0.269695
0	6	4	2	0.334278
0	6	5	1	0.435957
0	6	5	2	0.830744
0	7	1	1	0.510132
0	7	1	2	1.087298
0	7	2	1	0.246131
0	7	2	2	0.288274
0	7	3	1	0.287219
0	7	3	2	0.355115
0	7	4	1	0.297717
0	7	4	2	0.405114
0	7	5	1	0.559473
0	7	5	2	1.264864
0	15	1	1	0.372215
0	15	1	2	0.623462
0	15	2	1	0.282583
0	15	2	2	0.365713
0	15	3	1	0.248870
0	15	3	2	0.295725
0	15	4	1	0.266846
0	15	4	2	0.327669
0	15	5	1	0.429105
0	15	5	2	0.807797
0	9	1	1	0.372215
0	9	1	2	0.623462
0	9	2	1	0.272696
0	9	2	2	0.341388
0	9	3	1	0.264683
0	9	3	2	0.323750
0	9	4	1	0.297717
0	9	4	2	0.405114
0	9	5	1	0.559473
0	9	5	2	1.264864
14	0	1	1	0.486811
14	0	1	2	1.005161
14	0	2	1	0.246131
14	0	2	2	0.288274
14	0	3	1	0.356456
14	0	3	2	0.428864
14	0	4	1	0.246131
14	0	4	2	0.288274
14	0	5	1	0.449973
14	0	5	2	0.878115
11	0	1	1	0.576712
11	0	1	2	1.327989
11	0	2	1	0.275847
11	0	2	2	0.348998
11	0	3	1	0.295088
11	0	3	2	0.364835
11	0	4	1	0.266846
11	0	4	2	0.327669
11	0	5	1	0.422358
11	0	5	2	0.785344
1	0	1	1	0.422358
1	0	1	2	0.785344
1	0	2	1	0.248870
1	0	2	2	0.295725
1	0	3	1	0.264683
1	0	3	2	0.323750
1	0	4	1	0.282583
1	0	4	2	0.365713
1	0	5	1	0.372215
1	0	5	2	0.623462
3	0	1	1	0.390210
3	0	1	2	0.680469
3	0	2	1	0.247702
3	0	2	2	0.293050
3	0	3	1	0.340328
3	0	3	2	0.413505
3	0	4	1	0.297717
3	0	4	2	0.405114
3	0	5	1	0.526181
3	0	5	2	1.144518
4	0	1	1	0.449973
4	0	1	2	0.878115
4	0	2	1	0.251580
4	0	2	2	0.295478
4	0	3	1	0.264683
4	0	3	2	0.323750
4	0	4	1	0.269695
4	0	4	2	0.334278
4	0	5	1	0.551002
4	0	5	2	1.234039
13	0	1	1	0.502258
13	0	1	2	1.059427
13	0	2	1	0.272696
13	0	2	2	0.341388
13	0	3	1	0.287219
13	0	3	2	0.355115
13	0	4	1	0.269695
13	0	4	2	0.334278
13	0	5	1	0.449973
13	0	5	2	0.878115
12	0	1	1	0.435957
12	0	1	2	0.830744
12	0	2	1	0.246187
12	0	2	2	0.287745
12	0	3	1	0.280358
12	0	3	2	0.346196
12	0	4	1	0.246187
12	0	4	2	0.287745
12	0	5	1	0.559473
12	0	5	2	1.264864
2	0	1	1	0.568043
2	0	1	2	1.296180
2	0	2	1	0.269695
2	0	2	2	0.334278
2	0	3	1	0.397708
2	0	3	2	0.465383
2	0	4	1	0.246187
2	0	4	2	0.287745
2	0	5	1	0.429105
2	0	5	2	0.807797
8	0	1	1	0.442913
8	0	1	2	0.854183
8	0	2	1	0.297717
8	0	2	2	0.405114
8	0	3	1	0.456768
8	0	3	2	0.513825
8	0	4	1	0.286163
8	0	4	2	0.374817
8	0	5	1	0.390210
8	0	5	2	0.680469
10	0	1	1	0.510132
10	0	1	2	1.087298
10	0	2	1	0.250135
10	0	2	2	0.292905
10	0	3	1	0.274382
10	0	3	2	0.338023
10	0	4	1	0.257070
10	0	4	2	0.306247
10	0	5	1	0.464402
10	0	5	2	0.927456
5	0	1	1	0.457136
5	0	1	2	0.902539
5	0	2	1	0.272696
5	0	2	2	0.341388
5	0	3	1	0.250401
5	0	3	2	0.298951
5	0	4	1	0.246504
5	0	4	2	0.287741
5	0	5	1	0.526181
5	0	5	2	1.144518
6	0	1	1	0.415716
6	0	1	2	0.763383
6	0	2	1	0.301833
6	0	2	2	0.416205
6	0	3	1	0.280358
6	0	3	2	0.346196
6	0	4	1	0.255055
6	0	4	2	0.302151
6	0	5	1	0.442913
6	0	5	2	0.854183
7	0	1	1	0.526181
7	0	1	2	1.144518
7	0	2	1	0.264155
7	0	2	2	0.321560
7	0	3	1	0.424417
7	0	3	2	0.487653
7	0	4	1	0.247069
7	0	4	2	0.288257
7	0	5	1	0.366437
7	0	5	2	0.605446
15	0	1	1	0.479240
15	0	1	2	0.978767
15	0	2	1	0.246131
15	0	2	2	0.288274
15	0	3	1	0.264683
15	0	3	2	0.323750
15	0	4	1	0.310446
15	0	4	2	0.439877
15	0	5	1	0.378104
15	0	5	2	0.641971
9	0	1	1	0.409180
9	0	1	2	0.741915
9	0	2	1	0.272696
9	0	2	2	0.341388
9	0	3	1	0.260803
9	0	3	2	0.317588
9	0	4	1	0.246353
9	0	4	2	0.289331
9	0	5	1	0.384103
9	0	5	2	0.660973
;
