param:	TIME:	Ts	Te:=
1	0   108
2	108   216
3	216   324
4	324   432
5	432   540
;
param:	NODE:	r	st	WS	WE:=
0	0	0	0	540
1	2274	25	12	363
2	309	3	54	386
3	1332	15	13	346
4	1728	19	87	413
5	1722	19	18	345
6	399	4	66	372
7	858	10	80	391
8	1194	13	62	395
9	900	10	23	361
10	2079	23	53	379
11	591	7	65	390
12	924	10	62	374
13	2454	27	60	404
14	1683	19	70	409
15	2214	25	27	354
;
param: VEHICLE:	Ch	Lh	Ph	ch:=
1	10000	150	2.2384e-005	2.66374
2	15000	200	1.79961e-005	2.66374
3	10000	150	2.2384e-005	2.66374
;
param q_real:=3;
param	nth:=14;
param	nth1:=15;
param:	ARC:	D:=
1	10	11.370000
1	4	15.910000
1	7	19.799999
1	9	21.570000
1	15	29.400000
1	3	36.389999
1	11	38.080002
1	5	45.910000
1	14	61.939999
1	2	62.400002
1	13	70.410004
1	6	85.230003
1	12	88.769997
1	8	104.180000
2	5	35.119999
2	14	40.290001
2	3	41.220001
2	12	43.810001
2	13	47.970001
2	15	50.509998
2	4	58.279999
2	8	58.860001
2	1	62.360001
2	10	62.740002
2	9	63.619999
2	6	64.440002
2	7	68.000000
2	11	87.279999
3	15	11.490000
3	5	11.750000
3	4	23.320000
3	9	24.600000
3	14	26.671000
3	10	28.440001
3	7	28.980000
3	13	34.369999
3	1	36.369999
3	2	41.240002
3	11	48.259998
3	6	49.189999
3	12	56.290001
3	8	71.160004
4	10	5.940000
4	9	11.010000
4	7	11.800000
4	15	14.460000
4	1	15.880000
4	3	23.309999
4	11	30.920000
4	5	33.150002
4	14	49.180000
4	13	57.330002
4	2	58.279999
4	6	71.930000
4	12	77.690002
4	8	93.099998
5	3	11.970000
5	14	16.629999
5	15	21.260000
5	13	27.129999
5	4	33.310001
5	9	34.369999
5	2	35.020000
5	10	38.430000
5	7	38.750000
5	6	42.889999
5	1	45.980000
5	12	46.000000
5	11	57.959999
5	8	61.410000
6	13	17.780001
6	14	27.870001
6	12	37.790001
6	5	42.889999
6	8	46.180000
6	3	49.040001
6	15	59.630001
6	2	64.370003
6	9	70.309998
6	4	72.000000
6	7	75.940002
6	10	77.120003
6	1	85.050003
6	11	89.989998
7	9	7.510000
7	10	9.930000
7	4	11.890000
7	15	18.150000
7	11	19.450001
7	1	20.250000
7	3	28.959999
7	5	38.730000
7	14	54.181999
7	13	61.901001
7	2	68.220001
7	6	75.279999
7	12	83.269997
7	8	98.680000
8	12	15.400000
8	13	38.320000
8	14	45.119999
8	6	45.880001
8	2	58.930000
8	5	61.340000
8	3	70.570000
8	15	81.040001
8	4	93.089996
8	9	93.670998
8	7	98.051003
8	10	98.209999
8	1	104.239998
8	11	114.730003
9	7	7.810000
9	4	10.890000
9	10	11.660000
9	15	13.650000
9	1	21.980000
9	3	24.459999
9	11	27.090000
9	5	34.230000
9	14	49.431999
9	13	57.151001
9	2	63.720001
9	6	69.430000
9	12	78.769997
9	8	93.941002
10	4	5.910000
10	7	8.570000
10	9	10.340000
10	1	13.000000
10	15	18.760000
10	11	26.850000
10	3	28.500000
10	5	38.340000
10	14	54.369999
10	13	62.520000
10	2	62.709999
10	6	76.029999
10	12	82.879997
10	8	98.290001
11	7	19.320000
11	9	26.570000
11	10	27.930000
11	4	30.900000
11	15	37.209999
11	1	38.250000
11	3	48.020000
11	5	57.790001
11	14	72.371002
11	13	77.720001
11	2	87.279999
11	6	89.139999
11	12	102.330002
11	8	115.120003
12	8	15.400000
12	13	29.370001
12	14	34.849998
12	6	38.040001
12	2	43.849998
12	5	45.939999
12	3	56.349998
12	15	65.639999
12	4	77.690002
12	9	78.750000
12	10	82.809998
12	7	83.129997
12	1	88.839996
12	11	102.410004
13	14	11.780000
13	6	17.940001
13	5	26.870001
13	12	29.719999
13	3	34.330002
13	8	39.310001
13	15	45.459999
13	2	48.029999
13	4	57.290001
13	9	57.431000
13	7	61.811001
13	10	62.410000
13	1	70.339996
13	11	77.860001
14	13	11.980000
14	5	16.620001
14	3	26.760000
14	6	27.740000
14	12	34.880001
14	15	37.180000
14	2	40.369999
14	8	45.849998
14	4	49.230000
14	9	49.791000
14	7	54.171001
14	10	54.349998
14	1	61.900002
14	11	72.470001
15	3	11.690000
15	9	13.580000
15	4	14.490000
15	7	17.959999
15	10	19.370001
15	5	21.459999
15	1	29.309999
15	11	37.240002
15	14	37.490002
15	13	45.709999
15	2	50.950001
15	6	58.750000
15	12	66.000000
15	8	81.410004
0	15	16.940001
0	3	20.440001
0	9	23.700001
0	5	28.059999
0	4	30.030001
0	7	30.780001
0	10	33.799999
0	14	38.150002
0	13	39.380001
0	11	42.439999
0	1	43.740002
0	6	50.799999
0	2	60.349998
0	12	66.169998
0	8	76.779999
15	0	16.980000
3	0	20.540001
9	0	23.850000
5	0	27.639999
4	0	29.920000
7	0	30.750000
10	0	32.009998
14	0	38.040001
13	0	39.689999
11	0	42.480000
1	0	43.080002
6	0	51.509998
2	0	60.139999
12	0	66.580002
8	0	76.559998
;
param:	v:=
1	10	1	84
1	10	2	60
1	10	3	25
1	10	4	58
1	10	5	87
1	4	1	90
1	4	2	37
1	4	3	22
1	4	4	32
1	4	5	74
1	7	1	78
1	7	2	45
1	7	3	18
1	7	4	49
1	7	5	80
1	9	1	92
1	9	2	47
1	9	3	14
1	9	4	50
1	9	5	98
1	15	1	77
1	15	2	45
1	15	3	24
1	15	4	41
1	15	5	92
1	3	1	87
1	3	2	31
1	3	3	23
1	3	4	36
1	3	5	93
1	11	1	93
1	11	2	41
1	11	3	11
1	11	4	39
1	11	5	96
1	5	1	74
1	5	2	59
1	5	3	22
1	5	4	39
1	5	5	81
1	14	1	90
1	14	2	34
1	14	3	29
1	14	4	37
1	14	5	86
1	2	1	93
1	2	2	59
1	2	3	14
1	2	4	58
1	2	5	70
1	13	1	77
1	13	2	32
1	13	3	19
1	13	4	48
1	13	5	82
1	6	1	73
1	6	2	53
1	6	3	22
1	6	4	36
1	6	5	87
1	12	1	91
1	12	2	35
1	12	3	28
1	12	4	59
1	12	5	88
1	8	1	73
1	8	2	60
1	8	3	22
1	8	4	47
1	8	5	73
2	5	1	87
2	5	2	35
2	5	3	30
2	5	4	60
2	5	5	98
2	14	1	73
2	14	2	42
2	14	3	30
2	14	4	39
2	14	5	94
2	3	1	85
2	3	2	33
2	3	3	20
2	3	4	49
2	3	5	73
2	12	1	73
2	12	2	50
2	12	3	23
2	12	4	45
2	12	5	93
2	13	1	76
2	13	2	34
2	13	3	28
2	13	4	39
2	13	5	88
2	15	1	87
2	15	2	59
2	15	3	28
2	15	4	41
2	15	5	100
2	4	1	91
2	4	2	45
2	4	3	28
2	4	4	46
2	4	5	81
2	8	1	80
2	8	2	30
2	8	3	11
2	8	4	51
2	8	5	99
2	1	1	70
2	1	2	44
2	1	3	17
2	1	4	47
2	1	5	98
2	10	1	93
2	10	2	30
2	10	3	21
2	10	4	59
2	10	5	87
2	9	1	91
2	9	2	31
2	9	3	22
2	9	4	45
2	9	5	84
2	6	1	98
2	6	2	43
2	6	3	26
2	6	4	41
2	6	5	80
2	7	1	77
2	7	2	31
2	7	3	16
2	7	4	38
2	7	5	87
2	11	1	98
2	11	2	40
2	11	3	30
2	11	4	42
2	11	5	97
3	15	1	99
3	15	2	59
3	15	3	16
3	15	4	55
3	15	5	88
3	5	1	100
3	5	2	37
3	5	3	28
3	5	4	44
3	5	5	75
3	4	1	81
3	4	2	43
3	4	3	17
3	4	4	50
3	4	5	95
3	9	1	73
3	9	2	42
3	9	3	28
3	9	4	44
3	9	5	89
3	14	1	88
3	14	2	48
3	14	3	22
3	14	4	35
3	14	5	100
3	10	1	74
3	10	2	50
3	10	3	11
3	10	4	30
3	10	5	89
3	7	1	83
3	7	2	46
3	7	3	17
3	7	4	34
3	7	5	74
3	13	1	71
3	13	2	46
3	13	3	13
3	13	4	44
3	13	5	72
3	1	1	91
3	1	2	37
3	1	3	24
3	1	4	39
3	1	5	99
3	2	1	92
3	2	2	50
3	2	3	11
3	2	4	54
3	2	5	90
3	11	1	85
3	11	2	49
3	11	3	27
3	11	4	38
3	11	5	94
3	6	1	74
3	6	2	56
3	6	3	15
3	6	4	60
3	6	5	80
3	12	1	77
3	12	2	50
3	12	3	25
3	12	4	60
3	12	5	96
3	8	1	77
3	8	2	30
3	8	3	24
3	8	4	40
3	8	5	88
4	10	1	73
4	10	2	36
4	10	3	18
4	10	4	52
4	10	5	80
4	9	1	78
4	9	2	45
4	9	3	15
4	9	4	51
4	9	5	75
4	7	1	81
4	7	2	48
4	7	3	13
4	7	4	38
4	7	5	91
4	15	1	71
4	15	2	35
4	15	3	23
4	15	4	36
4	15	5	100
4	1	1	80
4	1	2	48
4	1	3	15
4	1	4	50
4	1	5	98
4	3	1	98
4	3	2	41
4	3	3	16
4	3	4	60
4	3	5	73
4	11	1	85
4	11	2	41
4	11	3	21
4	11	4	44
4	11	5	92
4	5	1	84
4	5	2	42
4	5	3	26
4	5	4	30
4	5	5	88
4	14	1	80
4	14	2	41
4	14	3	11
4	14	4	56
4	14	5	96
4	13	1	92
4	13	2	36
4	13	3	27
4	13	4	52
4	13	5	99
4	2	1	95
4	2	2	49
4	2	3	24
4	2	4	57
4	2	5	99
4	6	1	83
4	6	2	55
4	6	3	21
4	6	4	39
4	6	5	79
4	12	1	88
4	12	2	31
4	12	3	24
4	12	4	49
4	12	5	76
4	8	1	79
4	8	2	38
4	8	3	13
4	8	4	43
4	8	5	88
5	3	1	97
5	3	2	47
5	3	3	23
5	3	4	59
5	3	5	92
5	14	1	97
5	14	2	60
5	14	3	14
5	14	4	49
5	14	5	89
5	15	1	72
5	15	2	50
5	15	3	20
5	15	4	36
5	15	5	80
5	13	1	98
5	13	2	35
5	13	3	24
5	13	4	32
5	13	5	77
5	4	1	94
5	4	2	41
5	4	3	11
5	4	4	35
5	4	5	71
5	9	1	90
5	9	2	41
5	9	3	28
5	9	4	35
5	9	5	71
5	2	1	72
5	2	2	32
5	2	3	21
5	2	4	48
5	2	5	77
5	10	1	94
5	10	2	47
5	10	3	17
5	10	4	52
5	10	5	98
5	7	1	97
5	7	2	50
5	7	3	17
5	7	4	42
5	7	5	84
5	6	1	86
5	6	2	52
5	6	3	28
5	6	4	51
5	6	5	99
5	1	1	93
5	1	2	57
5	1	3	28
5	1	4	46
5	1	5	77
5	12	1	93
5	12	2	52
5	12	3	17
5	12	4	54
5	12	5	76
5	11	1	77
5	11	2	35
5	11	3	22
5	11	4	33
5	11	5	89
5	8	1	76
5	8	2	42
5	8	3	13
5	8	4	30
5	8	5	76
6	13	1	88
6	13	2	43
6	13	3	14
6	13	4	50
6	13	5	81
6	14	1	91
6	14	2	59
6	14	3	21
6	14	4	40
6	14	5	83
6	12	1	91
6	12	2	54
6	12	3	10
6	12	4	49
6	12	5	97
6	5	1	96
6	5	2	49
6	5	3	25
6	5	4	49
6	5	5	75
6	8	1	100
6	8	2	45
6	8	3	24
6	8	4	59
6	8	5	75
6	3	1	96
6	3	2	53
6	3	3	23
6	3	4	38
6	3	5	73
6	15	1	82
6	15	2	34
6	15	3	29
6	15	4	57
6	15	5	96
6	2	1	95
6	2	2	47
6	2	3	28
6	2	4	59
6	2	5	95
6	9	1	85
6	9	2	37
6	9	3	29
6	9	4	48
6	9	5	85
6	4	1	74
6	4	2	58
6	4	3	26
6	4	4	41
6	4	5	95
6	7	1	84
6	7	2	48
6	7	3	17
6	7	4	55
6	7	5	74
6	10	1	76
6	10	2	55
6	10	3	20
6	10	4	31
6	10	5	88
6	1	1	81
6	1	2	54
6	1	3	21
6	1	4	59
6	1	5	74
6	11	1	72
6	11	2	55
6	11	3	10
6	11	4	38
6	11	5	82
7	9	1	82
7	9	2	35
7	9	3	24
7	9	4	41
7	9	5	96
7	10	1	77
7	10	2	32
7	10	3	30
7	10	4	51
7	10	5	80
7	4	1	78
7	4	2	33
7	4	3	17
7	4	4	54
7	4	5	93
7	15	1	86
7	15	2	56
7	15	3	12
7	15	4	44
7	15	5	80
7	11	1	78
7	11	2	48
7	11	3	10
7	11	4	34
7	11	5	74
7	1	1	77
7	1	2	49
7	1	3	17
7	1	4	55
7	1	5	96
7	3	1	100
7	3	2	52
7	3	3	14
7	3	4	46
7	3	5	99
7	5	1	93
7	5	2	55
7	5	3	24
7	5	4	40
7	5	5	100
7	14	1	96
7	14	2	50
7	14	3	29
7	14	4	47
7	14	5	72
7	13	1	78
7	13	2	33
7	13	3	26
7	13	4	39
7	13	5	83
7	2	1	96
7	2	2	46
7	2	3	30
7	2	4	47
7	2	5	73
7	6	1	72
7	6	2	58
7	6	3	21
7	6	4	50
7	6	5	78
7	12	1	95
7	12	2	46
7	12	3	15
7	12	4	51
7	12	5	90
7	8	1	100
7	8	2	55
7	8	3	12
7	8	4	50
7	8	5	93
8	12	1	70
8	12	2	35
8	12	3	27
8	12	4	46
8	12	5	89
8	13	1	96
8	13	2	49
8	13	3	11
8	13	4	57
8	13	5	98
8	14	1	82
8	14	2	35
8	14	3	28
8	14	4	54
8	14	5	88
8	6	1	84
8	6	2	56
8	6	3	28
8	6	4	42
8	6	5	95
8	2	1	94
8	2	2	46
8	2	3	10
8	2	4	32
8	2	5	84
8	5	1	72
8	5	2	39
8	5	3	14
8	5	4	32
8	5	5	95
8	3	1	79
8	3	2	49
8	3	3	19
8	3	4	40
8	3	5	73
8	15	1	77
8	15	2	56
8	15	3	10
8	15	4	58
8	15	5	78
8	4	1	74
8	4	2	39
8	4	3	27
8	4	4	36
8	4	5	70
8	9	1	76
8	9	2	55
8	9	3	30
8	9	4	58
8	9	5	80
8	7	1	97
8	7	2	41
8	7	3	19
8	7	4	34
8	7	5	79
8	10	1	97
8	10	2	35
8	10	3	21
8	10	4	36
8	10	5	99
8	1	1	88
8	1	2	59
8	1	3	28
8	1	4	43
8	1	5	74
8	11	1	82
8	11	2	32
8	11	3	19
8	11	4	42
8	11	5	78
9	7	1	72
9	7	2	30
9	7	3	14
9	7	4	51
9	7	5	78
9	4	1	87
9	4	2	43
9	4	3	25
9	4	4	40
9	4	5	72
9	10	1	80
9	10	2	60
9	10	3	16
9	10	4	51
9	10	5	71
9	15	1	75
9	15	2	53
9	15	3	13
9	15	4	33
9	15	5	98
9	1	1	88
9	1	2	54
9	1	3	24
9	1	4	54
9	1	5	75
9	3	1	75
9	3	2	54
9	3	3	19
9	3	4	59
9	3	5	78
9	11	1	84
9	11	2	39
9	11	3	22
9	11	4	48
9	11	5	70
9	5	1	99
9	5	2	48
9	5	3	24
9	5	4	44
9	5	5	82
9	14	1	92
9	14	2	59
9	14	3	24
9	14	4	48
9	14	5	70
9	13	1	88
9	13	2	38
9	13	3	27
9	13	4	58
9	13	5	71
9	2	1	75
9	2	2	31
9	2	3	25
9	2	4	52
9	2	5	73
9	6	1	73
9	6	2	59
9	6	3	23
9	6	4	45
9	6	5	90
9	12	1	90
9	12	2	49
9	12	3	22
9	12	4	41
9	12	5	72
9	8	1	83
9	8	2	34
9	8	3	16
9	8	4	37
9	8	5	86
10	4	1	92
10	4	2	47
10	4	3	26
10	4	4	38
10	4	5	86
10	7	1	89
10	7	2	50
10	7	3	10
10	7	4	45
10	7	5	77
10	9	1	88
10	9	2	33
10	9	3	12
10	9	4	57
10	9	5	91
10	1	1	82
10	1	2	52
10	1	3	13
10	1	4	44
10	1	5	74
10	15	1	78
10	15	2	38
10	15	3	20
10	15	4	42
10	15	5	78
10	11	1	79
10	11	2	46
10	11	3	22
10	11	4	52
10	11	5	75
10	3	1	71
10	3	2	35
10	3	3	13
10	3	4	60
10	3	5	79
10	5	1	86
10	5	2	40
10	5	3	21
10	5	4	48
10	5	5	74
10	14	1	74
10	14	2	40
10	14	3	18
10	14	4	39
10	14	5	89
10	13	1	91
10	13	2	49
10	13	3	20
10	13	4	57
10	13	5	88
10	2	1	71
10	2	2	51
10	2	3	12
10	2	4	52
10	2	5	84
10	6	1	91
10	6	2	37
10	6	3	22
10	6	4	53
10	6	5	98
10	12	1	84
10	12	2	37
10	12	3	16
10	12	4	55
10	12	5	96
10	8	1	80
10	8	2	60
10	8	3	26
10	8	4	59
10	8	5	84
11	7	1	93
11	7	2	45
11	7	3	23
11	7	4	40
11	7	5	91
11	9	1	78
11	9	2	34
11	9	3	18
11	9	4	49
11	9	5	75
11	10	1	76
11	10	2	40
11	10	3	28
11	10	4	47
11	10	5	71
11	4	1	92
11	4	2	50
11	4	3	23
11	4	4	56
11	4	5	95
11	15	1	72
11	15	2	40
11	15	3	25
11	15	4	46
11	15	5	98
11	1	1	79
11	1	2	37
11	1	3	17
11	1	4	41
11	1	5	81
11	3	1	91
11	3	2	30
11	3	3	26
11	3	4	57
11	3	5	98
11	5	1	79
11	5	2	42
11	5	3	27
11	5	4	32
11	5	5	94
11	14	1	74
11	14	2	41
11	14	3	19
11	14	4	33
11	14	5	79
11	13	1	93
11	13	2	36
11	13	3	24
11	13	4	35
11	13	5	93
11	2	1	77
11	2	2	37
11	2	3	25
11	2	4	45
11	2	5	100
11	6	1	75
11	6	2	40
11	6	3	27
11	6	4	50
11	6	5	89
11	12	1	77
11	12	2	56
11	12	3	10
11	12	4	45
11	12	5	99
11	8	1	79
11	8	2	49
11	8	3	25
11	8	4	36
11	8	5	86
12	8	1	79
12	8	2	36
12	8	3	29
12	8	4	48
12	8	5	89
12	13	1	77
12	13	2	43
12	13	3	16
12	13	4	37
12	13	5	71
12	14	1	93
12	14	2	50
12	14	3	13
12	14	4	40
12	14	5	82
12	6	1	98
12	6	2	45
12	6	3	22
12	6	4	57
12	6	5	87
12	2	1	78
12	2	2	53
12	2	3	23
12	2	4	36
12	2	5	85
12	5	1	91
12	5	2	54
12	5	3	12
12	5	4	48
12	5	5	95
12	3	1	73
12	3	2	37
12	3	3	23
12	3	4	56
12	3	5	93
12	15	1	72
12	15	2	59
12	15	3	11
12	15	4	32
12	15	5	94
12	4	1	84
12	4	2	55
12	4	3	26
12	4	4	32
12	4	5	84
12	9	1	82
12	9	2	41
12	9	3	21
12	9	4	36
12	9	5	81
12	10	1	70
12	10	2	55
12	10	3	15
12	10	4	34
12	10	5	85
12	7	1	95
12	7	2	51
12	7	3	25
12	7	4	40
12	7	5	80
12	1	1	73
12	1	2	55
12	1	3	28
12	1	4	32
12	1	5	95
12	11	1	71
12	11	2	56
12	11	3	12
12	11	4	56
12	11	5	88
13	14	1	71
13	14	2	37
13	14	3	30
13	14	4	38
13	14	5	74
13	6	1	90
13	6	2	38
13	6	3	11
13	6	4	53
13	6	5	83
13	5	1	72
13	5	2	59
13	5	3	29
13	5	4	32
13	5	5	81
13	12	1	76
13	12	2	34
13	12	3	21
13	12	4	30
13	12	5	73
13	3	1	79
13	3	2	36
13	3	3	21
13	3	4	39
13	3	5	95
13	8	1	72
13	8	2	46
13	8	3	26
13	8	4	38
13	8	5	89
13	15	1	91
13	15	2	54
13	15	3	26
13	15	4	35
13	15	5	76
13	2	1	87
13	2	2	57
13	2	3	26
13	2	4	50
13	2	5	83
13	4	1	98
13	4	2	47
13	4	3	26
13	4	4	41
13	4	5	87
13	9	1	97
13	9	2	33
13	9	3	13
13	9	4	35
13	9	5	100
13	7	1	79
13	7	2	54
13	7	3	28
13	7	4	47
13	7	5	94
13	10	1	97
13	10	2	38
13	10	3	17
13	10	4	58
13	10	5	94
13	1	1	79
13	1	2	59
13	1	3	12
13	1	4	53
13	1	5	100
13	11	1	81
13	11	2	37
13	11	3	19
13	11	4	57
13	11	5	85
14	13	1	98
14	13	2	57
14	13	3	23
14	13	4	51
14	13	5	79
14	5	1	94
14	5	2	39
14	5	3	13
14	5	4	59
14	5	5	81
14	3	1	87
14	3	2	31
14	3	3	27
14	3	4	34
14	3	5	87
14	6	1	87
14	6	2	33
14	6	3	16
14	6	4	51
14	6	5	94
14	12	1	83
14	12	2	57
14	12	3	27
14	12	4	43
14	12	5	94
14	15	1	85
14	15	2	46
14	15	3	17
14	15	4	58
14	15	5	92
14	2	1	96
14	2	2	59
14	2	3	20
14	2	4	60
14	2	5	84
14	8	1	88
14	8	2	60
14	8	3	29
14	8	4	50
14	8	5	91
14	4	1	91
14	4	2	35
14	4	3	16
14	4	4	54
14	4	5	79
14	9	1	73
14	9	2	44
14	9	3	11
14	9	4	45
14	9	5	84
14	7	1	88
14	7	2	60
14	7	3	23
14	7	4	56
14	7	5	72
14	10	1	73
14	10	2	55
14	10	3	15
14	10	4	57
14	10	5	74
14	1	1	76
14	1	2	49
14	1	3	20
14	1	4	35
14	1	5	83
14	11	1	87
14	11	2	37
14	11	3	26
14	11	4	42
14	11	5	70
15	3	1	82
15	3	2	47
15	3	3	18
15	3	4	58
15	3	5	81
15	9	1	100
15	9	2	54
15	9	3	14
15	9	4	44
15	9	5	76
15	4	1	70
15	4	2	57
15	4	3	17
15	4	4	36
15	4	5	85
15	7	1	70
15	7	2	31
15	7	3	10
15	7	4	57
15	7	5	81
15	10	1	89
15	10	2	35
15	10	3	17
15	10	4	34
15	10	5	87
15	5	1	83
15	5	2	44
15	5	3	25
15	5	4	43
15	5	5	97
15	1	1	83
15	1	2	48
15	1	3	24
15	1	4	51
15	1	5	93
15	11	1	78
15	11	2	60
15	11	3	30
15	11	4	32
15	11	5	76
15	14	1	97
15	14	2	47
15	14	3	18
15	14	4	46
15	14	5	99
15	13	1	74
15	13	2	41
15	13	3	17
15	13	4	48
15	13	5	76
15	2	1	77
15	2	2	47
15	2	3	26
15	2	4	41
15	2	5	89
15	6	1	76
15	6	2	49
15	6	3	28
15	6	4	34
15	6	5	75
15	12	1	76
15	12	2	37
15	12	3	27
15	12	4	59
15	12	5	89
15	8	1	98
15	8	2	42
15	8	3	28
15	8	4	60
15	8	5	83
0	15	1	73
0	15	2	58
0	15	3	18
0	15	4	43
0	15	5	82
0	3	1	98
0	3	2	44
0	3	3	18
0	3	4	32
0	3	5	97
0	9	1	82
0	9	2	36
0	9	3	10
0	9	4	46
0	9	5	87
0	5	1	75
0	5	2	49
0	5	3	18
0	5	4	34
0	5	5	95
0	4	1	92
0	4	2	34
0	4	3	25
0	4	4	50
0	4	5	100
0	7	1	90
0	7	2	57
0	7	3	25
0	7	4	38
0	7	5	100
0	10	1	80
0	10	2	52
0	10	3	21
0	10	4	48
0	10	5	82
0	14	1	98
0	14	2	36
0	14	3	15
0	14	4	42
0	14	5	95
0	13	1	73
0	13	2	45
0	13	3	12
0	13	4	35
0	13	5	95
0	11	1	89
0	11	2	54
0	11	3	28
0	11	4	34
0	11	5	81
0	1	1	95
0	1	2	54
0	1	3	28
0	1	4	39
0	1	5	86
0	6	1	83
0	6	2	58
0	6	3	23
0	6	4	46
0	6	5	84
0	2	1	72
0	2	2	44
0	2	3	23
0	2	4	54
0	2	5	93
0	12	1	87
0	12	2	35
0	12	3	13
0	12	4	30
0	12	5	79
0	8	1	96
0	8	2	42
0	8	3	13
0	8	4	53
0	8	5	70
15	0	1	90
15	0	2	34
15	0	3	17
15	0	4	37
15	0	5	81
3	0	1	70
3	0	2	60
3	0	3	21
3	0	4	51
3	0	5	78
9	0	1	94
9	0	2	48
9	0	3	25
9	0	4	40
9	0	5	95
5	0	1	95
5	0	2	40
5	0	3	17
5	0	4	52
5	0	5	79
4	0	1	79
4	0	2	58
4	0	3	25
4	0	4	59
4	0	5	73
7	0	1	95
7	0	2	50
7	0	3	20
7	0	4	49
7	0	5	73
10	0	1	99
10	0	2	33
10	0	3	15
10	0	4	38
10	0	5	90
14	0	1	87
14	0	2	33
14	0	3	17
14	0	4	56
14	0	5	89
13	0	1	71
13	0	2	36
13	0	3	26
13	0	4	60
13	0	5	100
11	0	1	92
11	0	2	60
11	0	3	19
11	0	4	32
11	0	5	77
1	0	1	90
1	0	2	43
1	0	3	23
1	0	4	33
1	0	5	99
6	0	1	71
6	0	2	41
6	0	3	14
6	0	4	43
6	0	5	97
2	0	1	87
2	0	2	48
2	0	3	27
2	0	4	42
2	0	5	94
12	0	1	79
12	0	2	47
12	0	3	21
12	0	4	57
12	0	5	100
8	0	1	85
8	0	2	58
8	0	3	20
8	0	4	60
8	0	5	93
;
param:	g:=
1	10	1	1	0.449973
1	10	1	2	0.878115
1	10	2	1	0.310446
1	10	2	2	0.439877
1	10	3	1	0.260803
1	10	3	2	0.317588
1	10	4	1	0.301833
1	10	4	2	0.416205
1	10	5	1	0.471770
1	10	5	2	0.952865
1	4	1	1	0.494484
1	4	1	2	1.032048
1	4	2	1	0.247069
1	4	2	2	0.288257
1	4	3	1	0.274382
1	4	3	2	0.338023
1	4	4	1	0.246870
1	4	4	2	0.290921
1	4	5	1	0.384103
1	4	5	2	0.660973
1	7	1	1	0.409180
1	7	1	2	0.741915
1	7	2	1	0.259262
1	7	2	2	0.310848
1	7	3	1	0.304119
1	7	3	2	0.375426
1	7	4	1	0.269695
1	7	4	2	0.334278
1	7	5	1	0.422358
1	7	5	2	0.785344
1	9	1	1	0.510132
1	9	1	2	1.087298
1	9	2	1	0.264155
1	9	2	2	0.321560
1	9	3	1	0.356456
1	9	3	2	0.428864
1	9	4	1	0.272696
1	9	4	2	0.341388
1	9	5	1	0.559473
1	9	5	2	1.264864
1	15	1	1	0.402749
1	15	1	2	0.720940
1	15	2	1	0.259262
1	15	2	2	0.310848
1	15	3	1	0.264683
1	15	3	2	0.323750
1	15	4	1	0.251580
1	15	4	2	0.295478
1	15	5	1	0.510132
1	15	5	2	1.087298
1	3	1	1	0.471770
1	3	1	2	0.952865
1	3	2	1	0.247702
1	3	2	2	0.293050
1	3	3	1	0.269185
1	3	3	2	0.330552
1	3	4	1	0.246504
1	3	4	2	0.287741
1	3	5	1	0.518107
1	3	5	2	1.115662
1	11	1	1	0.518107
1	11	1	2	1.115662
1	11	2	1	0.251580
1	11	2	2	0.295478
1	11	3	1	0.424417
1	11	3	2	0.487653
1	11	4	1	0.248895
1	11	4	2	0.290842
1	11	5	1	0.542629
1	11	5	2	1.203706
1	5	1	1	0.384103
1	5	1	2	0.660973
1	5	2	1	0.306076
1	5	2	2	0.427793
1	5	3	1	0.274382
1	5	3	2	0.338023
1	5	4	1	0.248895
1	5	4	2	0.290842
1	5	5	1	0.429105
1	5	5	2	0.807797
1	14	1	1	0.494484
1	14	1	2	1.032048
1	14	2	1	0.246131
1	14	2	2	0.288274
1	14	3	1	0.250401
1	14	3	2	0.298951
1	14	4	1	0.247069
1	14	4	2	0.288257
1	14	5	1	0.464402
1	14	5	2	0.927456
1	2	1	1	0.518107
1	2	1	2	1.115662
1	2	2	1	0.306076
1	2	2	2	0.427793
1	2	3	1	0.356456
1	2	3	2	0.428864
1	2	4	1	0.301833
1	2	4	2	0.416205
1	2	5	1	0.360770
1	2	5	2	0.587924
1	13	1	1	0.402749
1	13	1	2	0.720940
1	13	2	1	0.246870
1	13	2	2	0.290921
1	13	3	1	0.295088
1	13	3	2	0.364835
1	13	4	1	0.266846
1	13	4	2	0.327669
1	13	5	1	0.435957
1	13	5	2	0.830744
1	6	1	1	0.378104
1	6	1	2	0.641971
1	6	2	1	0.282583
1	6	2	2	0.365713
1	6	3	1	0.274382
1	6	3	2	0.338023
1	6	4	1	0.246504
1	6	4	2	0.287741
1	6	5	1	0.471770
1	6	5	2	0.952865
1	12	1	1	0.502258
1	12	1	2	1.059427
1	12	2	1	0.246187
1	12	2	2	0.287745
1	12	3	1	0.252324
1	12	3	2	0.302739
1	12	4	1	0.306076
1	12	4	2	0.427793
1	12	5	1	0.479240
1	12	5	2	0.978767
1	8	1	1	0.378104
1	8	1	2	0.641971
1	8	2	1	0.310446
1	8	2	2	0.439877
1	8	3	1	0.274382
1	8	3	2	0.338023
1	8	4	1	0.264155
1	8	4	2	0.321560
1	8	5	1	0.378104
1	8	5	2	0.641971
2	5	1	1	0.471770
2	5	1	2	0.952865
2	5	2	1	0.246187
2	5	2	2	0.287745
2	5	3	1	0.248870
2	5	3	2	0.295725
2	5	4	1	0.310446
2	5	4	2	0.439877
2	5	5	1	0.559473
2	5	5	2	1.264864
2	14	1	1	0.378104
2	14	1	2	0.641971
2	14	2	1	0.253223
2	14	2	2	0.298561
2	14	3	1	0.248870
2	14	3	2	0.295725
2	14	4	1	0.248895
2	14	4	2	0.290842
2	14	5	1	0.526181
2	14	5	2	1.144518
2	3	1	1	0.457136
2	3	1	2	0.902539
2	3	2	1	0.246353
2	3	2	2	0.289331
2	3	3	1	0.287219
2	3	3	2	0.355115
2	3	4	1	0.269695
2	3	4	2	0.334278
2	3	5	1	0.378104
2	3	5	2	0.641971
2	12	1	1	0.378104
2	12	1	2	0.641971
2	12	2	1	0.272696
2	12	2	2	0.341388
2	12	3	1	0.269185
2	12	3	2	0.330552
2	12	4	1	0.259262
2	12	4	2	0.310848
2	12	5	1	0.518107
2	12	5	2	1.115662
2	13	1	1	0.396426
2	13	1	2	0.700458
2	13	2	1	0.246131
2	13	2	2	0.288274
2	13	3	1	0.252324
2	13	3	2	0.302739
2	13	4	1	0.248895
2	13	4	2	0.290842
2	13	5	1	0.479240
2	13	5	2	0.978767
2	15	1	1	0.471770
2	15	1	2	0.952865
2	15	2	1	0.306076
2	15	2	2	0.427793
2	15	3	1	0.252324
2	15	3	2	0.302739
2	15	4	1	0.251580
2	15	4	2	0.295478
2	15	5	1	0.576712
2	15	5	2	1.327989
2	4	1	1	0.502258
2	4	1	2	1.059427
2	4	2	1	0.259262
2	4	2	2	0.310848
2	4	3	1	0.252324
2	4	3	2	0.302739
2	4	4	1	0.261626
2	4	4	2	0.315953
2	4	5	1	0.429105
2	4	5	2	0.807797
2	8	1	1	0.422358
2	8	1	2	0.785344
2	8	2	1	0.248870
2	8	2	2	0.295725
2	8	3	1	0.424417
2	8	3	2	0.487653
2	8	4	1	0.275847
2	8	4	2	0.348998
2	8	5	1	0.568043
2	8	5	2	1.296180
2	1	1	1	0.360770
2	1	1	2	0.587924
2	1	2	1	0.257070
2	1	2	2	0.306247
2	1	3	1	0.314502
2	1	3	2	0.386980
2	1	4	1	0.264155
2	1	4	2	0.321560
2	1	5	1	0.559473
2	1	5	2	1.264864
2	10	1	1	0.518107
2	10	1	2	1.115662
2	10	2	1	0.248870
2	10	2	2	0.295725
2	10	3	1	0.280358
2	10	3	2	0.346196
2	10	4	1	0.306076
2	10	4	2	0.427793
2	10	5	1	0.471770
2	10	5	2	0.952865
2	9	1	1	0.502258
2	9	1	2	1.059427
2	9	2	1	0.247702
2	9	2	2	0.293050
2	9	3	1	0.274382
2	9	3	2	0.338023
2	9	4	1	0.259262
2	9	4	2	0.310848
2	9	5	1	0.449973
2	9	5	2	0.878115
2	6	1	1	0.559473
2	6	1	2	1.264864
2	6	2	1	0.255055
2	6	2	2	0.302151
2	6	3	1	0.257483
2	6	3	2	0.312044
2	6	4	1	0.251580
2	6	4	2	0.295478
2	6	5	1	0.422358
2	6	5	2	0.785344
2	7	1	1	0.402749
2	7	1	2	0.720940
2	7	2	1	0.247702
2	7	2	2	0.293050
2	7	3	1	0.326472
2	7	3	2	0.399619
2	7	4	1	0.247870
2	7	4	2	0.289292
2	7	5	1	0.471770
2	7	5	2	0.952865
2	11	1	1	0.559473
2	11	1	2	1.264864
2	11	2	1	0.250135
2	11	2	2	0.292905
2	11	3	1	0.248870
2	11	3	2	0.295725
2	11	4	1	0.253223
2	11	4	2	0.298561
2	11	5	1	0.551002
2	11	5	2	1.234039
3	15	1	1	0.568043
3	15	1	2	1.296180
3	15	2	1	0.306076
3	15	2	2	0.427793
3	15	3	1	0.326472
3	15	3	2	0.399619
3	15	4	1	0.289880
3	15	4	2	0.384419
3	15	5	1	0.479240
3	15	5	2	0.978767
3	5	1	1	0.576712
3	5	1	2	1.327989
3	5	2	1	0.247069
3	5	2	2	0.288257
3	5	3	1	0.252324
3	5	3	2	0.302739
3	5	4	1	0.257070
3	5	4	2	0.306247
3	5	5	1	0.390210
3	5	5	2	0.680469
3	4	1	1	0.429105
3	4	1	2	0.807797
3	4	2	1	0.255055
3	4	2	2	0.302151
3	4	3	1	0.314502
3	4	3	2	0.386980
3	4	4	1	0.272696
3	4	4	2	0.341388
3	4	5	1	0.534355
3	4	5	2	1.173866
3	9	1	1	0.378104
3	9	1	2	0.641971
3	9	2	1	0.253223
3	9	2	2	0.298561
3	9	3	1	0.252324
3	9	3	2	0.302739
3	9	4	1	0.257070
3	9	4	2	0.306247
3	9	5	1	0.486811
3	9	5	2	1.005161
3	14	1	1	0.479240
3	14	1	2	0.978767
3	14	2	1	0.266846
3	14	2	2	0.327669
3	14	3	1	0.274382
3	14	3	2	0.338023
3	14	4	1	0.246187
3	14	4	2	0.287745
3	14	5	1	0.576712
3	14	5	2	1.327989
3	10	1	1	0.384103
3	10	1	2	0.660973
3	10	2	1	0.272696
3	10	2	2	0.341388
3	10	3	1	0.424417
3	10	3	2	0.487653
3	10	4	1	0.248870
3	10	4	2	0.295725
3	10	5	1	0.486811
3	10	5	2	1.005161
3	7	1	1	0.442913
3	7	1	2	0.854183
3	7	2	1	0.261626
3	7	2	2	0.315953
3	7	3	1	0.314502
3	7	3	2	0.386980
3	7	4	1	0.246131
3	7	4	2	0.288274
3	7	5	1	0.384103
3	7	5	2	0.660973
3	13	1	1	0.366437
3	13	1	2	0.605446
3	13	2	1	0.261626
3	13	2	2	0.315953
3	13	3	1	0.375359
3	13	3	2	0.446007
3	13	4	1	0.257070
3	13	4	2	0.306247
3	13	5	1	0.372215
3	13	5	2	0.623462
3	1	1	1	0.502258
3	1	1	2	1.059427
3	1	2	1	0.247069
3	1	2	2	0.288257
3	1	3	1	0.264683
3	1	3	2	0.323750
3	1	4	1	0.248895
3	1	4	2	0.290842
3	1	5	1	0.568043
3	1	5	2	1.296180
3	2	1	1	0.510132
3	2	1	2	1.087298
3	2	2	1	0.272696
3	2	2	2	0.341388
3	2	3	1	0.424417
3	2	3	2	0.487653
3	2	4	1	0.286163
3	2	4	2	0.374817
3	2	5	1	0.494484
3	2	5	2	1.032048
3	11	1	1	0.457136
3	11	1	2	0.902539
3	11	2	1	0.269695
3	11	2	2	0.334278
3	11	3	1	0.254672
3	11	3	2	0.307099
3	11	4	1	0.247870
3	11	4	2	0.289292
3	11	5	1	0.526181
3	11	5	2	1.144518
3	6	1	1	0.384103
3	6	1	2	0.660973
3	6	2	1	0.293733
3	6	2	2	0.394518
3	6	3	1	0.340328
3	6	3	2	0.413505
3	6	4	1	0.310446
3	6	4	2	0.439877
3	6	5	1	0.422358
3	6	5	2	0.785344
3	12	1	1	0.402749
3	12	1	2	0.720940
3	12	2	1	0.272696
3	12	2	2	0.341388
3	12	3	1	0.260803
3	12	3	2	0.317588
3	12	4	1	0.310446
3	12	4	2	0.439877
3	12	5	1	0.542629
3	12	5	2	1.203706
3	8	1	1	0.402749
3	8	1	2	0.720940
3	8	2	1	0.248870
3	8	2	2	0.295725
3	8	3	1	0.264683
3	8	3	2	0.323750
3	8	4	1	0.250135
3	8	4	2	0.292905
3	8	5	1	0.479240
3	8	5	2	0.978767
4	10	1	1	0.378104
4	10	1	2	0.641971
4	10	2	1	0.246504
4	10	2	2	0.287741
4	10	3	1	0.304119
4	10	3	2	0.375426
4	10	4	1	0.279143
4	10	4	2	0.357106
4	10	5	1	0.422358
4	10	5	2	0.785344
4	9	1	1	0.409180
4	9	1	2	0.741915
4	9	2	1	0.259262
4	9	2	2	0.310848
4	9	3	1	0.340328
4	9	3	2	0.413505
4	9	4	1	0.275847
4	9	4	2	0.348998
4	9	5	1	0.390210
4	9	5	2	0.680469
4	7	1	1	0.429105
4	7	1	2	0.807797
4	7	2	1	0.266846
4	7	2	2	0.327669
4	7	3	1	0.375359
4	7	3	2	0.446007
4	7	4	1	0.247870
4	7	4	2	0.289292
4	7	5	1	0.502258
4	7	5	2	1.059427
4	15	1	1	0.366437
4	15	1	2	0.605446
4	15	2	1	0.246187
4	15	2	2	0.287745
4	15	3	1	0.269185
4	15	3	2	0.330552
4	15	4	1	0.246504
4	15	4	2	0.287741
4	15	5	1	0.576712
4	15	5	2	1.327989
4	1	1	1	0.422358
4	1	1	2	0.785344
4	1	2	1	0.266846
4	1	2	2	0.327669
4	1	3	1	0.340328
4	1	3	2	0.413505
4	1	4	1	0.272696
4	1	4	2	0.341388
4	1	5	1	0.559473
4	1	5	2	1.264864
4	3	1	1	0.559473
4	3	1	2	1.264864
4	3	2	1	0.251580
4	3	2	2	0.295478
4	3	3	1	0.326472
4	3	3	2	0.399619
4	3	4	1	0.310446
4	3	4	2	0.439877
4	3	5	1	0.378104
4	3	5	2	0.641971
4	11	1	1	0.457136
4	11	1	2	0.902539
4	11	2	1	0.251580
4	11	2	2	0.295478
4	11	3	1	0.280358
4	11	3	2	0.346196
4	11	4	1	0.257070
4	11	4	2	0.306247
4	11	5	1	0.510132
4	11	5	2	1.087298
4	5	1	1	0.449973
4	5	1	2	0.878115
4	5	2	1	0.253223
4	5	2	2	0.298561
4	5	3	1	0.257483
4	5	3	2	0.312044
4	5	4	1	0.248870
4	5	4	2	0.295725
4	5	5	1	0.479240
4	5	5	2	0.978767
4	14	1	1	0.422358
4	14	1	2	0.785344
4	14	2	1	0.251580
4	14	2	2	0.295478
4	14	3	1	0.424417
4	14	3	2	0.487653
4	14	4	1	0.293733
4	14	4	2	0.394518
4	14	5	1	0.542629
4	14	5	2	1.203706
4	13	1	1	0.510132
4	13	1	2	1.087298
4	13	2	1	0.246504
4	13	2	2	0.287741
4	13	3	1	0.254672
4	13	3	2	0.307099
4	13	4	1	0.279143
4	13	4	2	0.357106
4	13	5	1	0.568043
4	13	5	2	1.296180
4	2	1	1	0.534355
4	2	1	2	1.173866
4	2	2	1	0.269695
4	2	2	2	0.334278
4	2	3	1	0.264683
4	2	3	2	0.323750
4	2	4	1	0.297717
4	2	4	2	0.405114
4	2	5	1	0.568043
4	2	5	2	1.296180
4	6	1	1	0.442913
4	6	1	2	0.854183
4	6	2	1	0.289880
4	6	2	2	0.384419
4	6	3	1	0.280358
4	6	3	2	0.346196
4	6	4	1	0.248895
4	6	4	2	0.290842
4	6	5	1	0.415716
4	6	5	2	0.763383
4	12	1	1	0.479240
4	12	1	2	0.978767
4	12	2	1	0.247702
4	12	2	2	0.293050
4	12	3	1	0.264683
4	12	3	2	0.323750
4	12	4	1	0.269695
4	12	4	2	0.334278
4	12	5	1	0.396426
4	12	5	2	0.700458
4	8	1	1	0.415716
4	8	1	2	0.763383
4	8	2	1	0.247870
4	8	2	2	0.289292
4	8	3	1	0.375359
4	8	3	2	0.446007
4	8	4	1	0.255055
4	8	4	2	0.302151
4	8	5	1	0.479240
4	8	5	2	0.978767
5	3	1	1	0.551002
5	3	1	2	1.234039
5	3	2	1	0.264155
5	3	2	2	0.321560
5	3	3	1	0.269185
5	3	3	2	0.330552
5	3	4	1	0.306076
5	3	4	2	0.427793
5	3	5	1	0.510132
5	3	5	2	1.087298
5	14	1	1	0.551002
5	14	1	2	1.234039
5	14	2	1	0.310446
5	14	2	2	0.439877
5	14	3	1	0.356456
5	14	3	2	0.428864
5	14	4	1	0.269695
5	14	4	2	0.334278
5	14	5	1	0.486811
5	14	5	2	1.005161
5	15	1	1	0.372215
5	15	1	2	0.623462
5	15	2	1	0.272696
5	15	2	2	0.341388
5	15	3	1	0.287219
5	15	3	2	0.355115
5	15	4	1	0.246504
5	15	4	2	0.287741
5	15	5	1	0.422358
5	15	5	2	0.785344
5	13	1	1	0.559473
5	13	1	2	1.264864
5	13	2	1	0.246187
5	13	2	2	0.287745
5	13	3	1	0.264683
5	13	3	2	0.323750
5	13	4	1	0.246870
5	13	4	2	0.290921
5	13	5	1	0.402749
5	13	5	2	0.720940
5	4	1	1	0.526181
5	4	1	2	1.144518
5	4	2	1	0.251580
5	4	2	2	0.295478
5	4	3	1	0.424417
5	4	3	2	0.487653
5	4	4	1	0.246187
5	4	4	2	0.287745
5	4	5	1	0.366437
5	4	5	2	0.605446
5	9	1	1	0.494484
5	9	1	2	1.032048
5	9	2	1	0.251580
5	9	2	2	0.295478
5	9	3	1	0.252324
5	9	3	2	0.302739
5	9	4	1	0.246187
5	9	4	2	0.287745
5	9	5	1	0.366437
5	9	5	2	0.605446
5	2	1	1	0.372215
5	2	1	2	0.623462
5	2	2	1	0.246870
5	2	2	2	0.290921
5	2	3	1	0.280358
5	2	3	2	0.346196
5	2	4	1	0.266846
5	2	4	2	0.327669
5	2	5	1	0.402749
5	2	5	2	0.720940
5	10	1	1	0.526181
5	10	1	2	1.144518
5	10	2	1	0.264155
5	10	2	2	0.321560
5	10	3	1	0.314502
5	10	3	2	0.386980
5	10	4	1	0.279143
5	10	4	2	0.357106
5	10	5	1	0.559473
5	10	5	2	1.264864
5	7	1	1	0.551002
5	7	1	2	1.234039
5	7	2	1	0.272696
5	7	2	2	0.341388
5	7	3	1	0.314502
5	7	3	2	0.386980
5	7	4	1	0.253223
5	7	4	2	0.298561
5	7	5	1	0.449973
5	7	5	2	0.878115
5	6	1	1	0.464402
5	6	1	2	0.927456
5	6	2	1	0.279143
5	6	2	2	0.357106
5	6	3	1	0.252324
5	6	3	2	0.302739
5	6	4	1	0.275847
5	6	4	2	0.348998
5	6	5	1	0.568043
5	6	5	2	1.296180
5	1	1	1	0.518107
5	1	1	2	1.115662
5	1	2	1	0.297717
5	1	2	2	0.405114
5	1	3	1	0.252324
5	1	3	2	0.302739
5	1	4	1	0.261626
5	1	4	2	0.315953
5	1	5	1	0.402749
5	1	5	2	0.720940
5	12	1	1	0.518107
5	12	1	2	1.115662
5	12	2	1	0.279143
5	12	2	2	0.357106
5	12	3	1	0.314502
5	12	3	2	0.386980
5	12	4	1	0.286163
5	12	4	2	0.374817
5	12	5	1	0.396426
5	12	5	2	0.700458
5	11	1	1	0.402749
5	11	1	2	0.720940
5	11	2	1	0.246187
5	11	2	2	0.287745
5	11	3	1	0.274382
5	11	3	2	0.338023
5	11	4	1	0.246353
5	11	4	2	0.289331
5	11	5	1	0.486811
5	11	5	2	1.005161
5	8	1	1	0.396426
5	8	1	2	0.700458
5	8	2	1	0.253223
5	8	2	2	0.298561
5	8	3	1	0.375359
5	8	3	2	0.446007
5	8	4	1	0.248870
5	8	4	2	0.295725
5	8	5	1	0.396426
5	8	5	2	0.700458
6	13	1	1	0.479240
6	13	1	2	0.978767
6	13	2	1	0.255055
6	13	2	2	0.302151
6	13	3	1	0.356456
6	13	3	2	0.428864
6	13	4	1	0.272696
6	13	4	2	0.341388
6	13	5	1	0.429105
6	13	5	2	0.807797
6	14	1	1	0.502258
6	14	1	2	1.059427
6	14	2	1	0.306076
6	14	2	2	0.427793
6	14	3	1	0.280358
6	14	3	2	0.346196
6	14	4	1	0.250135
6	14	4	2	0.292905
6	14	5	1	0.442913
6	14	5	2	0.854183
6	12	1	1	0.502258
6	12	1	2	1.059427
6	12	2	1	0.286163
6	12	2	2	0.374817
6	12	3	1	0.456768
6	12	3	2	0.513825
6	12	4	1	0.269695
6	12	4	2	0.334278
6	12	5	1	0.551002
6	12	5	2	1.234039
6	5	1	1	0.542629
6	5	1	2	1.203706
6	5	2	1	0.269695
6	5	2	2	0.334278
6	5	3	1	0.260803
6	5	3	2	0.317588
6	5	4	1	0.269695
6	5	4	2	0.334278
6	5	5	1	0.390210
6	5	5	2	0.680469
6	8	1	1	0.576712
6	8	1	2	1.327989
6	8	2	1	0.259262
6	8	2	2	0.310848
6	8	3	1	0.264683
6	8	3	2	0.323750
6	8	4	1	0.306076
6	8	4	2	0.427793
6	8	5	1	0.390210
6	8	5	2	0.680469
6	3	1	1	0.542629
6	3	1	2	1.203706
6	3	2	1	0.282583
6	3	2	2	0.365713
6	3	3	1	0.269185
6	3	3	2	0.330552
6	3	4	1	0.247870
6	3	4	2	0.289292
6	3	5	1	0.378104
6	3	5	2	0.641971
6	15	1	1	0.435957
6	15	1	2	0.830744
6	15	2	1	0.246131
6	15	2	2	0.288274
6	15	3	1	0.250401
6	15	3	2	0.298951
6	15	4	1	0.297717
6	15	4	2	0.405114
6	15	5	1	0.542629
6	15	5	2	1.203706
6	2	1	1	0.534355
6	2	1	2	1.173866
6	2	2	1	0.264155
6	2	2	2	0.321560
6	2	3	1	0.252324
6	2	3	2	0.302739
6	2	4	1	0.306076
6	2	4	2	0.427793
6	2	5	1	0.534355
6	2	5	2	1.173866
6	9	1	1	0.457136
6	9	1	2	0.902539
6	9	2	1	0.247069
6	9	2	2	0.288257
6	9	3	1	0.250401
6	9	3	2	0.298951
6	9	4	1	0.266846
6	9	4	2	0.327669
6	9	5	1	0.457136
6	9	5	2	0.902539
6	4	1	1	0.384103
6	4	1	2	0.660973
6	4	2	1	0.301833
6	4	2	2	0.416205
6	4	3	1	0.257483
6	4	3	2	0.312044
6	4	4	1	0.251580
6	4	4	2	0.295478
6	4	5	1	0.534355
6	4	5	2	1.173866
6	7	1	1	0.449973
6	7	1	2	0.878115
6	7	2	1	0.266846
6	7	2	2	0.327669
6	7	3	1	0.314502
6	7	3	2	0.386980
6	7	4	1	0.289880
6	7	4	2	0.384419
6	7	5	1	0.384103
6	7	5	2	0.660973
6	10	1	1	0.396426
6	10	1	2	0.700458
6	10	2	1	0.289880
6	10	2	2	0.384419
6	10	3	1	0.287219
6	10	3	2	0.355115
6	10	4	1	0.247702
6	10	4	2	0.293050
6	10	5	1	0.479240
6	10	5	2	0.978767
6	1	1	1	0.429105
6	1	1	2	0.807797
6	1	2	1	0.286163
6	1	2	2	0.374817
6	1	3	1	0.280358
6	1	3	2	0.346196
6	1	4	1	0.306076
6	1	4	2	0.427793
6	1	5	1	0.384103
6	1	5	2	0.660973
6	11	1	1	0.372215
6	11	1	2	0.623462
6	11	2	1	0.289880
6	11	2	2	0.384419
6	11	3	1	0.456768
6	11	3	2	0.513825
6	11	4	1	0.247870
6	11	4	2	0.289292
6	11	5	1	0.435957
6	11	5	2	0.830744
7	9	1	1	0.435957
7	9	1	2	0.830744
7	9	2	1	0.246187
7	9	2	2	0.287745
7	9	3	1	0.264683
7	9	3	2	0.323750
7	9	4	1	0.251580
7	9	4	2	0.295478
7	9	5	1	0.542629
7	9	5	2	1.203706
7	10	1	1	0.402749
7	10	1	2	0.720940
7	10	2	1	0.246870
7	10	2	2	0.290921
7	10	3	1	0.248870
7	10	3	2	0.295725
7	10	4	1	0.275847
7	10	4	2	0.348998
7	10	5	1	0.422358
7	10	5	2	0.785344
7	4	1	1	0.409180
7	4	1	2	0.741915
7	4	2	1	0.246353
7	4	2	2	0.289331
7	4	3	1	0.314502
7	4	3	2	0.386980
7	4	4	1	0.286163
7	4	4	2	0.374817
7	4	5	1	0.518107
7	4	5	2	1.115662
7	15	1	1	0.464402
7	15	1	2	0.927456
7	15	2	1	0.293733
7	15	2	2	0.394518
7	15	3	1	0.397708
7	15	3	2	0.465383
7	15	4	1	0.257070
7	15	4	2	0.306247
7	15	5	1	0.422358
7	15	5	2	0.785344
7	11	1	1	0.409180
7	11	1	2	0.741915
7	11	2	1	0.266846
7	11	2	2	0.327669
7	11	3	1	0.456768
7	11	3	2	0.513825
7	11	4	1	0.246131
7	11	4	2	0.288274
7	11	5	1	0.384103
7	11	5	2	0.660973
7	1	1	1	0.402749
7	1	1	2	0.720940
7	1	2	1	0.269695
7	1	2	2	0.334278
7	1	3	1	0.314502
7	1	3	2	0.386980
7	1	4	1	0.289880
7	1	4	2	0.384419
7	1	5	1	0.542629
7	1	5	2	1.203706
7	3	1	1	0.576712
7	3	1	2	1.327989
7	3	2	1	0.279143
7	3	2	2	0.357106
7	3	3	1	0.356456
7	3	3	2	0.428864
7	3	4	1	0.261626
7	3	4	2	0.315953
7	3	5	1	0.568043
7	3	5	2	1.296180
7	5	1	1	0.518107
7	5	1	2	1.115662
7	5	2	1	0.289880
7	5	2	2	0.384419
7	5	3	1	0.264683
7	5	3	2	0.323750
7	5	4	1	0.250135
7	5	4	2	0.292905
7	5	5	1	0.576712
7	5	5	2	1.327989
7	14	1	1	0.542629
7	14	1	2	1.203706
7	14	2	1	0.272696
7	14	2	2	0.341388
7	14	3	1	0.250401
7	14	3	2	0.298951
7	14	4	1	0.264155
7	14	4	2	0.321560
7	14	5	1	0.372215
7	14	5	2	0.623462
7	13	1	1	0.409180
7	13	1	2	0.741915
7	13	2	1	0.246353
7	13	2	2	0.289331
7	13	3	1	0.257483
7	13	3	2	0.312044
7	13	4	1	0.248895
7	13	4	2	0.290842
7	13	5	1	0.442913
7	13	5	2	0.854183
7	2	1	1	0.542629
7	2	1	2	1.203706
7	2	2	1	0.261626
7	2	2	2	0.315953
7	2	3	1	0.248870
7	2	3	2	0.295725
7	2	4	1	0.264155
7	2	4	2	0.321560
7	2	5	1	0.378104
7	2	5	2	0.641971
7	6	1	1	0.372215
7	6	1	2	0.623462
7	6	2	1	0.301833
7	6	2	2	0.416205
7	6	3	1	0.280358
7	6	3	2	0.346196
7	6	4	1	0.272696
7	6	4	2	0.341388
7	6	5	1	0.409180
7	6	5	2	0.741915
7	12	1	1	0.534355
7	12	1	2	1.173866
7	12	2	1	0.261626
7	12	2	2	0.315953
7	12	3	1	0.340328
7	12	3	2	0.413505
7	12	4	1	0.275847
7	12	4	2	0.348998
7	12	5	1	0.494484
7	12	5	2	1.032048
7	8	1	1	0.576712
7	8	1	2	1.327989
7	8	2	1	0.289880
7	8	2	2	0.384419
7	8	3	1	0.397708
7	8	3	2	0.465383
7	8	4	1	0.272696
7	8	4	2	0.341388
7	8	5	1	0.518107
7	8	5	2	1.115662
8	12	1	1	0.360770
8	12	1	2	0.587924
8	12	2	1	0.246187
8	12	2	2	0.287745
8	12	3	1	0.254672
8	12	3	2	0.307099
8	12	4	1	0.261626
8	12	4	2	0.315953
8	12	5	1	0.486811
8	12	5	2	1.005161
8	13	1	1	0.542629
8	13	1	2	1.203706
8	13	2	1	0.269695
8	13	2	2	0.334278
8	13	3	1	0.424417
8	13	3	2	0.487653
8	13	4	1	0.297717
8	13	4	2	0.405114
8	13	5	1	0.559473
8	13	5	2	1.264864
8	14	1	1	0.435957
8	14	1	2	0.830744
8	14	2	1	0.246187
8	14	2	2	0.287745
8	14	3	1	0.252324
8	14	3	2	0.302739
8	14	4	1	0.286163
8	14	4	2	0.374817
8	14	5	1	0.479240
8	14	5	2	0.978767
8	6	1	1	0.449973
8	6	1	2	0.878115
8	6	2	1	0.293733
8	6	2	2	0.394518
8	6	3	1	0.252324
8	6	3	2	0.302739
8	6	4	1	0.253223
8	6	4	2	0.298561
8	6	5	1	0.534355
8	6	5	2	1.173866
8	2	1	1	0.526181
8	2	1	2	1.144518
8	2	2	1	0.261626
8	2	2	2	0.315953
8	2	3	1	0.456768
8	2	3	2	0.513825
8	2	4	1	0.246870
8	2	4	2	0.290921
8	2	5	1	0.449973
8	2	5	2	0.878115
8	5	1	1	0.372215
8	5	1	2	0.623462
8	5	2	1	0.248895
8	5	2	2	0.290842
8	5	3	1	0.356456
8	5	3	2	0.428864
8	5	4	1	0.246870
8	5	4	2	0.290921
8	5	5	1	0.534355
8	5	5	2	1.173866
8	3	1	1	0.415716
8	3	1	2	0.763383
8	3	2	1	0.269695
8	3	2	2	0.334278
8	3	3	1	0.295088
8	3	3	2	0.364835
8	3	4	1	0.250135
8	3	4	2	0.292905
8	3	5	1	0.378104
8	3	5	2	0.641971
8	15	1	1	0.402749
8	15	1	2	0.720940
8	15	2	1	0.293733
8	15	2	2	0.394518
8	15	3	1	0.456768
8	15	3	2	0.513825
8	15	4	1	0.301833
8	15	4	2	0.416205
8	15	5	1	0.409180
8	15	5	2	0.741915
8	4	1	1	0.384103
8	4	1	2	0.660973
8	4	2	1	0.248895
8	4	2	2	0.290842
8	4	3	1	0.254672
8	4	3	2	0.307099
8	4	4	1	0.246504
8	4	4	2	0.287741
8	4	5	1	0.360770
8	4	5	2	0.587924
8	9	1	1	0.396426
8	9	1	2	0.700458
8	9	2	1	0.289880
8	9	2	2	0.384419
8	9	3	1	0.248870
8	9	3	2	0.295725
8	9	4	1	0.301833
8	9	4	2	0.416205
8	9	5	1	0.422358
8	9	5	2	0.785344
8	7	1	1	0.551002
8	7	1	2	1.234039
8	7	2	1	0.251580
8	7	2	2	0.295478
8	7	3	1	0.295088
8	7	3	2	0.364835
8	7	4	1	0.246131
8	7	4	2	0.288274
8	7	5	1	0.415716
8	7	5	2	0.763383
8	10	1	1	0.551002
8	10	1	2	1.234039
8	10	2	1	0.246187
8	10	2	2	0.287745
8	10	3	1	0.280358
8	10	3	2	0.346196
8	10	4	1	0.246504
8	10	4	2	0.287741
8	10	5	1	0.568043
8	10	5	2	1.296180
8	1	1	1	0.479240
8	1	1	2	0.978767
8	1	2	1	0.306076
8	1	2	2	0.427793
8	1	3	1	0.252324
8	1	3	2	0.302739
8	1	4	1	0.255055
8	1	4	2	0.302151
8	1	5	1	0.384103
8	1	5	2	0.660973
8	11	1	1	0.435957
8	11	1	2	0.830744
8	11	2	1	0.246870
8	11	2	2	0.290921
8	11	3	1	0.295088
8	11	3	2	0.364835
8	11	4	1	0.253223
8	11	4	2	0.298561
8	11	5	1	0.409180
8	11	5	2	0.741915
9	7	1	1	0.372215
9	7	1	2	0.623462
9	7	2	1	0.248870
9	7	2	2	0.295725
9	7	3	1	0.356456
9	7	3	2	0.428864
9	7	4	1	0.275847
9	7	4	2	0.348998
9	7	5	1	0.409180
9	7	5	2	0.741915
9	4	1	1	0.471770
9	4	1	2	0.952865
9	4	2	1	0.255055
9	4	2	2	0.302151
9	4	3	1	0.260803
9	4	3	2	0.317588
9	4	4	1	0.250135
9	4	4	2	0.292905
9	4	5	1	0.372215
9	4	5	2	0.623462
9	10	1	1	0.422358
9	10	1	2	0.785344
9	10	2	1	0.310446
9	10	2	2	0.439877
9	10	3	1	0.326472
9	10	3	2	0.399619
9	10	4	1	0.275847
9	10	4	2	0.348998
9	10	5	1	0.366437
9	10	5	2	0.605446
9	15	1	1	0.390210
9	15	1	2	0.680469
9	15	2	1	0.282583
9	15	2	2	0.365713
9	15	3	1	0.375359
9	15	3	2	0.446007
9	15	4	1	0.246353
9	15	4	2	0.289331
9	15	5	1	0.559473
9	15	5	2	1.264864
9	1	1	1	0.479240
9	1	1	2	0.978767
9	1	2	1	0.286163
9	1	2	2	0.374817
9	1	3	1	0.264683
9	1	3	2	0.323750
9	1	4	1	0.286163
9	1	4	2	0.374817
9	1	5	1	0.390210
9	1	5	2	0.680469
9	3	1	1	0.390210
9	3	1	2	0.680469
9	3	2	1	0.286163
9	3	2	2	0.374817
9	3	3	1	0.295088
9	3	3	2	0.364835
9	3	4	1	0.306076
9	3	4	2	0.427793
9	3	5	1	0.409180
9	3	5	2	0.741915
9	11	1	1	0.449973
9	11	1	2	0.878115
9	11	2	1	0.248895
9	11	2	2	0.290842
9	11	3	1	0.274382
9	11	3	2	0.338023
9	11	4	1	0.266846
9	11	4	2	0.327669
9	11	5	1	0.360770
9	11	5	2	0.587924
9	5	1	1	0.568043
9	5	1	2	1.296180
9	5	2	1	0.266846
9	5	2	2	0.327669
9	5	3	1	0.264683
9	5	3	2	0.323750
9	5	4	1	0.257070
9	5	4	2	0.306247
9	5	5	1	0.435957
9	5	5	2	0.830744
9	14	1	1	0.510132
9	14	1	2	1.087298
9	14	2	1	0.306076
9	14	2	2	0.427793
9	14	3	1	0.264683
9	14	3	2	0.323750
9	14	4	1	0.266846
9	14	4	2	0.327669
9	14	5	1	0.360770
9	14	5	2	0.587924
9	13	1	1	0.479240
9	13	1	2	0.978767
9	13	2	1	0.247870
9	13	2	2	0.289292
9	13	3	1	0.254672
9	13	3	2	0.307099
9	13	4	1	0.301833
9	13	4	2	0.416205
9	13	5	1	0.366437
9	13	5	2	0.605446
9	2	1	1	0.390210
9	2	1	2	0.680469
9	2	2	1	0.247702
9	2	2	2	0.293050
9	2	3	1	0.260803
9	2	3	2	0.317588
9	2	4	1	0.279143
9	2	4	2	0.357106
9	2	5	1	0.378104
9	2	5	2	0.641971
9	6	1	1	0.378104
9	6	1	2	0.641971
9	6	2	1	0.306076
9	6	2	2	0.427793
9	6	3	1	0.269185
9	6	3	2	0.330552
9	6	4	1	0.259262
9	6	4	2	0.310848
9	6	5	1	0.494484
9	6	5	2	1.032048
9	12	1	1	0.494484
9	12	1	2	1.032048
9	12	2	1	0.269695
9	12	2	2	0.334278
9	12	3	1	0.274382
9	12	3	2	0.338023
9	12	4	1	0.251580
9	12	4	2	0.295478
9	12	5	1	0.372215
9	12	5	2	0.623462
9	8	1	1	0.442913
9	8	1	2	0.854183
9	8	2	1	0.246131
9	8	2	2	0.288274
9	8	3	1	0.326472
9	8	3	2	0.399619
9	8	4	1	0.247069
9	8	4	2	0.288257
9	8	5	1	0.464402
9	8	5	2	0.927456
10	4	1	1	0.510132
10	4	1	2	1.087298
10	4	2	1	0.264155
10	4	2	2	0.321560
10	4	3	1	0.257483
10	4	3	2	0.312044
10	4	4	1	0.247870
10	4	4	2	0.289292
10	4	5	1	0.464402
10	4	5	2	0.927456
10	7	1	1	0.486811
10	7	1	2	1.005161
10	7	2	1	0.272696
10	7	2	2	0.341388
10	7	3	1	0.456768
10	7	3	2	0.513825
10	7	4	1	0.259262
10	7	4	2	0.310848
10	7	5	1	0.402749
10	7	5	2	0.720940
10	9	1	1	0.479240
10	9	1	2	0.978767
10	9	2	1	0.246353
10	9	2	2	0.289331
10	9	3	1	0.397708
10	9	3	2	0.465383
10	9	4	1	0.297717
10	9	4	2	0.405114
10	9	5	1	0.502258
10	9	5	2	1.059427
10	1	1	1	0.435957
10	1	1	2	0.830744
10	1	2	1	0.279143
10	1	2	2	0.357106
10	1	3	1	0.375359
10	1	3	2	0.446007
10	1	4	1	0.257070
10	1	4	2	0.306247
10	1	5	1	0.384103
10	1	5	2	0.660973
10	15	1	1	0.409180
10	15	1	2	0.741915
10	15	2	1	0.247870
10	15	2	2	0.289292
10	15	3	1	0.287219
10	15	3	2	0.355115
10	15	4	1	0.253223
10	15	4	2	0.298561
10	15	5	1	0.409180
10	15	5	2	0.741915
10	11	1	1	0.415716
10	11	1	2	0.763383
10	11	2	1	0.261626
10	11	2	2	0.315953
10	11	3	1	0.274382
10	11	3	2	0.338023
10	11	4	1	0.279143
10	11	4	2	0.357106
10	11	5	1	0.390210
10	11	5	2	0.680469
10	3	1	1	0.366437
10	3	1	2	0.605446
10	3	2	1	0.246187
10	3	2	2	0.287745
10	3	3	1	0.375359
10	3	3	2	0.446007
10	3	4	1	0.310446
10	3	4	2	0.439877
10	3	5	1	0.415716
10	3	5	2	0.763383
10	5	1	1	0.464402
10	5	1	2	0.927456
10	5	2	1	0.250135
10	5	2	2	0.292905
10	5	3	1	0.280358
10	5	3	2	0.346196
10	5	4	1	0.266846
10	5	4	2	0.327669
10	5	5	1	0.384103
10	5	5	2	0.660973
10	14	1	1	0.384103
10	14	1	2	0.660973
10	14	2	1	0.250135
10	14	2	2	0.292905
10	14	3	1	0.304119
10	14	3	2	0.375426
10	14	4	1	0.248895
10	14	4	2	0.290842
10	14	5	1	0.486811
10	14	5	2	1.005161
10	13	1	1	0.502258
10	13	1	2	1.059427
10	13	2	1	0.269695
10	13	2	2	0.334278
10	13	3	1	0.287219
10	13	3	2	0.355115
10	13	4	1	0.297717
10	13	4	2	0.405114
10	13	5	1	0.479240
10	13	5	2	0.978767
10	2	1	1	0.366437
10	2	1	2	0.605446
10	2	2	1	0.275847
10	2	2	2	0.348998
10	2	3	1	0.397708
10	2	3	2	0.465383
10	2	4	1	0.279143
10	2	4	2	0.357106
10	2	5	1	0.449973
10	2	5	2	0.878115
10	6	1	1	0.502258
10	6	1	2	1.059427
10	6	2	1	0.247069
10	6	2	2	0.288257
10	6	3	1	0.274382
10	6	3	2	0.338023
10	6	4	1	0.282583
10	6	4	2	0.365713
10	6	5	1	0.559473
10	6	5	2	1.264864
10	12	1	1	0.449973
10	12	1	2	0.878115
10	12	2	1	0.247069
10	12	2	2	0.288257
10	12	3	1	0.326472
10	12	3	2	0.399619
10	12	4	1	0.289880
10	12	4	2	0.384419
10	12	5	1	0.542629
10	12	5	2	1.203706
10	8	1	1	0.422358
10	8	1	2	0.785344
10	8	2	1	0.310446
10	8	2	2	0.439877
10	8	3	1	0.257483
10	8	3	2	0.312044
10	8	4	1	0.306076
10	8	4	2	0.427793
10	8	5	1	0.449973
10	8	5	2	0.878115
11	7	1	1	0.518107
11	7	1	2	1.115662
11	7	2	1	0.259262
11	7	2	2	0.310848
11	7	3	1	0.269185
11	7	3	2	0.330552
11	7	4	1	0.250135
11	7	4	2	0.292905
11	7	5	1	0.502258
11	7	5	2	1.059427
11	9	1	1	0.409180
11	9	1	2	0.741915
11	9	2	1	0.246131
11	9	2	2	0.288274
11	9	3	1	0.304119
11	9	3	2	0.375426
11	9	4	1	0.269695
11	9	4	2	0.334278
11	9	5	1	0.390210
11	9	5	2	0.680469
11	10	1	1	0.396426
11	10	1	2	0.700458
11	10	2	1	0.250135
11	10	2	2	0.292905
11	10	3	1	0.252324
11	10	3	2	0.302739
11	10	4	1	0.264155
11	10	4	2	0.321560
11	10	5	1	0.366437
11	10	5	2	0.605446
11	4	1	1	0.510132
11	4	1	2	1.087298
11	4	2	1	0.272696
11	4	2	2	0.341388
11	4	3	1	0.269185
11	4	3	2	0.330552
11	4	4	1	0.293733
11	4	4	2	0.394518
11	4	5	1	0.534355
11	4	5	2	1.173866
11	15	1	1	0.372215
11	15	1	2	0.623462
11	15	2	1	0.250135
11	15	2	2	0.292905
11	15	3	1	0.260803
11	15	3	2	0.317588
11	15	4	1	0.261626
11	15	4	2	0.315953
11	15	5	1	0.559473
11	15	5	2	1.264864
11	1	1	1	0.415716
11	1	1	2	0.763383
11	1	2	1	0.247069
11	1	2	2	0.288257
11	1	3	1	0.314502
11	1	3	2	0.386980
11	1	4	1	0.251580
11	1	4	2	0.295478
11	1	5	1	0.429105
11	1	5	2	0.807797
11	3	1	1	0.502258
11	3	1	2	1.059427
11	3	2	1	0.248870
11	3	2	2	0.295725
11	3	3	1	0.257483
11	3	3	2	0.312044
11	3	4	1	0.297717
11	3	4	2	0.405114
11	3	5	1	0.559473
11	3	5	2	1.264864
11	5	1	1	0.415716
11	5	1	2	0.763383
11	5	2	1	0.253223
11	5	2	2	0.298561
11	5	3	1	0.254672
11	5	3	2	0.307099
11	5	4	1	0.246870
11	5	4	2	0.290921
11	5	5	1	0.526181
11	5	5	2	1.144518
11	14	1	1	0.384103
11	14	1	2	0.660973
11	14	2	1	0.251580
11	14	2	2	0.295478
11	14	3	1	0.295088
11	14	3	2	0.364835
11	14	4	1	0.246353
11	14	4	2	0.289331
11	14	5	1	0.415716
11	14	5	2	0.763383
11	13	1	1	0.518107
11	13	1	2	1.115662
11	13	2	1	0.246504
11	13	2	2	0.287741
11	13	3	1	0.264683
11	13	3	2	0.323750
11	13	4	1	0.246187
11	13	4	2	0.287745
11	13	5	1	0.518107
11	13	5	2	1.115662
11	2	1	1	0.402749
11	2	1	2	0.720940
11	2	2	1	0.247069
11	2	2	2	0.288257
11	2	3	1	0.260803
11	2	3	2	0.317588
11	2	4	1	0.259262
11	2	4	2	0.310848
11	2	5	1	0.576712
11	2	5	2	1.327989
11	6	1	1	0.390210
11	6	1	2	0.680469
11	6	2	1	0.250135
11	6	2	2	0.292905
11	6	3	1	0.254672
11	6	3	2	0.307099
11	6	4	1	0.272696
11	6	4	2	0.341388
11	6	5	1	0.486811
11	6	5	2	1.005161
11	12	1	1	0.402749
11	12	1	2	0.720940
11	12	2	1	0.293733
11	12	2	2	0.394518
11	12	3	1	0.456768
11	12	3	2	0.513825
11	12	4	1	0.259262
11	12	4	2	0.310848
11	12	5	1	0.568043
11	12	5	2	1.296180
11	8	1	1	0.415716
11	8	1	2	0.763383
11	8	2	1	0.269695
11	8	2	2	0.334278
11	8	3	1	0.260803
11	8	3	2	0.317588
11	8	4	1	0.246504
11	8	4	2	0.287741
11	8	5	1	0.464402
11	8	5	2	0.927456
12	8	1	1	0.415716
12	8	1	2	0.763383
12	8	2	1	0.246504
12	8	2	2	0.287741
12	8	3	1	0.250401
12	8	3	2	0.298951
12	8	4	1	0.266846
12	8	4	2	0.327669
12	8	5	1	0.486811
12	8	5	2	1.005161
12	13	1	1	0.402749
12	13	1	2	0.720940
12	13	2	1	0.255055
12	13	2	2	0.302151
12	13	3	1	0.326472
12	13	3	2	0.399619
12	13	4	1	0.247069
12	13	4	2	0.288257
12	13	5	1	0.366437
12	13	5	2	0.605446
12	14	1	1	0.518107
12	14	1	2	1.115662
12	14	2	1	0.272696
12	14	2	2	0.341388
12	14	3	1	0.375359
12	14	3	2	0.446007
12	14	4	1	0.250135
12	14	4	2	0.292905
12	14	5	1	0.435957
12	14	5	2	0.830744
12	6	1	1	0.559473
12	6	1	2	1.264864
12	6	2	1	0.259262
12	6	2	2	0.310848
12	6	3	1	0.274382
12	6	3	2	0.338023
12	6	4	1	0.297717
12	6	4	2	0.405114
12	6	5	1	0.471770
12	6	5	2	0.952865
12	2	1	1	0.409180
12	2	1	2	0.741915
12	2	2	1	0.282583
12	2	2	2	0.365713
12	2	3	1	0.269185
12	2	3	2	0.330552
12	2	4	1	0.246504
12	2	4	2	0.287741
12	2	5	1	0.457136
12	2	5	2	0.902539
12	5	1	1	0.502258
12	5	1	2	1.059427
12	5	2	1	0.286163
12	5	2	2	0.374817
12	5	3	1	0.397708
12	5	3	2	0.465383
12	5	4	1	0.266846
12	5	4	2	0.327669
12	5	5	1	0.534355
12	5	5	2	1.173866
12	3	1	1	0.378104
12	3	1	2	0.641971
12	3	2	1	0.247069
12	3	2	2	0.288257
12	3	3	1	0.269185
12	3	3	2	0.330552
12	3	4	1	0.293733
12	3	4	2	0.394518
12	3	5	1	0.518107
12	3	5	2	1.115662
12	15	1	1	0.372215
12	15	1	2	0.623462
12	15	2	1	0.306076
12	15	2	2	0.427793
12	15	3	1	0.424417
12	15	3	2	0.487653
12	15	4	1	0.246870
12	15	4	2	0.290921
12	15	5	1	0.526181
12	15	5	2	1.144518
12	4	1	1	0.449973
12	4	1	2	0.878115
12	4	2	1	0.289880
12	4	2	2	0.384419
12	4	3	1	0.257483
12	4	3	2	0.312044
12	4	4	1	0.246870
12	4	4	2	0.290921
12	4	5	1	0.449973
12	4	5	2	0.878115
12	9	1	1	0.435957
12	9	1	2	0.830744
12	9	2	1	0.251580
12	9	2	2	0.295478
12	9	3	1	0.280358
12	9	3	2	0.346196
12	9	4	1	0.246504
12	9	4	2	0.287741
12	9	5	1	0.429105
12	9	5	2	0.807797
12	10	1	1	0.360770
12	10	1	2	0.587924
12	10	2	1	0.289880
12	10	2	2	0.384419
12	10	3	1	0.340328
12	10	3	2	0.413505
12	10	4	1	0.246131
12	10	4	2	0.288274
12	10	5	1	0.457136
12	10	5	2	0.902539
12	7	1	1	0.534355
12	7	1	2	1.173866
12	7	2	1	0.275847
12	7	2	2	0.348998
12	7	3	1	0.260803
12	7	3	2	0.317588
12	7	4	1	0.250135
12	7	4	2	0.292905
12	7	5	1	0.422358
12	7	5	2	0.785344
12	1	1	1	0.378104
12	1	1	2	0.641971
12	1	2	1	0.289880
12	1	2	2	0.384419
12	1	3	1	0.252324
12	1	3	2	0.302739
12	1	4	1	0.246870
12	1	4	2	0.290921
12	1	5	1	0.534355
12	1	5	2	1.173866
12	11	1	1	0.366437
12	11	1	2	0.605446
12	11	2	1	0.293733
12	11	2	2	0.394518
12	11	3	1	0.397708
12	11	3	2	0.465383
12	11	4	1	0.293733
12	11	4	2	0.394518
12	11	5	1	0.479240
12	11	5	2	0.978767
13	14	1	1	0.366437
13	14	1	2	0.605446
13	14	2	1	0.247069
13	14	2	2	0.288257
13	14	3	1	0.248870
13	14	3	2	0.295725
13	14	4	1	0.247870
13	14	4	2	0.289292
13	14	5	1	0.384103
13	14	5	2	0.660973
13	6	1	1	0.494484
13	6	1	2	1.032048
13	6	2	1	0.247870
13	6	2	2	0.289292
13	6	3	1	0.424417
13	6	3	2	0.487653
13	6	4	1	0.282583
13	6	4	2	0.365713
13	6	5	1	0.442913
13	6	5	2	0.854183
13	5	1	1	0.372215
13	5	1	2	0.623462
13	5	2	1	0.306076
13	5	2	2	0.427793
13	5	3	1	0.250401
13	5	3	2	0.298951
13	5	4	1	0.246870
13	5	4	2	0.290921
13	5	5	1	0.429105
13	5	5	2	0.807797
13	12	1	1	0.396426
13	12	1	2	0.700458
13	12	2	1	0.246131
13	12	2	2	0.288274
13	12	3	1	0.280358
13	12	3	2	0.346196
13	12	4	1	0.248870
13	12	4	2	0.295725
13	12	5	1	0.378104
13	12	5	2	0.641971
13	3	1	1	0.415716
13	3	1	2	0.763383
13	3	2	1	0.246504
13	3	2	2	0.287741
13	3	3	1	0.280358
13	3	3	2	0.346196
13	3	4	1	0.248895
13	3	4	2	0.290842
13	3	5	1	0.534355
13	3	5	2	1.173866
13	8	1	1	0.372215
13	8	1	2	0.623462
13	8	2	1	0.261626
13	8	2	2	0.315953
13	8	3	1	0.257483
13	8	3	2	0.312044
13	8	4	1	0.247870
13	8	4	2	0.289292
13	8	5	1	0.486811
13	8	5	2	1.005161
13	15	1	1	0.502258
13	15	1	2	1.059427
13	15	2	1	0.286163
13	15	2	2	0.374817
13	15	3	1	0.257483
13	15	3	2	0.312044
13	15	4	1	0.246187
13	15	4	2	0.287745
13	15	5	1	0.396426
13	15	5	2	0.700458
13	2	1	1	0.471770
13	2	1	2	0.952865
13	2	2	1	0.297717
13	2	2	2	0.405114
13	2	3	1	0.257483
13	2	3	2	0.312044
13	2	4	1	0.272696
13	2	4	2	0.341388
13	2	5	1	0.442913
13	2	5	2	0.854183
13	4	1	1	0.559473
13	4	1	2	1.264864
13	4	2	1	0.264155
13	4	2	2	0.321560
13	4	3	1	0.257483
13	4	3	2	0.312044
13	4	4	1	0.251580
13	4	4	2	0.295478
13	4	5	1	0.471770
13	4	5	2	0.952865
13	9	1	1	0.551002
13	9	1	2	1.234039
13	9	2	1	0.246353
13	9	2	2	0.289331
13	9	3	1	0.375359
13	9	3	2	0.446007
13	9	4	1	0.246187
13	9	4	2	0.287745
13	9	5	1	0.576712
13	9	5	2	1.327989
13	7	1	1	0.415716
13	7	1	2	0.763383
13	7	2	1	0.286163
13	7	2	2	0.374817
13	7	3	1	0.252324
13	7	3	2	0.302739
13	7	4	1	0.264155
13	7	4	2	0.321560
13	7	5	1	0.526181
13	7	5	2	1.144518
13	10	1	1	0.551002
13	10	1	2	1.234039
13	10	2	1	0.247870
13	10	2	2	0.289292
13	10	3	1	0.314502
13	10	3	2	0.386980
13	10	4	1	0.301833
13	10	4	2	0.416205
13	10	5	1	0.526181
13	10	5	2	1.144518
13	1	1	1	0.415716
13	1	1	2	0.763383
13	1	2	1	0.306076
13	1	2	2	0.427793
13	1	3	1	0.397708
13	1	3	2	0.465383
13	1	4	1	0.282583
13	1	4	2	0.365713
13	1	5	1	0.576712
13	1	5	2	1.327989
13	11	1	1	0.429105
13	11	1	2	0.807797
13	11	2	1	0.247069
13	11	2	2	0.288257
13	11	3	1	0.295088
13	11	3	2	0.364835
13	11	4	1	0.297717
13	11	4	2	0.405114
13	11	5	1	0.457136
13	11	5	2	0.902539
14	13	1	1	0.559473
14	13	1	2	1.264864
14	13	2	1	0.297717
14	13	2	2	0.405114
14	13	3	1	0.269185
14	13	3	2	0.330552
14	13	4	1	0.275847
14	13	4	2	0.348998
14	13	5	1	0.415716
14	13	5	2	0.763383
14	5	1	1	0.526181
14	5	1	2	1.144518
14	5	2	1	0.248895
14	5	2	2	0.290842
14	5	3	1	0.375359
14	5	3	2	0.446007
14	5	4	1	0.306076
14	5	4	2	0.427793
14	5	5	1	0.429105
14	5	5	2	0.807797
14	3	1	1	0.471770
14	3	1	2	0.952865
14	3	2	1	0.247702
14	3	2	2	0.293050
14	3	3	1	0.254672
14	3	3	2	0.307099
14	3	4	1	0.246131
14	3	4	2	0.288274
14	3	5	1	0.471770
14	3	5	2	0.952865
14	6	1	1	0.471770
14	6	1	2	0.952865
14	6	2	1	0.246353
14	6	2	2	0.289331
14	6	3	1	0.326472
14	6	3	2	0.399619
14	6	4	1	0.275847
14	6	4	2	0.348998
14	6	5	1	0.526181
14	6	5	2	1.144518
14	12	1	1	0.442913
14	12	1	2	0.854183
14	12	2	1	0.297717
14	12	2	2	0.405114
14	12	3	1	0.254672
14	12	3	2	0.307099
14	12	4	1	0.255055
14	12	4	2	0.302151
14	12	5	1	0.526181
14	12	5	2	1.144518
14	15	1	1	0.457136
14	15	1	2	0.902539
14	15	2	1	0.261626
14	15	2	2	0.315953
14	15	3	1	0.314502
14	15	3	2	0.386980
14	15	4	1	0.301833
14	15	4	2	0.416205
14	15	5	1	0.510132
14	15	5	2	1.087298
14	2	1	1	0.542629
14	2	1	2	1.203706
14	2	2	1	0.306076
14	2	2	2	0.427793
14	2	3	1	0.287219
14	2	3	2	0.355115
14	2	4	1	0.310446
14	2	4	2	0.439877
14	2	5	1	0.449973
14	2	5	2	0.878115
14	8	1	1	0.479240
14	8	1	2	0.978767
14	8	2	1	0.310446
14	8	2	2	0.439877
14	8	3	1	0.250401
14	8	3	2	0.298951
14	8	4	1	0.272696
14	8	4	2	0.341388
14	8	5	1	0.502258
14	8	5	2	1.059427
14	4	1	1	0.502258
14	4	1	2	1.059427
14	4	2	1	0.246187
14	4	2	2	0.287745
14	4	3	1	0.326472
14	4	3	2	0.399619
14	4	4	1	0.286163
14	4	4	2	0.374817
14	4	5	1	0.415716
14	4	5	2	0.763383
14	9	1	1	0.378104
14	9	1	2	0.641971
14	9	2	1	0.257070
14	9	2	2	0.306247
14	9	3	1	0.424417
14	9	3	2	0.487653
14	9	4	1	0.259262
14	9	4	2	0.310848
14	9	5	1	0.449973
14	9	5	2	0.878115
14	7	1	1	0.479240
14	7	1	2	0.978767
14	7	2	1	0.310446
14	7	2	2	0.439877
14	7	3	1	0.269185
14	7	3	2	0.330552
14	7	4	1	0.293733
14	7	4	2	0.394518
14	7	5	1	0.372215
14	7	5	2	0.623462
14	10	1	1	0.378104
14	10	1	2	0.641971
14	10	2	1	0.289880
14	10	2	2	0.384419
14	10	3	1	0.340328
14	10	3	2	0.413505
14	10	4	1	0.297717
14	10	4	2	0.405114
14	10	5	1	0.384103
14	10	5	2	0.660973
14	1	1	1	0.396426
14	1	1	2	0.700458
14	1	2	1	0.269695
14	1	2	2	0.334278
14	1	3	1	0.287219
14	1	3	2	0.355115
14	1	4	1	0.246187
14	1	4	2	0.287745
14	1	5	1	0.442913
14	1	5	2	0.854183
14	11	1	1	0.471770
14	11	1	2	0.952865
14	11	2	1	0.247069
14	11	2	2	0.288257
14	11	3	1	0.257483
14	11	3	2	0.312044
14	11	4	1	0.253223
14	11	4	2	0.298561
14	11	5	1	0.360770
14	11	5	2	0.587924
15	3	1	1	0.435957
15	3	1	2	0.830744
15	3	2	1	0.264155
15	3	2	2	0.321560
15	3	3	1	0.304119
15	3	3	2	0.375426
15	3	4	1	0.301833
15	3	4	2	0.416205
15	3	5	1	0.429105
15	3	5	2	0.807797
15	9	1	1	0.576712
15	9	1	2	1.327989
15	9	2	1	0.286163
15	9	2	2	0.374817
15	9	3	1	0.356456
15	9	3	2	0.428864
15	9	4	1	0.257070
15	9	4	2	0.306247
15	9	5	1	0.396426
15	9	5	2	0.700458
15	4	1	1	0.360770
15	4	1	2	0.587924
15	4	2	1	0.297717
15	4	2	2	0.405114
15	4	3	1	0.314502
15	4	3	2	0.386980
15	4	4	1	0.246504
15	4	4	2	0.287741
15	4	5	1	0.457136
15	4	5	2	0.902539
15	7	1	1	0.360770
15	7	1	2	0.587924
15	7	2	1	0.247702
15	7	2	2	0.293050
15	7	3	1	0.456768
15	7	3	2	0.513825
15	7	4	1	0.297717
15	7	4	2	0.405114
15	7	5	1	0.429105
15	7	5	2	0.807797
15	10	1	1	0.486811
15	10	1	2	1.005161
15	10	2	1	0.246187
15	10	2	2	0.287745
15	10	3	1	0.314502
15	10	3	2	0.386980
15	10	4	1	0.246131
15	10	4	2	0.288274
15	10	5	1	0.471770
15	10	5	2	0.952865
15	5	1	1	0.442913
15	5	1	2	0.854183
15	5	2	1	0.257070
15	5	2	2	0.306247
15	5	3	1	0.260803
15	5	3	2	0.317588
15	5	4	1	0.255055
15	5	4	2	0.302151
15	5	5	1	0.551002
15	5	5	2	1.234039
15	1	1	1	0.442913
15	1	1	2	0.854183
15	1	2	1	0.266846
15	1	2	2	0.327669
15	1	3	1	0.264683
15	1	3	2	0.323750
15	1	4	1	0.275847
15	1	4	2	0.348998
15	1	5	1	0.518107
15	1	5	2	1.115662
15	11	1	1	0.409180
15	11	1	2	0.741915
15	11	2	1	0.310446
15	11	2	2	0.439877
15	11	3	1	0.248870
15	11	3	2	0.295725
15	11	4	1	0.246870
15	11	4	2	0.290921
15	11	5	1	0.396426
15	11	5	2	0.700458
15	14	1	1	0.551002
15	14	1	2	1.234039
15	14	2	1	0.264155
15	14	2	2	0.321560
15	14	3	1	0.304119
15	14	3	2	0.375426
15	14	4	1	0.261626
15	14	4	2	0.315953
15	14	5	1	0.568043
15	14	5	2	1.296180
15	13	1	1	0.384103
15	13	1	2	0.660973
15	13	2	1	0.251580
15	13	2	2	0.295478
15	13	3	1	0.314502
15	13	3	2	0.386980
15	13	4	1	0.266846
15	13	4	2	0.327669
15	13	5	1	0.396426
15	13	5	2	0.700458
15	2	1	1	0.402749
15	2	1	2	0.720940
15	2	2	1	0.264155
15	2	2	2	0.321560
15	2	3	1	0.257483
15	2	3	2	0.312044
15	2	4	1	0.251580
15	2	4	2	0.295478
15	2	5	1	0.486811
15	2	5	2	1.005161
15	6	1	1	0.396426
15	6	1	2	0.700458
15	6	2	1	0.269695
15	6	2	2	0.334278
15	6	3	1	0.252324
15	6	3	2	0.302739
15	6	4	1	0.246131
15	6	4	2	0.288274
15	6	5	1	0.390210
15	6	5	2	0.680469
15	12	1	1	0.396426
15	12	1	2	0.700458
15	12	2	1	0.247069
15	12	2	2	0.288257
15	12	3	1	0.254672
15	12	3	2	0.307099
15	12	4	1	0.306076
15	12	4	2	0.427793
15	12	5	1	0.486811
15	12	5	2	1.005161
15	8	1	1	0.559473
15	8	1	2	1.264864
15	8	2	1	0.253223
15	8	2	2	0.298561
15	8	3	1	0.252324
15	8	3	2	0.302739
15	8	4	1	0.310446
15	8	4	2	0.439877
15	8	5	1	0.442913
15	8	5	2	0.854183
0	15	1	1	0.378104
0	15	1	2	0.641971
0	15	2	1	0.301833
0	15	2	2	0.416205
0	15	3	1	0.304119
0	15	3	2	0.375426
0	15	4	1	0.255055
0	15	4	2	0.302151
0	15	5	1	0.435957
0	15	5	2	0.830744
0	3	1	1	0.559473
0	3	1	2	1.264864
0	3	2	1	0.257070
0	3	2	2	0.306247
0	3	3	1	0.304119
0	3	3	2	0.375426
0	3	4	1	0.246870
0	3	4	2	0.290921
0	3	5	1	0.551002
0	3	5	2	1.234039
0	9	1	1	0.435957
0	9	1	2	0.830744
0	9	2	1	0.246504
0	9	2	2	0.287741
0	9	3	1	0.456768
0	9	3	2	0.513825
0	9	4	1	0.261626
0	9	4	2	0.315953
0	9	5	1	0.471770
0	9	5	2	0.952865
0	5	1	1	0.390210
0	5	1	2	0.680469
0	5	2	1	0.269695
0	5	2	2	0.334278
0	5	3	1	0.304119
0	5	3	2	0.375426
0	5	4	1	0.246131
0	5	4	2	0.288274
0	5	5	1	0.534355
0	5	5	2	1.173866
0	4	1	1	0.510132
0	4	1	2	1.087298
0	4	2	1	0.246131
0	4	2	2	0.288274
0	4	3	1	0.260803
0	4	3	2	0.317588
0	4	4	1	0.272696
0	4	4	2	0.341388
0	4	5	1	0.576712
0	4	5	2	1.327989
0	7	1	1	0.494484
0	7	1	2	1.032048
0	7	2	1	0.297717
0	7	2	2	0.405114
0	7	3	1	0.260803
0	7	3	2	0.317588
0	7	4	1	0.247870
0	7	4	2	0.289292
0	7	5	1	0.576712
0	7	5	2	1.327989
0	10	1	1	0.422358
0	10	1	2	0.785344
0	10	2	1	0.279143
0	10	2	2	0.357106
0	10	3	1	0.280358
0	10	3	2	0.346196
0	10	4	1	0.266846
0	10	4	2	0.327669
0	10	5	1	0.435957
0	10	5	2	0.830744
0	14	1	1	0.559473
0	14	1	2	1.264864
0	14	2	1	0.246504
0	14	2	2	0.287741
0	14	3	1	0.340328
0	14	3	2	0.413505
0	14	4	1	0.253223
0	14	4	2	0.298561
0	14	5	1	0.534355
0	14	5	2	1.173866
0	13	1	1	0.378104
0	13	1	2	0.641971
0	13	2	1	0.259262
0	13	2	2	0.310848
0	13	3	1	0.397708
0	13	3	2	0.465383
0	13	4	1	0.246187
0	13	4	2	0.287745
0	13	5	1	0.534355
0	13	5	2	1.173866
0	11	1	1	0.486811
0	11	1	2	1.005161
0	11	2	1	0.286163
0	11	2	2	0.374817
0	11	3	1	0.252324
0	11	3	2	0.302739
0	11	4	1	0.246131
0	11	4	2	0.288274
0	11	5	1	0.429105
0	11	5	2	0.807797
0	1	1	1	0.534355
0	1	1	2	1.173866
0	1	2	1	0.286163
0	1	2	2	0.374817
0	1	3	1	0.252324
0	1	3	2	0.302739
0	1	4	1	0.248895
0	1	4	2	0.290842
0	1	5	1	0.464402
0	1	5	2	0.927456
0	6	1	1	0.442913
0	6	1	2	0.854183
0	6	2	1	0.301833
0	6	2	2	0.416205
0	6	3	1	0.269185
0	6	3	2	0.330552
0	6	4	1	0.261626
0	6	4	2	0.315953
0	6	5	1	0.449973
0	6	5	2	0.878115
0	2	1	1	0.372215
0	2	1	2	0.623462
0	2	2	1	0.257070
0	2	2	2	0.306247
0	2	3	1	0.269185
0	2	3	2	0.330552
0	2	4	1	0.286163
0	2	4	2	0.374817
0	2	5	1	0.518107
0	2	5	2	1.115662
0	12	1	1	0.471770
0	12	1	2	0.952865
0	12	2	1	0.246187
0	12	2	2	0.287745
0	12	3	1	0.375359
0	12	3	2	0.446007
0	12	4	1	0.248870
0	12	4	2	0.295725
0	12	5	1	0.415716
0	12	5	2	0.763383
0	8	1	1	0.542629
0	8	1	2	1.203706
0	8	2	1	0.253223
0	8	2	2	0.298561
0	8	3	1	0.375359
0	8	3	2	0.446007
0	8	4	1	0.282583
0	8	4	2	0.365713
0	8	5	1	0.360770
0	8	5	2	0.587924
15	0	1	1	0.494484
15	0	1	2	1.032048
15	0	2	1	0.246131
15	0	2	2	0.288274
15	0	3	1	0.314502
15	0	3	2	0.386980
15	0	4	1	0.247069
15	0	4	2	0.288257
15	0	5	1	0.429105
15	0	5	2	0.807797
3	0	1	1	0.360770
3	0	1	2	0.587924
3	0	2	1	0.310446
3	0	2	2	0.439877
3	0	3	1	0.280358
3	0	3	2	0.346196
3	0	4	1	0.275847
3	0	4	2	0.348998
3	0	5	1	0.409180
3	0	5	2	0.741915
9	0	1	1	0.526181
9	0	1	2	1.144518
9	0	2	1	0.266846
9	0	2	2	0.327669
9	0	3	1	0.260803
9	0	3	2	0.317588
9	0	4	1	0.250135
9	0	4	2	0.292905
9	0	5	1	0.534355
9	0	5	2	1.173866
5	0	1	1	0.534355
5	0	1	2	1.173866
5	0	2	1	0.250135
5	0	2	2	0.292905
5	0	3	1	0.314502
5	0	3	2	0.386980
5	0	4	1	0.279143
5	0	4	2	0.357106
5	0	5	1	0.415716
5	0	5	2	0.763383
4	0	1	1	0.415716
4	0	1	2	0.763383
4	0	2	1	0.301833
4	0	2	2	0.416205
4	0	3	1	0.260803
4	0	3	2	0.317588
4	0	4	1	0.306076
4	0	4	2	0.427793
4	0	5	1	0.378104
4	0	5	2	0.641971
7	0	1	1	0.534355
7	0	1	2	1.173866
7	0	2	1	0.272696
7	0	2	2	0.341388
7	0	3	1	0.287219
7	0	3	2	0.355115
7	0	4	1	0.269695
7	0	4	2	0.334278
7	0	5	1	0.378104
7	0	5	2	0.641971
10	0	1	1	0.568043
10	0	1	2	1.296180
10	0	2	1	0.246353
10	0	2	2	0.289331
10	0	3	1	0.340328
10	0	3	2	0.413505
10	0	4	1	0.247870
10	0	4	2	0.289292
10	0	5	1	0.494484
10	0	5	2	1.032048
14	0	1	1	0.471770
14	0	1	2	0.952865
14	0	2	1	0.246353
14	0	2	2	0.289331
14	0	3	1	0.314502
14	0	3	2	0.386980
14	0	4	1	0.293733
14	0	4	2	0.394518
14	0	5	1	0.486811
14	0	5	2	1.005161
13	0	1	1	0.366437
13	0	1	2	0.605446
13	0	2	1	0.246504
13	0	2	2	0.287741
13	0	3	1	0.257483
13	0	3	2	0.312044
13	0	4	1	0.310446
13	0	4	2	0.439877
13	0	5	1	0.576712
13	0	5	2	1.327989
11	0	1	1	0.510132
11	0	1	2	1.087298
11	0	2	1	0.310446
11	0	2	2	0.439877
11	0	3	1	0.295088
11	0	3	2	0.364835
11	0	4	1	0.246870
11	0	4	2	0.290921
11	0	5	1	0.402749
11	0	5	2	0.720940
1	0	1	1	0.494484
1	0	1	2	1.032048
1	0	2	1	0.255055
1	0	2	2	0.302151
1	0	3	1	0.269185
1	0	3	2	0.330552
1	0	4	1	0.246353
1	0	4	2	0.289331
1	0	5	1	0.568043
1	0	5	2	1.296180
6	0	1	1	0.366437
6	0	1	2	0.605446
6	0	2	1	0.251580
6	0	2	2	0.295478
6	0	3	1	0.356456
6	0	3	2	0.428864
6	0	4	1	0.255055
6	0	4	2	0.302151
6	0	5	1	0.551002
6	0	5	2	1.234039
2	0	1	1	0.471770
2	0	1	2	0.952865
2	0	2	1	0.266846
2	0	2	2	0.327669
2	0	3	1	0.254672
2	0	3	2	0.307099
2	0	4	1	0.253223
2	0	4	2	0.298561
2	0	5	1	0.526181
2	0	5	2	1.144518
12	0	1	1	0.415716
12	0	1	2	0.763383
12	0	2	1	0.264155
12	0	2	2	0.321560
12	0	3	1	0.280358
12	0	3	2	0.346196
12	0	4	1	0.297717
12	0	4	2	0.405114
12	0	5	1	0.576712
12	0	5	2	1.327989
8	0	1	1	0.457136
8	0	1	2	0.902539
8	0	2	1	0.301833
8	0	2	2	0.416205
8	0	3	1	0.287219
8	0	3	2	0.355115
8	0	4	1	0.310446
8	0	4	2	0.439877
8	0	5	1	0.518107
8	0	5	2	1.115662
;
