param:	TIME:	Ts	Te:=
1	0   108
2	108   216
3	216   324
4	324   432
5	432   540
;
param:	NODE:	r	st	WS	WE:=
0	0	0	0	540
1	1149	13	85	416
2	426	5	32	340
3	405	4	70	382
4	1038	12	52	365
5	1371	15	63	381
6	1179	13	29	345
7	2082	23	63	404
8	855	9	73	408
9	1221	14	46	388
10	645	7	67	394
11	1884	21	74	409
12	2349	26	48	403
13	1584	18	70	416
14	1407	16	89	435
15	1089	12	12	340
;
param: VEHICLE:	Ch	Lh	Ph	ch:=
1	10000	150	2.2384e-005	2.66374
2	15000	200	1.79961e-005	2.66374
3	10000	150	2.2384e-005	2.66374
4	15000	200	1.79961e-005	2.66374
;
param q_real:=3;
param	nth:=14;
param	nth1:=15;
param:	ARC:	D:=
1	14	43.439999
1	3	72.541000
1	13	77.230003
1	12	83.320000
1	5	92.980003
1	15	111.309998
1	9	124.830002
1	6	135.330002
1	7	136.960007
1	4	138.421997
1	11	140.822006
1	10	141.701996
1	2	152.630005
1	8	155.710007
2	8	6.220000
2	15	59.619999
2	7	60.470001
2	9	61.590000
2	10	92.949997
2	4	98.419998
2	11	101.989998
2	5	103.360001
2	6	104.790001
2	14	109.129997
2	12	118.070999
2	13	122.260002
2	1	152.449997
2	3	158.979996
3	13	40.259998
3	1	72.322998
3	14	87.769997
3	6	92.330002
3	9	109.320000
3	12	142.891998
3	15	149.440002
3	5	149.712006
3	2	158.660004
3	8	162.619995
3	4	185.955002
3	11	188.354996
3	10	189.235001
3	7	189.723999
4	11	5.540000
4	10	9.320000
4	7	39.590000
4	5	44.130001
4	15	48.750000
4	12	62.869999
4	2	99.169998
4	14	99.813004
4	8	100.370003
4	9	130.369995
4	1	138.662003
4	13	158.322006
4	6	172.139999
4	3	185.783997
5	12	21.180000
5	11	43.959999
5	4	44.009998
5	15	45.389999
5	10	51.639999
5	7	58.830002
5	14	61.189999
5	1	92.940002
5	2	103.570000
5	8	104.769997
5	9	114.610001
5	13	127.820000
5	6	148.789993
5	3	151.121002
6	9	48.680000
6	13	60.080002
6	3	92.599998
6	2	105.220001
6	8	109.180000
6	14	117.750000
6	15	122.610001
6	1	135.300003
6	7	140.100006
6	5	149.160004
6	12	158.740005
6	10	164.251007
6	4	169.610001
6	11	173.291000
7	15	26.200001
7	10	33.990002
7	4	39.459999
7	11	43.029999
7	5	58.639999
7	2	60.720001
7	8	61.919998
7	12	77.750000
7	9	96.370003
7	14	99.880997
7	1	137.360001
7	13	138.169998
7	6	139.570007
7	3	189.403000
8	2	5.940000
8	15	61.000000
8	7	61.849998
8	9	65.480003
8	10	94.330002
8	4	99.800003
8	11	103.370003
8	5	104.739998
8	6	108.680000
8	14	111.610001
8	12	119.841003
8	13	126.150002
8	1	154.929993
8	3	162.869995
9	6	48.779999
9	2	61.880001
9	8	65.839996
9	13	70.519997
9	15	83.019997
9	14	89.930000
9	7	96.760002
9	3	109.110001
9	5	115.059998
9	12	124.500000
9	10	124.921997
9	1	124.980003
9	4	130.281006
9	11	133.962006
10	4	9.300000
10	11	10.730000
10	7	33.980000
10	15	43.509998
10	5	51.470001
10	12	70.209999
10	2	93.559998
10	8	94.760002
10	14	102.932999
10	9	125.129997
10	1	141.781998
10	13	157.740005
10	6	166.889999
10	3	188.904007
11	4	5.560000
11	10	10.620000
11	7	42.869999
11	5	44.070000
11	15	52.400002
11	12	62.331001
11	14	102.282997
11	2	102.449997
11	8	103.650002
11	9	134.020004
11	1	141.132004
11	13	160.792007
11	6	175.671005
11	3	188.253998
12	5	21.230000
12	14	57.669998
12	11	62.200001
12	4	62.720001
12	15	64.820000
12	10	70.349998
12	7	78.010002
12	1	83.300003
12	2	118.900002
12	8	120.470001
12	9	124.849998
12	13	126.480003
12	3	144.751007
12	6	159.149994
13	3	39.849998
13	6	60.080002
13	9	69.660004
13	14	70.660004
13	1	77.269997
13	15	112.940002
13	2	122.160004
13	8	126.120003
13	12	126.589996
13	5	127.800003
13	7	138.250000
13	10	157.490997
13	4	159.369995
13	11	161.770004
14	1	43.389999
14	12	58.000000
14	5	61.369999
14	13	70.699997
14	15	73.861000
14	3	87.769997
14	9	90.269997
14	7	99.511002
14	4	100.142998
14	11	102.542999
14	10	103.422997
14	2	109.260002
14	8	112.339996
14	6	117.980003
15	7	27.030001
15	10	44.150002
15	5	45.139999
15	4	49.169998
15	11	52.919998
15	2	58.810001
15	8	60.009998
15	12	64.529999
15	14	74.170998
15	9	82.900002
15	1	111.650002
15	13	113.010002
15	6	122.669998
15	3	149.729996
0	9	44.639999
0	14	47.060001
0	15	51.759998
0	13	61.770000
0	2	68.199997
0	8	72.160004
0	5	75.370003
0	7	77.080002
0	6	78.820000
0	12	81.970001
0	1	87.019997
0	10	96.310997
0	3	97.400002
0	4	98.981003
0	11	99.850998
9	0	44.380001
14	0	47.070000
15	0	53.220001
13	0	61.820000
2	0	69.349998
8	0	73.239998
5	0	76.360001
7	0	78.379997
6	0	78.480003
12	0	82.209999
1	0	86.919998
10	0	96.779999
3	0	97.760002
4	0	101.180000
11	0	103.650002
;
param:	v:=
1	14	1	71
1	14	2	59
1	14	3	27
1	14	4	35
1	14	5	92
1	3	1	97
1	3	2	39
1	3	3	20
1	3	4	30
1	3	5	79
1	13	1	82
1	13	2	34
1	13	3	25
1	13	4	52
1	13	5	94
1	12	1	78
1	12	2	59
1	12	3	22
1	12	4	37
1	12	5	86
1	5	1	87
1	5	2	48
1	5	3	22
1	5	4	53
1	5	5	72
1	15	1	84
1	15	2	54
1	15	3	22
1	15	4	57
1	15	5	98
1	9	1	99
1	9	2	48
1	9	3	17
1	9	4	40
1	9	5	91
1	6	1	80
1	6	2	41
1	6	3	23
1	6	4	44
1	6	5	100
1	7	1	90
1	7	2	32
1	7	3	17
1	7	4	56
1	7	5	81
1	4	1	95
1	4	2	41
1	4	3	17
1	4	4	38
1	4	5	93
1	11	1	87
1	11	2	43
1	11	3	30
1	11	4	60
1	11	5	83
1	10	1	72
1	10	2	51
1	10	3	27
1	10	4	31
1	10	5	71
1	2	1	82
1	2	2	39
1	2	3	18
1	2	4	39
1	2	5	93
1	8	1	74
1	8	2	37
1	8	3	19
1	8	4	50
1	8	5	70
2	8	1	73
2	8	2	31
2	8	3	13
2	8	4	60
2	8	5	80
2	15	1	80
2	15	2	60
2	15	3	28
2	15	4	47
2	15	5	88
2	7	1	89
2	7	2	54
2	7	3	16
2	7	4	52
2	7	5	77
2	9	1	70
2	9	2	36
2	9	3	21
2	9	4	59
2	9	5	82
2	10	1	91
2	10	2	53
2	10	3	11
2	10	4	31
2	10	5	87
2	4	1	85
2	4	2	44
2	4	3	15
2	4	4	31
2	4	5	100
2	11	1	82
2	11	2	43
2	11	3	20
2	11	4	33
2	11	5	92
2	5	1	97
2	5	2	60
2	5	3	20
2	5	4	43
2	5	5	99
2	6	1	84
2	6	2	54
2	6	3	16
2	6	4	33
2	6	5	81
2	14	1	88
2	14	2	55
2	14	3	16
2	14	4	38
2	14	5	71
2	12	1	81
2	12	2	30
2	12	3	28
2	12	4	48
2	12	5	90
2	13	1	71
2	13	2	40
2	13	3	25
2	13	4	46
2	13	5	81
2	1	1	77
2	1	2	32
2	1	3	19
2	1	4	57
2	1	5	91
2	3	1	92
2	3	2	46
2	3	3	11
2	3	4	48
2	3	5	88
3	13	1	94
3	13	2	59
3	13	3	21
3	13	4	31
3	13	5	95
3	1	1	70
3	1	2	41
3	1	3	17
3	1	4	60
3	1	5	78
3	14	1	76
3	14	2	54
3	14	3	18
3	14	4	48
3	14	5	96
3	6	1	81
3	6	2	35
3	6	3	21
3	6	4	41
3	6	5	93
3	9	1	79
3	9	2	46
3	9	3	18
3	9	4	41
3	9	5	82
3	12	1	74
3	12	2	43
3	12	3	30
3	12	4	56
3	12	5	97
3	15	1	78
3	15	2	47
3	15	3	26
3	15	4	36
3	15	5	74
3	5	1	97
3	5	2	57
3	5	3	29
3	5	4	51
3	5	5	87
3	2	1	85
3	2	2	37
3	2	3	23
3	2	4	51
3	2	5	93
3	8	1	99
3	8	2	30
3	8	3	15
3	8	4	37
3	8	5	83
3	4	1	84
3	4	2	50
3	4	3	15
3	4	4	51
3	4	5	70
3	11	1	87
3	11	2	36
3	11	3	10
3	11	4	55
3	11	5	71
3	10	1	93
3	10	2	56
3	10	3	14
3	10	4	38
3	10	5	73
3	7	1	79
3	7	2	43
3	7	3	23
3	7	4	48
3	7	5	88
4	11	1	95
4	11	2	46
4	11	3	18
4	11	4	47
4	11	5	92
4	10	1	71
4	10	2	45
4	10	3	16
4	10	4	57
4	10	5	79
4	7	1	100
4	7	2	32
4	7	3	22
4	7	4	40
4	7	5	73
4	5	1	94
4	5	2	34
4	5	3	25
4	5	4	33
4	5	5	99
4	15	1	71
4	15	2	51
4	15	3	30
4	15	4	31
4	15	5	74
4	12	1	78
4	12	2	45
4	12	3	11
4	12	4	60
4	12	5	96
4	2	1	79
4	2	2	55
4	2	3	25
4	2	4	37
4	2	5	80
4	14	1	77
4	14	2	55
4	14	3	30
4	14	4	36
4	14	5	75
4	8	1	94
4	8	2	39
4	8	3	12
4	8	4	46
4	8	5	95
4	9	1	91
4	9	2	39
4	9	3	22
4	9	4	50
4	9	5	88
4	1	1	77
4	1	2	50
4	1	3	14
4	1	4	58
4	1	5	78
4	13	1	94
4	13	2	54
4	13	3	12
4	13	4	49
4	13	5	97
4	6	1	96
4	6	2	59
4	6	3	11
4	6	4	33
4	6	5	88
4	3	1	83
4	3	2	49
4	3	3	27
4	3	4	32
4	3	5	97
5	12	1	80
5	12	2	42
5	12	3	25
5	12	4	30
5	12	5	91
5	11	1	73
5	11	2	57
5	11	3	14
5	11	4	58
5	11	5	77
5	4	1	76
5	4	2	41
5	4	3	10
5	4	4	51
5	4	5	100
5	15	1	76
5	15	2	59
5	15	3	23
5	15	4	49
5	15	5	72
5	10	1	76
5	10	2	60
5	10	3	29
5	10	4	49
5	10	5	93
5	7	1	92
5	7	2	47
5	7	3	26
5	7	4	36
5	7	5	70
5	14	1	74
5	14	2	38
5	14	3	30
5	14	4	50
5	14	5	91
5	1	1	91
5	1	2	41
5	1	3	10
5	1	4	34
5	1	5	74
5	2	1	92
5	2	2	37
5	2	3	12
5	2	4	30
5	2	5	96
5	8	1	76
5	8	2	44
5	8	3	10
5	8	4	43
5	8	5	90
5	9	1	98
5	9	2	47
5	9	3	13
5	9	4	34
5	9	5	83
5	13	1	84
5	13	2	38
5	13	3	27
5	13	4	47
5	13	5	85
5	6	1	72
5	6	2	46
5	6	3	14
5	6	4	34
5	6	5	72
5	3	1	82
5	3	2	39
5	3	3	27
5	3	4	33
5	3	5	87
6	9	1	100
6	9	2	49
6	9	3	16
6	9	4	49
6	9	5	74
6	13	1	97
6	13	2	47
6	13	3	28
6	13	4	42
6	13	5	74
6	3	1	80
6	3	2	52
6	3	3	10
6	3	4	51
6	3	5	74
6	2	1	80
6	2	2	52
6	2	3	21
6	2	4	35
6	2	5	79
6	8	1	80
6	8	2	51
6	8	3	20
6	8	4	47
6	8	5	77
6	14	1	95
6	14	2	54
6	14	3	23
6	14	4	32
6	14	5	75
6	15	1	89
6	15	2	42
6	15	3	14
6	15	4	31
6	15	5	86
6	1	1	88
6	1	2	46
6	1	3	12
6	1	4	42
6	1	5	75
6	7	1	95
6	7	2	47
6	7	3	23
6	7	4	57
6	7	5	86
6	5	1	99
6	5	2	44
6	5	3	23
6	5	4	36
6	5	5	88
6	12	1	83
6	12	2	36
6	12	3	27
6	12	4	30
6	12	5	100
6	10	1	98
6	10	2	44
6	10	3	28
6	10	4	38
6	10	5	78
6	4	1	73
6	4	2	36
6	4	3	22
6	4	4	53
6	4	5	97
6	11	1	83
6	11	2	53
6	11	3	14
6	11	4	59
6	11	5	88
7	15	1	80
7	15	2	52
7	15	3	10
7	15	4	31
7	15	5	97
7	10	1	79
7	10	2	51
7	10	3	23
7	10	4	59
7	10	5	77
7	4	1	77
7	4	2	55
7	4	3	27
7	4	4	60
7	4	5	89
7	11	1	85
7	11	2	58
7	11	3	19
7	11	4	53
7	11	5	96
7	5	1	95
7	5	2	58
7	5	3	29
7	5	4	37
7	5	5	79
7	2	1	79
7	2	2	51
7	2	3	13
7	2	4	55
7	2	5	97
7	8	1	96
7	8	2	40
7	8	3	11
7	8	4	44
7	8	5	89
7	12	1	85
7	12	2	45
7	12	3	17
7	12	4	51
7	12	5	70
7	9	1	82
7	9	2	37
7	9	3	18
7	9	4	53
7	9	5	82
7	14	1	97
7	14	2	34
7	14	3	17
7	14	4	30
7	14	5	85
7	1	1	100
7	1	2	48
7	1	3	19
7	1	4	59
7	1	5	74
7	13	1	76
7	13	2	34
7	13	3	14
7	13	4	46
7	13	5	100
7	6	1	71
7	6	2	43
7	6	3	18
7	6	4	31
7	6	5	70
7	3	1	98
7	3	2	55
7	3	3	23
7	3	4	58
7	3	5	70
8	2	1	93
8	2	2	58
8	2	3	21
8	2	4	55
8	2	5	79
8	15	1	85
8	15	2	47
8	15	3	14
8	15	4	55
8	15	5	72
8	7	1	72
8	7	2	30
8	7	3	25
8	7	4	60
8	7	5	89
8	9	1	81
8	9	2	42
8	9	3	13
8	9	4	31
8	9	5	78
8	10	1	83
8	10	2	43
8	10	3	18
8	10	4	32
8	10	5	81
8	4	1	72
8	4	2	36
8	4	3	17
8	4	4	52
8	4	5	99
8	11	1	96
8	11	2	53
8	11	3	18
8	11	4	49
8	11	5	71
8	5	1	85
8	5	2	56
8	5	3	26
8	5	4	44
8	5	5	99
8	6	1	78
8	6	2	58
8	6	3	18
8	6	4	56
8	6	5	78
8	14	1	71
8	14	2	36
8	14	3	30
8	14	4	34
8	14	5	83
8	12	1	99
8	12	2	35
8	12	3	11
8	12	4	39
8	12	5	79
8	13	1	82
8	13	2	52
8	13	3	25
8	13	4	37
8	13	5	94
8	1	1	83
8	1	2	50
8	1	3	26
8	1	4	47
8	1	5	75
8	3	1	96
8	3	2	59
8	3	3	22
8	3	4	38
8	3	5	77
9	6	1	100
9	6	2	36
9	6	3	27
9	6	4	57
9	6	5	76
9	2	1	71
9	2	2	57
9	2	3	21
9	2	4	34
9	2	5	98
9	8	1	71
9	8	2	50
9	8	3	21
9	8	4	55
9	8	5	94
9	13	1	75
9	13	2	42
9	13	3	13
9	13	4	57
9	13	5	91
9	15	1	100
9	15	2	40
9	15	3	17
9	15	4	50
9	15	5	85
9	14	1	87
9	14	2	44
9	14	3	30
9	14	4	46
9	14	5	75
9	7	1	73
9	7	2	59
9	7	3	26
9	7	4	32
9	7	5	87
9	3	1	93
9	3	2	46
9	3	3	10
9	3	4	30
9	3	5	84
9	5	1	72
9	5	2	45
9	5	3	22
9	5	4	48
9	5	5	80
9	12	1	92
9	12	2	56
9	12	3	26
9	12	4	36
9	12	5	96
9	10	1	78
9	10	2	57
9	10	3	27
9	10	4	31
9	10	5	95
9	1	1	79
9	1	2	40
9	1	3	26
9	1	4	43
9	1	5	87
9	4	1	72
9	4	2	54
9	4	3	28
9	4	4	52
9	4	5	80
9	11	1	97
9	11	2	48
9	11	3	14
9	11	4	40
9	11	5	95
10	4	1	76
10	4	2	33
10	4	3	21
10	4	4	33
10	4	5	89
10	11	1	98
10	11	2	48
10	11	3	27
10	11	4	37
10	11	5	85
10	7	1	94
10	7	2	31
10	7	3	22
10	7	4	57
10	7	5	98
10	15	1	86
10	15	2	47
10	15	3	17
10	15	4	33
10	15	5	86
10	5	1	87
10	5	2	44
10	5	3	14
10	5	4	59
10	5	5	74
10	12	1	82
10	12	2	49
10	12	3	24
10	12	4	35
10	12	5	88
10	2	1	93
10	2	2	34
10	2	3	23
10	2	4	40
10	2	5	77
10	8	1	85
10	8	2	34
10	8	3	26
10	8	4	57
10	8	5	91
10	14	1	70
10	14	2	39
10	14	3	19
10	14	4	49
10	14	5	70
10	9	1	87
10	9	2	36
10	9	3	24
10	9	4	58
10	9	5	70
10	1	1	86
10	1	2	31
10	1	3	23
10	1	4	43
10	1	5	99
10	13	1	95
10	13	2	37
10	13	3	25
10	13	4	47
10	13	5	87
10	6	1	83
10	6	2	46
10	6	3	26
10	6	4	58
10	6	5	97
10	3	1	100
10	3	2	60
10	3	3	19
10	3	4	43
10	3	5	82
11	4	1	97
11	4	2	60
11	4	3	12
11	4	4	53
11	4	5	89
11	10	1	94
11	10	2	48
11	10	3	28
11	10	4	56
11	10	5	76
11	7	1	88
11	7	2	40
11	7	3	18
11	7	4	58
11	7	5	73
11	5	1	85
11	5	2	45
11	5	3	30
11	5	4	51
11	5	5	95
11	15	1	73
11	15	2	55
11	15	3	12
11	15	4	35
11	15	5	80
11	12	1	92
11	12	2	36
11	12	3	20
11	12	4	55
11	12	5	75
11	14	1	92
11	14	2	43
11	14	3	13
11	14	4	38
11	14	5	86
11	2	1	79
11	2	2	30
11	2	3	27
11	2	4	53
11	2	5	99
11	8	1	74
11	8	2	60
11	8	3	22
11	8	4	48
11	8	5	76
11	9	1	93
11	9	2	33
11	9	3	20
11	9	4	51
11	9	5	89
11	1	1	90
11	1	2	59
11	1	3	25
11	1	4	41
11	1	5	72
11	13	1	94
11	13	2	56
11	13	3	23
11	13	4	59
11	13	5	88
11	6	1	95
11	6	2	49
11	6	3	23
11	6	4	59
11	6	5	92
11	3	1	73
11	3	2	59
11	3	3	12
11	3	4	45
11	3	5	78
12	5	1	72
12	5	2	46
12	5	3	15
12	5	4	56
12	5	5	77
12	14	1	78
12	14	2	42
12	14	3	15
12	14	4	37
12	14	5	99
12	11	1	93
12	11	2	39
12	11	3	29
12	11	4	31
12	11	5	90
12	4	1	98
12	4	2	58
12	4	3	25
12	4	4	43
12	4	5	89
12	15	1	74
12	15	2	41
12	15	3	27
12	15	4	43
12	15	5	70
12	10	1	72
12	10	2	32
12	10	3	15
12	10	4	46
12	10	5	83
12	7	1	78
12	7	2	55
12	7	3	15
12	7	4	52
12	7	5	78
12	1	1	73
12	1	2	54
12	1	3	11
12	1	4	36
12	1	5	82
12	2	1	71
12	2	2	50
12	2	3	11
12	2	4	53
12	2	5	74
12	8	1	86
12	8	2	44
12	8	3	24
12	8	4	46
12	8	5	74
12	9	1	88
12	9	2	46
12	9	3	14
12	9	4	33
12	9	5	100
12	13	1	94
12	13	2	39
12	13	3	17
12	13	4	49
12	13	5	99
12	3	1	94
12	3	2	60
12	3	3	21
12	3	4	46
12	3	5	87
12	6	1	99
12	6	2	58
12	6	3	16
12	6	4	43
12	6	5	96
13	3	1	100
13	3	2	30
13	3	3	20
13	3	4	57
13	3	5	97
13	6	1	97
13	6	2	43
13	6	3	10
13	6	4	47
13	6	5	92
13	9	1	80
13	9	2	60
13	9	3	14
13	9	4	50
13	9	5	78
13	14	1	86
13	14	2	49
13	14	3	19
13	14	4	36
13	14	5	90
13	1	1	77
13	1	2	42
13	1	3	29
13	1	4	37
13	1	5	76
13	15	1	87
13	15	2	60
13	15	3	12
13	15	4	45
13	15	5	79
13	2	1	75
13	2	2	57
13	2	3	16
13	2	4	45
13	2	5	79
13	8	1	86
13	8	2	38
13	8	3	17
13	8	4	56
13	8	5	76
13	12	1	80
13	12	2	36
13	12	3	25
13	12	4	45
13	12	5	77
13	5	1	77
13	5	2	56
13	5	3	20
13	5	4	41
13	5	5	81
13	7	1	83
13	7	2	30
13	7	3	29
13	7	4	39
13	7	5	90
13	10	1	76
13	10	2	58
13	10	3	11
13	10	4	41
13	10	5	100
13	4	1	97
13	4	2	49
13	4	3	11
13	4	4	58
13	4	5	73
13	11	1	100
13	11	2	33
13	11	3	12
13	11	4	39
13	11	5	96
14	1	1	84
14	1	2	56
14	1	3	20
14	1	4	41
14	1	5	90
14	12	1	71
14	12	2	31
14	12	3	17
14	12	4	51
14	12	5	99
14	5	1	85
14	5	2	54
14	5	3	16
14	5	4	54
14	5	5	87
14	13	1	85
14	13	2	30
14	13	3	22
14	13	4	35
14	13	5	87
14	15	1	78
14	15	2	31
14	15	3	21
14	15	4	58
14	15	5	92
14	3	1	85
14	3	2	58
14	3	3	17
14	3	4	43
14	3	5	75
14	9	1	85
14	9	2	45
14	9	3	17
14	9	4	32
14	9	5	84
14	7	1	90
14	7	2	44
14	7	3	26
14	7	4	40
14	7	5	86
14	4	1	98
14	4	2	34
14	4	3	18
14	4	4	34
14	4	5	82
14	11	1	87
14	11	2	49
14	11	3	29
14	11	4	48
14	11	5	98
14	10	1	98
14	10	2	50
14	10	3	21
14	10	4	40
14	10	5	87
14	2	1	73
14	2	2	47
14	2	3	19
14	2	4	33
14	2	5	84
14	8	1	95
14	8	2	33
14	8	3	23
14	8	4	45
14	8	5	77
14	6	1	78
14	6	2	34
14	6	3	20
14	6	4	35
14	6	5	75
15	7	1	96
15	7	2	60
15	7	3	20
15	7	4	54
15	7	5	100
15	10	1	81
15	10	2	54
15	10	3	15
15	10	4	60
15	10	5	84
15	5	1	92
15	5	2	36
15	5	3	22
15	5	4	43
15	5	5	81
15	4	1	88
15	4	2	43
15	4	3	20
15	4	4	37
15	4	5	89
15	11	1	87
15	11	2	60
15	11	3	28
15	11	4	50
15	11	5	88
15	2	1	99
15	2	2	52
15	2	3	30
15	2	4	36
15	2	5	84
15	8	1	100
15	8	2	54
15	8	3	26
15	8	4	60
15	8	5	74
15	12	1	100
15	12	2	59
15	12	3	27
15	12	4	60
15	12	5	90
15	14	1	79
15	14	2	59
15	14	3	13
15	14	4	57
15	14	5	100
15	9	1	98
15	9	2	35
15	9	3	29
15	9	4	56
15	9	5	70
15	1	1	81
15	1	2	58
15	1	3	21
15	1	4	58
15	1	5	84
15	13	1	87
15	13	2	54
15	13	3	19
15	13	4	45
15	13	5	93
15	6	1	90
15	6	2	60
15	6	3	11
15	6	4	44
15	6	5	89
15	3	1	79
15	3	2	33
15	3	3	10
15	3	4	37
15	3	5	100
0	9	1	100
0	9	2	47
0	9	3	19
0	9	4	57
0	9	5	87
0	14	1	95
0	14	2	58
0	14	3	19
0	14	4	37
0	14	5	80
0	15	1	83
0	15	2	45
0	15	3	14
0	15	4	43
0	15	5	87
0	13	1	78
0	13	2	40
0	13	3	11
0	13	4	44
0	13	5	75
0	2	1	87
0	2	2	30
0	2	3	13
0	2	4	53
0	2	5	78
0	8	1	86
0	8	2	51
0	8	3	25
0	8	4	48
0	8	5	71
0	5	1	71
0	5	2	45
0	5	3	18
0	5	4	50
0	5	5	100
0	7	1	94
0	7	2	39
0	7	3	27
0	7	4	49
0	7	5	97
0	6	1	74
0	6	2	60
0	6	3	26
0	6	4	30
0	6	5	99
0	12	1	91
0	12	2	42
0	12	3	23
0	12	4	50
0	12	5	100
0	1	1	70
0	1	2	42
0	1	3	19
0	1	4	55
0	1	5	99
0	10	1	97
0	10	2	59
0	10	3	10
0	10	4	44
0	10	5	87
0	3	1	94
0	3	2	47
0	3	3	28
0	3	4	37
0	3	5	76
0	4	1	97
0	4	2	57
0	4	3	17
0	4	4	41
0	4	5	97
0	11	1	76
0	11	2	49
0	11	3	16
0	11	4	44
0	11	5	82
9	0	1	79
9	0	2	53
9	0	3	19
9	0	4	51
9	0	5	93
14	0	1	91
14	0	2	44
14	0	3	28
14	0	4	30
14	0	5	99
15	0	1	98
15	0	2	45
15	0	3	13
15	0	4	50
15	0	5	91
13	0	1	78
13	0	2	48
13	0	3	30
13	0	4	44
13	0	5	70
2	0	1	95
2	0	2	46
2	0	3	12
2	0	4	36
2	0	5	90
8	0	1	72
8	0	2	48
8	0	3	27
8	0	4	57
8	0	5	88
5	0	1	85
5	0	2	33
5	0	3	25
5	0	4	31
5	0	5	95
7	0	1	78
7	0	2	37
7	0	3	23
7	0	4	35
7	0	5	97
6	0	1	98
6	0	2	31
6	0	3	28
6	0	4	51
6	0	5	81
12	0	1	87
12	0	2	49
12	0	3	25
12	0	4	39
12	0	5	71
1	0	1	83
1	0	2	38
1	0	3	17
1	0	4	47
1	0	5	83
10	0	1	70
10	0	2	44
10	0	3	19
10	0	4	51
10	0	5	89
3	0	1	84
3	0	2	31
3	0	3	26
3	0	4	43
3	0	5	72
4	0	1	83
4	0	2	32
4	0	3	14
4	0	4	47
4	0	5	99
11	0	1	96
11	0	2	49
11	0	3	18
11	0	4	44
11	0	5	80
;
param:	g:=
1	14	1	1	0.366437
1	14	1	2	0.605446
1	14	2	1	0.306076
1	14	2	2	0.427793
1	14	3	1	0.254672
1	14	3	2	0.307099
1	14	4	1	0.246187
1	14	4	2	0.287745
1	14	5	1	0.510132
1	14	5	2	1.087298
1	3	1	1	0.551002
1	3	1	2	1.234039
1	3	2	1	0.248895
1	3	2	2	0.290842
1	3	3	1	0.287219
1	3	3	2	0.355115
1	3	4	1	0.248870
1	3	4	2	0.295725
1	3	5	1	0.415716
1	3	5	2	0.763383
1	13	1	1	0.435957
1	13	1	2	0.830744
1	13	2	1	0.246131
1	13	2	2	0.288274
1	13	3	1	0.260803
1	13	3	2	0.317588
1	13	4	1	0.279143
1	13	4	2	0.357106
1	13	5	1	0.526181
1	13	5	2	1.144518
1	12	1	1	0.409180
1	12	1	2	0.741915
1	12	2	1	0.306076
1	12	2	2	0.427793
1	12	3	1	0.274382
1	12	3	2	0.338023
1	12	4	1	0.247069
1	12	4	2	0.288257
1	12	5	1	0.464402
1	12	5	2	0.927456
1	5	1	1	0.471770
1	5	1	2	0.952865
1	5	2	1	0.266846
1	5	2	2	0.327669
1	5	3	1	0.274382
1	5	3	2	0.338023
1	5	4	1	0.282583
1	5	4	2	0.365713
1	5	5	1	0.372215
1	5	5	2	0.623462
1	15	1	1	0.449973
1	15	1	2	0.878115
1	15	2	1	0.286163
1	15	2	2	0.374817
1	15	3	1	0.274382
1	15	3	2	0.338023
1	15	4	1	0.297717
1	15	4	2	0.405114
1	15	5	1	0.559473
1	15	5	2	1.264864
1	9	1	1	0.568043
1	9	1	2	1.296180
1	9	2	1	0.266846
1	9	2	2	0.327669
1	9	3	1	0.314502
1	9	3	2	0.386980
1	9	4	1	0.250135
1	9	4	2	0.292905
1	9	5	1	0.502258
1	9	5	2	1.059427
1	6	1	1	0.422358
1	6	1	2	0.785344
1	6	2	1	0.251580
1	6	2	2	0.295478
1	6	3	1	0.269185
1	6	3	2	0.330552
1	6	4	1	0.257070
1	6	4	2	0.306247
1	6	5	1	0.576712
1	6	5	2	1.327989
1	7	1	1	0.494484
1	7	1	2	1.032048
1	7	2	1	0.246870
1	7	2	2	0.290921
1	7	3	1	0.314502
1	7	3	2	0.386980
1	7	4	1	0.293733
1	7	4	2	0.394518
1	7	5	1	0.429105
1	7	5	2	0.807797
1	4	1	1	0.534355
1	4	1	2	1.173866
1	4	2	1	0.251580
1	4	2	2	0.295478
1	4	3	1	0.314502
1	4	3	2	0.386980
1	4	4	1	0.247870
1	4	4	2	0.289292
1	4	5	1	0.518107
1	4	5	2	1.115662
1	11	1	1	0.471770
1	11	1	2	0.952865
1	11	2	1	0.255055
1	11	2	2	0.302151
1	11	3	1	0.248870
1	11	3	2	0.295725
1	11	4	1	0.310446
1	11	4	2	0.439877
1	11	5	1	0.442913
1	11	5	2	0.854183
1	10	1	1	0.372215
1	10	1	2	0.623462
1	10	2	1	0.275847
1	10	2	2	0.348998
1	10	3	1	0.254672
1	10	3	2	0.307099
1	10	4	1	0.247702
1	10	4	2	0.293050
1	10	5	1	0.366437
1	10	5	2	0.605446
1	2	1	1	0.435957
1	2	1	2	0.830744
1	2	2	1	0.248895
1	2	2	2	0.290842
1	2	3	1	0.304119
1	2	3	2	0.375426
1	2	4	1	0.248895
1	2	4	2	0.290842
1	2	5	1	0.518107
1	2	5	2	1.115662
1	8	1	1	0.384103
1	8	1	2	0.660973
1	8	2	1	0.247069
1	8	2	2	0.288257
1	8	3	1	0.295088
1	8	3	2	0.364835
1	8	4	1	0.272696
1	8	4	2	0.341388
1	8	5	1	0.360770
1	8	5	2	0.587924
2	8	1	1	0.378104
2	8	1	2	0.641971
2	8	2	1	0.247702
2	8	2	2	0.293050
2	8	3	1	0.375359
2	8	3	2	0.446007
2	8	4	1	0.310446
2	8	4	2	0.439877
2	8	5	1	0.422358
2	8	5	2	0.785344
2	15	1	1	0.422358
2	15	1	2	0.785344
2	15	2	1	0.310446
2	15	2	2	0.439877
2	15	3	1	0.252324
2	15	3	2	0.302739
2	15	4	1	0.264155
2	15	4	2	0.321560
2	15	5	1	0.479240
2	15	5	2	0.978767
2	7	1	1	0.486811
2	7	1	2	1.005161
2	7	2	1	0.286163
2	7	2	2	0.374817
2	7	3	1	0.326472
2	7	3	2	0.399619
2	7	4	1	0.279143
2	7	4	2	0.357106
2	7	5	1	0.402749
2	7	5	2	0.720940
2	9	1	1	0.360770
2	9	1	2	0.587924
2	9	2	1	0.246504
2	9	2	2	0.287741
2	9	3	1	0.280358
2	9	3	2	0.346196
2	9	4	1	0.306076
2	9	4	2	0.427793
2	9	5	1	0.435957
2	9	5	2	0.830744
2	10	1	1	0.502258
2	10	1	2	1.059427
2	10	2	1	0.282583
2	10	2	2	0.365713
2	10	3	1	0.424417
2	10	3	2	0.487653
2	10	4	1	0.247702
2	10	4	2	0.293050
2	10	5	1	0.471770
2	10	5	2	0.952865
2	4	1	1	0.457136
2	4	1	2	0.902539
2	4	2	1	0.257070
2	4	2	2	0.306247
2	4	3	1	0.340328
2	4	3	2	0.413505
2	4	4	1	0.247702
2	4	4	2	0.293050
2	4	5	1	0.576712
2	4	5	2	1.327989
2	11	1	1	0.435957
2	11	1	2	0.830744
2	11	2	1	0.255055
2	11	2	2	0.302151
2	11	3	1	0.287219
2	11	3	2	0.355115
2	11	4	1	0.246353
2	11	4	2	0.289331
2	11	5	1	0.510132
2	11	5	2	1.087298
2	5	1	1	0.551002
2	5	1	2	1.234039
2	5	2	1	0.310446
2	5	2	2	0.439877
2	5	3	1	0.287219
2	5	3	2	0.355115
2	5	4	1	0.255055
2	5	4	2	0.302151
2	5	5	1	0.568043
2	5	5	2	1.296180
2	6	1	1	0.449973
2	6	1	2	0.878115
2	6	2	1	0.286163
2	6	2	2	0.374817
2	6	3	1	0.326472
2	6	3	2	0.399619
2	6	4	1	0.246353
2	6	4	2	0.289331
2	6	5	1	0.429105
2	6	5	2	0.807797
2	14	1	1	0.479240
2	14	1	2	0.978767
2	14	2	1	0.289880
2	14	2	2	0.384419
2	14	3	1	0.326472
2	14	3	2	0.399619
2	14	4	1	0.247870
2	14	4	2	0.289292
2	14	5	1	0.366437
2	14	5	2	0.605446
2	12	1	1	0.429105
2	12	1	2	0.807797
2	12	2	1	0.248870
2	12	2	2	0.295725
2	12	3	1	0.252324
2	12	3	2	0.302739
2	12	4	1	0.266846
2	12	4	2	0.327669
2	12	5	1	0.494484
2	12	5	2	1.032048
2	13	1	1	0.366437
2	13	1	2	0.605446
2	13	2	1	0.250135
2	13	2	2	0.292905
2	13	3	1	0.260803
2	13	3	2	0.317588
2	13	4	1	0.261626
2	13	4	2	0.315953
2	13	5	1	0.429105
2	13	5	2	0.807797
2	1	1	1	0.402749
2	1	1	2	0.720940
2	1	2	1	0.246870
2	1	2	2	0.290921
2	1	3	1	0.295088
2	1	3	2	0.364835
2	1	4	1	0.297717
2	1	4	2	0.405114
2	1	5	1	0.502258
2	1	5	2	1.059427
2	3	1	1	0.510132
2	3	1	2	1.087298
2	3	2	1	0.261626
2	3	2	2	0.315953
2	3	3	1	0.424417
2	3	3	2	0.487653
2	3	4	1	0.266846
2	3	4	2	0.327669
2	3	5	1	0.479240
2	3	5	2	0.978767
3	13	1	1	0.526181
3	13	1	2	1.144518
3	13	2	1	0.306076
3	13	2	2	0.427793
3	13	3	1	0.280358
3	13	3	2	0.346196
3	13	4	1	0.247702
3	13	4	2	0.293050
3	13	5	1	0.534355
3	13	5	2	1.173866
3	1	1	1	0.360770
3	1	1	2	0.587924
3	1	2	1	0.251580
3	1	2	2	0.295478
3	1	3	1	0.314502
3	1	3	2	0.386980
3	1	4	1	0.310446
3	1	4	2	0.439877
3	1	5	1	0.409180
3	1	5	2	0.741915
3	14	1	1	0.396426
3	14	1	2	0.700458
3	14	2	1	0.286163
3	14	2	2	0.374817
3	14	3	1	0.304119
3	14	3	2	0.375426
3	14	4	1	0.266846
3	14	4	2	0.327669
3	14	5	1	0.542629
3	14	5	2	1.203706
3	6	1	1	0.429105
3	6	1	2	0.807797
3	6	2	1	0.246187
3	6	2	2	0.287745
3	6	3	1	0.280358
3	6	3	2	0.346196
3	6	4	1	0.251580
3	6	4	2	0.295478
3	6	5	1	0.518107
3	6	5	2	1.115662
3	9	1	1	0.415716
3	9	1	2	0.763383
3	9	2	1	0.261626
3	9	2	2	0.315953
3	9	3	1	0.304119
3	9	3	2	0.375426
3	9	4	1	0.251580
3	9	4	2	0.295478
3	9	5	1	0.435957
3	9	5	2	0.830744
3	12	1	1	0.384103
3	12	1	2	0.660973
3	12	2	1	0.255055
3	12	2	2	0.302151
3	12	3	1	0.248870
3	12	3	2	0.295725
3	12	4	1	0.293733
3	12	4	2	0.394518
3	12	5	1	0.551002
3	12	5	2	1.234039
3	15	1	1	0.409180
3	15	1	2	0.741915
3	15	2	1	0.264155
3	15	2	2	0.321560
3	15	3	1	0.257483
3	15	3	2	0.312044
3	15	4	1	0.246504
3	15	4	2	0.287741
3	15	5	1	0.384103
3	15	5	2	0.660973
3	5	1	1	0.551002
3	5	1	2	1.234039
3	5	2	1	0.297717
3	5	2	2	0.405114
3	5	3	1	0.250401
3	5	3	2	0.298951
3	5	4	1	0.275847
3	5	4	2	0.348998
3	5	5	1	0.471770
3	5	5	2	0.952865
3	2	1	1	0.457136
3	2	1	2	0.902539
3	2	2	1	0.247069
3	2	2	2	0.288257
3	2	3	1	0.269185
3	2	3	2	0.330552
3	2	4	1	0.275847
3	2	4	2	0.348998
3	2	5	1	0.518107
3	2	5	2	1.115662
3	8	1	1	0.568043
3	8	1	2	1.296180
3	8	2	1	0.248870
3	8	2	2	0.295725
3	8	3	1	0.340328
3	8	3	2	0.413505
3	8	4	1	0.247069
3	8	4	2	0.288257
3	8	5	1	0.442913
3	8	5	2	0.854183
3	4	1	1	0.449973
3	4	1	2	0.878115
3	4	2	1	0.272696
3	4	2	2	0.341388
3	4	3	1	0.340328
3	4	3	2	0.413505
3	4	4	1	0.275847
3	4	4	2	0.348998
3	4	5	1	0.360770
3	4	5	2	0.587924
3	11	1	1	0.471770
3	11	1	2	0.952865
3	11	2	1	0.246504
3	11	2	2	0.287741
3	11	3	1	0.456768
3	11	3	2	0.513825
3	11	4	1	0.289880
3	11	4	2	0.384419
3	11	5	1	0.366437
3	11	5	2	0.605446
3	10	1	1	0.518107
3	10	1	2	1.115662
3	10	2	1	0.293733
3	10	2	2	0.394518
3	10	3	1	0.356456
3	10	3	2	0.428864
3	10	4	1	0.247870
3	10	4	2	0.289292
3	10	5	1	0.378104
3	10	5	2	0.641971
3	7	1	1	0.415716
3	7	1	2	0.763383
3	7	2	1	0.255055
3	7	2	2	0.302151
3	7	3	1	0.269185
3	7	3	2	0.330552
3	7	4	1	0.266846
3	7	4	2	0.327669
3	7	5	1	0.479240
3	7	5	2	0.978767
4	11	1	1	0.534355
4	11	1	2	1.173866
4	11	2	1	0.261626
4	11	2	2	0.315953
4	11	3	1	0.304119
4	11	3	2	0.375426
4	11	4	1	0.264155
4	11	4	2	0.321560
4	11	5	1	0.510132
4	11	5	2	1.087298
4	10	1	1	0.366437
4	10	1	2	0.605446
4	10	2	1	0.259262
4	10	2	2	0.310848
4	10	3	1	0.326472
4	10	3	2	0.399619
4	10	4	1	0.297717
4	10	4	2	0.405114
4	10	5	1	0.415716
4	10	5	2	0.763383
4	7	1	1	0.576712
4	7	1	2	1.327989
4	7	2	1	0.246870
4	7	2	2	0.290921
4	7	3	1	0.274382
4	7	3	2	0.338023
4	7	4	1	0.250135
4	7	4	2	0.292905
4	7	5	1	0.378104
4	7	5	2	0.641971
4	5	1	1	0.526181
4	5	1	2	1.144518
4	5	2	1	0.246131
4	5	2	2	0.288274
4	5	3	1	0.260803
4	5	3	2	0.317588
4	5	4	1	0.246353
4	5	4	2	0.289331
4	5	5	1	0.568043
4	5	5	2	1.296180
4	15	1	1	0.366437
4	15	1	2	0.605446
4	15	2	1	0.275847
4	15	2	2	0.348998
4	15	3	1	0.248870
4	15	3	2	0.295725
4	15	4	1	0.247702
4	15	4	2	0.293050
4	15	5	1	0.384103
4	15	5	2	0.660973
4	12	1	1	0.409180
4	12	1	2	0.741915
4	12	2	1	0.259262
4	12	2	2	0.310848
4	12	3	1	0.424417
4	12	3	2	0.487653
4	12	4	1	0.310446
4	12	4	2	0.439877
4	12	5	1	0.542629
4	12	5	2	1.203706
4	2	1	1	0.415716
4	2	1	2	0.763383
4	2	2	1	0.289880
4	2	2	2	0.384419
4	2	3	1	0.260803
4	2	3	2	0.317588
4	2	4	1	0.247069
4	2	4	2	0.288257
4	2	5	1	0.422358
4	2	5	2	0.785344
4	14	1	1	0.402749
4	14	1	2	0.720940
4	14	2	1	0.289880
4	14	2	2	0.384419
4	14	3	1	0.248870
4	14	3	2	0.295725
4	14	4	1	0.246504
4	14	4	2	0.287741
4	14	5	1	0.390210
4	14	5	2	0.680469
4	8	1	1	0.526181
4	8	1	2	1.144518
4	8	2	1	0.248895
4	8	2	2	0.290842
4	8	3	1	0.397708
4	8	3	2	0.465383
4	8	4	1	0.261626
4	8	4	2	0.315953
4	8	5	1	0.534355
4	8	5	2	1.173866
4	9	1	1	0.502258
4	9	1	2	1.059427
4	9	2	1	0.248895
4	9	2	2	0.290842
4	9	3	1	0.274382
4	9	3	2	0.338023
4	9	4	1	0.272696
4	9	4	2	0.341388
4	9	5	1	0.479240
4	9	5	2	0.978767
4	1	1	1	0.402749
4	1	1	2	0.720940
4	1	2	1	0.272696
4	1	2	2	0.341388
4	1	3	1	0.356456
4	1	3	2	0.428864
4	1	4	1	0.301833
4	1	4	2	0.416205
4	1	5	1	0.409180
4	1	5	2	0.741915
4	13	1	1	0.526181
4	13	1	2	1.144518
4	13	2	1	0.286163
4	13	2	2	0.374817
4	13	3	1	0.397708
4	13	3	2	0.465383
4	13	4	1	0.269695
4	13	4	2	0.334278
4	13	5	1	0.551002
4	13	5	2	1.234039
4	6	1	1	0.542629
4	6	1	2	1.203706
4	6	2	1	0.306076
4	6	2	2	0.427793
4	6	3	1	0.424417
4	6	3	2	0.487653
4	6	4	1	0.246353
4	6	4	2	0.289331
4	6	5	1	0.479240
4	6	5	2	0.978767
4	3	1	1	0.442913
4	3	1	2	0.854183
4	3	2	1	0.269695
4	3	2	2	0.334278
4	3	3	1	0.254672
4	3	3	2	0.307099
4	3	4	1	0.246870
4	3	4	2	0.290921
4	3	5	1	0.551002
4	3	5	2	1.234039
5	12	1	1	0.422358
5	12	1	2	0.785344
5	12	2	1	0.253223
5	12	2	2	0.298561
5	12	3	1	0.260803
5	12	3	2	0.317588
5	12	4	1	0.248870
5	12	4	2	0.295725
5	12	5	1	0.502258
5	12	5	2	1.059427
5	11	1	1	0.378104
5	11	1	2	0.641971
5	11	2	1	0.297717
5	11	2	2	0.405114
5	11	3	1	0.356456
5	11	3	2	0.428864
5	11	4	1	0.301833
5	11	4	2	0.416205
5	11	5	1	0.402749
5	11	5	2	0.720940
5	4	1	1	0.396426
5	4	1	2	0.700458
5	4	2	1	0.251580
5	4	2	2	0.295478
5	4	3	1	0.456768
5	4	3	2	0.513825
5	4	4	1	0.275847
5	4	4	2	0.348998
5	4	5	1	0.576712
5	4	5	2	1.327989
5	15	1	1	0.396426
5	15	1	2	0.700458
5	15	2	1	0.306076
5	15	2	2	0.427793
5	15	3	1	0.269185
5	15	3	2	0.330552
5	15	4	1	0.269695
5	15	4	2	0.334278
5	15	5	1	0.372215
5	15	5	2	0.623462
5	10	1	1	0.396426
5	10	1	2	0.700458
5	10	2	1	0.310446
5	10	2	2	0.439877
5	10	3	1	0.250401
5	10	3	2	0.298951
5	10	4	1	0.269695
5	10	4	2	0.334278
5	10	5	1	0.518107
5	10	5	2	1.115662
5	7	1	1	0.510132
5	7	1	2	1.087298
5	7	2	1	0.264155
5	7	2	2	0.321560
5	7	3	1	0.257483
5	7	3	2	0.312044
5	7	4	1	0.246504
5	7	4	2	0.287741
5	7	5	1	0.360770
5	7	5	2	0.587924
5	14	1	1	0.384103
5	14	1	2	0.660973
5	14	2	1	0.247870
5	14	2	2	0.289292
5	14	3	1	0.248870
5	14	3	2	0.295725
5	14	4	1	0.272696
5	14	4	2	0.341388
5	14	5	1	0.502258
5	14	5	2	1.059427
5	1	1	1	0.502258
5	1	1	2	1.059427
5	1	2	1	0.251580
5	1	2	2	0.295478
5	1	3	1	0.456768
5	1	3	2	0.513825
5	1	4	1	0.246131
5	1	4	2	0.288274
5	1	5	1	0.384103
5	1	5	2	0.660973
5	2	1	1	0.510132
5	2	1	2	1.087298
5	2	2	1	0.247069
5	2	2	2	0.288257
5	2	3	1	0.397708
5	2	3	2	0.465383
5	2	4	1	0.248870
5	2	4	2	0.295725
5	2	5	1	0.542629
5	2	5	2	1.203706
5	8	1	1	0.396426
5	8	1	2	0.700458
5	8	2	1	0.257070
5	8	2	2	0.306247
5	8	3	1	0.456768
5	8	3	2	0.513825
5	8	4	1	0.255055
5	8	4	2	0.302151
5	8	5	1	0.494484
5	8	5	2	1.032048
5	9	1	1	0.559473
5	9	1	2	1.264864
5	9	2	1	0.264155
5	9	2	2	0.321560
5	9	3	1	0.375359
5	9	3	2	0.446007
5	9	4	1	0.246131
5	9	4	2	0.288274
5	9	5	1	0.442913
5	9	5	2	0.854183
5	13	1	1	0.449973
5	13	1	2	0.878115
5	13	2	1	0.247870
5	13	2	2	0.289292
5	13	3	1	0.254672
5	13	3	2	0.307099
5	13	4	1	0.264155
5	13	4	2	0.321560
5	13	5	1	0.457136
5	13	5	2	0.902539
5	6	1	1	0.372215
5	6	1	2	0.623462
5	6	2	1	0.261626
5	6	2	2	0.315953
5	6	3	1	0.356456
5	6	3	2	0.428864
5	6	4	1	0.246131
5	6	4	2	0.288274
5	6	5	1	0.372215
5	6	5	2	0.623462
5	3	1	1	0.435957
5	3	1	2	0.830744
5	3	2	1	0.248895
5	3	2	2	0.290842
5	3	3	1	0.254672
5	3	3	2	0.307099
5	3	4	1	0.246353
5	3	4	2	0.289331
5	3	5	1	0.471770
5	3	5	2	0.952865
6	9	1	1	0.576712
6	9	1	2	1.327989
6	9	2	1	0.269695
6	9	2	2	0.334278
6	9	3	1	0.326472
6	9	3	2	0.399619
6	9	4	1	0.269695
6	9	4	2	0.334278
6	9	5	1	0.384103
6	9	5	2	0.660973
6	13	1	1	0.551002
6	13	1	2	1.234039
6	13	2	1	0.264155
6	13	2	2	0.321560
6	13	3	1	0.252324
6	13	3	2	0.302739
6	13	4	1	0.253223
6	13	4	2	0.298561
6	13	5	1	0.384103
6	13	5	2	0.660973
6	3	1	1	0.422358
6	3	1	2	0.785344
6	3	2	1	0.279143
6	3	2	2	0.357106
6	3	3	1	0.456768
6	3	3	2	0.513825
6	3	4	1	0.275847
6	3	4	2	0.348998
6	3	5	1	0.384103
6	3	5	2	0.660973
6	2	1	1	0.422358
6	2	1	2	0.785344
6	2	2	1	0.279143
6	2	2	2	0.357106
6	2	3	1	0.280358
6	2	3	2	0.346196
6	2	4	1	0.246187
6	2	4	2	0.287745
6	2	5	1	0.415716
6	2	5	2	0.763383
6	8	1	1	0.422358
6	8	1	2	0.785344
6	8	2	1	0.275847
6	8	2	2	0.348998
6	8	3	1	0.287219
6	8	3	2	0.355115
6	8	4	1	0.264155
6	8	4	2	0.321560
6	8	5	1	0.402749
6	8	5	2	0.720940
6	14	1	1	0.534355
6	14	1	2	1.173866
6	14	2	1	0.286163
6	14	2	2	0.374817
6	14	3	1	0.269185
6	14	3	2	0.330552
6	14	4	1	0.246870
6	14	4	2	0.290921
6	14	5	1	0.390210
6	14	5	2	0.680469
6	15	1	1	0.486811
6	15	1	2	1.005161
6	15	2	1	0.253223
6	15	2	2	0.298561
6	15	3	1	0.356456
6	15	3	2	0.428864
6	15	4	1	0.247702
6	15	4	2	0.293050
6	15	5	1	0.464402
6	15	5	2	0.927456
6	1	1	1	0.479240
6	1	1	2	0.978767
6	1	2	1	0.261626
6	1	2	2	0.315953
6	1	3	1	0.397708
6	1	3	2	0.465383
6	1	4	1	0.253223
6	1	4	2	0.298561
6	1	5	1	0.390210
6	1	5	2	0.680469
6	7	1	1	0.534355
6	7	1	2	1.173866
6	7	2	1	0.264155
6	7	2	2	0.321560
6	7	3	1	0.269185
6	7	3	2	0.330552
6	7	4	1	0.297717
6	7	4	2	0.405114
6	7	5	1	0.464402
6	7	5	2	0.927456
6	5	1	1	0.568043
6	5	1	2	1.296180
6	5	2	1	0.257070
6	5	2	2	0.306247
6	5	3	1	0.269185
6	5	3	2	0.330552
6	5	4	1	0.246504
6	5	4	2	0.287741
6	5	5	1	0.479240
6	5	5	2	0.978767
6	12	1	1	0.442913
6	12	1	2	0.854183
6	12	2	1	0.246504
6	12	2	2	0.287741
6	12	3	1	0.254672
6	12	3	2	0.307099
6	12	4	1	0.248870
6	12	4	2	0.295725
6	12	5	1	0.576712
6	12	5	2	1.327989
6	10	1	1	0.559473
6	10	1	2	1.264864
6	10	2	1	0.257070
6	10	2	2	0.306247
6	10	3	1	0.252324
6	10	3	2	0.302739
6	10	4	1	0.247870
6	10	4	2	0.289292
6	10	5	1	0.409180
6	10	5	2	0.741915
6	4	1	1	0.378104
6	4	1	2	0.641971
6	4	2	1	0.246504
6	4	2	2	0.287741
6	4	3	1	0.274382
6	4	3	2	0.338023
6	4	4	1	0.282583
6	4	4	2	0.365713
6	4	5	1	0.551002
6	4	5	2	1.234039
6	11	1	1	0.442913
6	11	1	2	0.854183
6	11	2	1	0.282583
6	11	2	2	0.365713
6	11	3	1	0.356456
6	11	3	2	0.428864
6	11	4	1	0.306076
6	11	4	2	0.427793
6	11	5	1	0.479240
6	11	5	2	0.978767
7	15	1	1	0.422358
7	15	1	2	0.785344
7	15	2	1	0.279143
7	15	2	2	0.357106
7	15	3	1	0.456768
7	15	3	2	0.513825
7	15	4	1	0.247702
7	15	4	2	0.293050
7	15	5	1	0.551002
7	15	5	2	1.234039
7	10	1	1	0.415716
7	10	1	2	0.763383
7	10	2	1	0.275847
7	10	2	2	0.348998
7	10	3	1	0.269185
7	10	3	2	0.330552
7	10	4	1	0.306076
7	10	4	2	0.427793
7	10	5	1	0.402749
7	10	5	2	0.720940
7	4	1	1	0.402749
7	4	1	2	0.720940
7	4	2	1	0.289880
7	4	2	2	0.384419
7	4	3	1	0.254672
7	4	3	2	0.307099
7	4	4	1	0.310446
7	4	4	2	0.439877
7	4	5	1	0.486811
7	4	5	2	1.005161
7	11	1	1	0.457136
7	11	1	2	0.902539
7	11	2	1	0.301833
7	11	2	2	0.416205
7	11	3	1	0.295088
7	11	3	2	0.364835
7	11	4	1	0.282583
7	11	4	2	0.365713
7	11	5	1	0.542629
7	11	5	2	1.203706
7	5	1	1	0.534355
7	5	1	2	1.173866
7	5	2	1	0.301833
7	5	2	2	0.416205
7	5	3	1	0.250401
7	5	3	2	0.298951
7	5	4	1	0.247069
7	5	4	2	0.288257
7	5	5	1	0.415716
7	5	5	2	0.763383
7	2	1	1	0.415716
7	2	1	2	0.763383
7	2	2	1	0.275847
7	2	2	2	0.348998
7	2	3	1	0.375359
7	2	3	2	0.446007
7	2	4	1	0.289880
7	2	4	2	0.384419
7	2	5	1	0.551002
7	2	5	2	1.234039
7	8	1	1	0.542629
7	8	1	2	1.203706
7	8	2	1	0.250135
7	8	2	2	0.292905
7	8	3	1	0.424417
7	8	3	2	0.487653
7	8	4	1	0.257070
7	8	4	2	0.306247
7	8	5	1	0.486811
7	8	5	2	1.005161
7	12	1	1	0.457136
7	12	1	2	0.902539
7	12	2	1	0.259262
7	12	2	2	0.310848
7	12	3	1	0.314502
7	12	3	2	0.386980
7	12	4	1	0.275847
7	12	4	2	0.348998
7	12	5	1	0.360770
7	12	5	2	0.587924
7	9	1	1	0.435957
7	9	1	2	0.830744
7	9	2	1	0.247069
7	9	2	2	0.288257
7	9	3	1	0.304119
7	9	3	2	0.375426
7	9	4	1	0.282583
7	9	4	2	0.365713
7	9	5	1	0.435957
7	9	5	2	0.830744
7	14	1	1	0.551002
7	14	1	2	1.234039
7	14	2	1	0.246131
7	14	2	2	0.288274
7	14	3	1	0.314502
7	14	3	2	0.386980
7	14	4	1	0.248870
7	14	4	2	0.295725
7	14	5	1	0.457136
7	14	5	2	0.902539
7	1	1	1	0.576712
7	1	1	2	1.327989
7	1	2	1	0.266846
7	1	2	2	0.327669
7	1	3	1	0.295088
7	1	3	2	0.364835
7	1	4	1	0.306076
7	1	4	2	0.427793
7	1	5	1	0.384103
7	1	5	2	0.660973
7	13	1	1	0.396426
7	13	1	2	0.700458
7	13	2	1	0.246131
7	13	2	2	0.288274
7	13	3	1	0.356456
7	13	3	2	0.428864
7	13	4	1	0.261626
7	13	4	2	0.315953
7	13	5	1	0.576712
7	13	5	2	1.327989
7	6	1	1	0.366437
7	6	1	2	0.605446
7	6	2	1	0.255055
7	6	2	2	0.302151
7	6	3	1	0.304119
7	6	3	2	0.375426
7	6	4	1	0.247702
7	6	4	2	0.293050
7	6	5	1	0.360770
7	6	5	2	0.587924
7	3	1	1	0.559473
7	3	1	2	1.264864
7	3	2	1	0.289880
7	3	2	2	0.384419
7	3	3	1	0.269185
7	3	3	2	0.330552
7	3	4	1	0.301833
7	3	4	2	0.416205
7	3	5	1	0.360770
7	3	5	2	0.587924
8	2	1	1	0.518107
8	2	1	2	1.115662
8	2	2	1	0.301833
8	2	2	2	0.416205
8	2	3	1	0.280358
8	2	3	2	0.346196
8	2	4	1	0.289880
8	2	4	2	0.384419
8	2	5	1	0.415716
8	2	5	2	0.763383
8	15	1	1	0.457136
8	15	1	2	0.902539
8	15	2	1	0.264155
8	15	2	2	0.321560
8	15	3	1	0.356456
8	15	3	2	0.428864
8	15	4	1	0.289880
8	15	4	2	0.384419
8	15	5	1	0.372215
8	15	5	2	0.623462
8	7	1	1	0.372215
8	7	1	2	0.623462
8	7	2	1	0.248870
8	7	2	2	0.295725
8	7	3	1	0.260803
8	7	3	2	0.317588
8	7	4	1	0.310446
8	7	4	2	0.439877
8	7	5	1	0.486811
8	7	5	2	1.005161
8	9	1	1	0.429105
8	9	1	2	0.807797
8	9	2	1	0.253223
8	9	2	2	0.298561
8	9	3	1	0.375359
8	9	3	2	0.446007
8	9	4	1	0.247702
8	9	4	2	0.293050
8	9	5	1	0.409180
8	9	5	2	0.741915
8	10	1	1	0.442913
8	10	1	2	0.854183
8	10	2	1	0.255055
8	10	2	2	0.302151
8	10	3	1	0.304119
8	10	3	2	0.375426
8	10	4	1	0.246870
8	10	4	2	0.290921
8	10	5	1	0.429105
8	10	5	2	0.807797
8	4	1	1	0.372215
8	4	1	2	0.623462
8	4	2	1	0.246504
8	4	2	2	0.287741
8	4	3	1	0.314502
8	4	3	2	0.386980
8	4	4	1	0.279143
8	4	4	2	0.357106
8	4	5	1	0.568043
8	4	5	2	1.296180
8	11	1	1	0.542629
8	11	1	2	1.203706
8	11	2	1	0.282583
8	11	2	2	0.365713
8	11	3	1	0.304119
8	11	3	2	0.375426
8	11	4	1	0.269695
8	11	4	2	0.334278
8	11	5	1	0.366437
8	11	5	2	0.605446
8	5	1	1	0.457136
8	5	1	2	0.902539
8	5	2	1	0.293733
8	5	2	2	0.394518
8	5	3	1	0.257483
8	5	3	2	0.312044
8	5	4	1	0.257070
8	5	4	2	0.306247
8	5	5	1	0.568043
8	5	5	2	1.296180
8	6	1	1	0.409180
8	6	1	2	0.741915
8	6	2	1	0.301833
8	6	2	2	0.416205
8	6	3	1	0.304119
8	6	3	2	0.375426
8	6	4	1	0.293733
8	6	4	2	0.394518
8	6	5	1	0.409180
8	6	5	2	0.741915
8	14	1	1	0.366437
8	14	1	2	0.605446
8	14	2	1	0.246504
8	14	2	2	0.287741
8	14	3	1	0.248870
8	14	3	2	0.295725
8	14	4	1	0.246131
8	14	4	2	0.288274
8	14	5	1	0.442913
8	14	5	2	0.854183
8	12	1	1	0.568043
8	12	1	2	1.296180
8	12	2	1	0.246187
8	12	2	2	0.287745
8	12	3	1	0.424417
8	12	3	2	0.487653
8	12	4	1	0.248895
8	12	4	2	0.290842
8	12	5	1	0.415716
8	12	5	2	0.763383
8	13	1	1	0.435957
8	13	1	2	0.830744
8	13	2	1	0.279143
8	13	2	2	0.357106
8	13	3	1	0.260803
8	13	3	2	0.317588
8	13	4	1	0.247069
8	13	4	2	0.288257
8	13	5	1	0.526181
8	13	5	2	1.144518
8	1	1	1	0.442913
8	1	1	2	0.854183
8	1	2	1	0.272696
8	1	2	2	0.341388
8	1	3	1	0.257483
8	1	3	2	0.312044
8	1	4	1	0.264155
8	1	4	2	0.321560
8	1	5	1	0.390210
8	1	5	2	0.680469
8	3	1	1	0.542629
8	3	1	2	1.203706
8	3	2	1	0.306076
8	3	2	2	0.427793
8	3	3	1	0.274382
8	3	3	2	0.338023
8	3	4	1	0.247870
8	3	4	2	0.289292
8	3	5	1	0.402749
8	3	5	2	0.720940
9	6	1	1	0.576712
9	6	1	2	1.327989
9	6	2	1	0.246504
9	6	2	2	0.287741
9	6	3	1	0.254672
9	6	3	2	0.307099
9	6	4	1	0.297717
9	6	4	2	0.405114
9	6	5	1	0.396426
9	6	5	2	0.700458
9	2	1	1	0.366437
9	2	1	2	0.605446
9	2	2	1	0.297717
9	2	2	2	0.405114
9	2	3	1	0.280358
9	2	3	2	0.346196
9	2	4	1	0.246131
9	2	4	2	0.288274
9	2	5	1	0.559473
9	2	5	2	1.264864
9	8	1	1	0.366437
9	8	1	2	0.605446
9	8	2	1	0.272696
9	8	2	2	0.341388
9	8	3	1	0.280358
9	8	3	2	0.346196
9	8	4	1	0.289880
9	8	4	2	0.384419
9	8	5	1	0.526181
9	8	5	2	1.144518
9	13	1	1	0.390210
9	13	1	2	0.680469
9	13	2	1	0.253223
9	13	2	2	0.298561
9	13	3	1	0.375359
9	13	3	2	0.446007
9	13	4	1	0.297717
9	13	4	2	0.405114
9	13	5	1	0.502258
9	13	5	2	1.059427
9	15	1	1	0.576712
9	15	1	2	1.327989
9	15	2	1	0.250135
9	15	2	2	0.292905
9	15	3	1	0.314502
9	15	3	2	0.386980
9	15	4	1	0.272696
9	15	4	2	0.341388
9	15	5	1	0.457136
9	15	5	2	0.902539
9	14	1	1	0.471770
9	14	1	2	0.952865
9	14	2	1	0.257070
9	14	2	2	0.306247
9	14	3	1	0.248870
9	14	3	2	0.295725
9	14	4	1	0.261626
9	14	4	2	0.315953
9	14	5	1	0.390210
9	14	5	2	0.680469
9	7	1	1	0.378104
9	7	1	2	0.641971
9	7	2	1	0.306076
9	7	2	2	0.427793
9	7	3	1	0.257483
9	7	3	2	0.312044
9	7	4	1	0.246870
9	7	4	2	0.290921
9	7	5	1	0.471770
9	7	5	2	0.952865
9	3	1	1	0.518107
9	3	1	2	1.115662
9	3	2	1	0.261626
9	3	2	2	0.315953
9	3	3	1	0.456768
9	3	3	2	0.513825
9	3	4	1	0.248870
9	3	4	2	0.295725
9	3	5	1	0.449973
9	3	5	2	0.878115
9	5	1	1	0.372215
9	5	1	2	0.623462
9	5	2	1	0.259262
9	5	2	2	0.310848
9	5	3	1	0.274382
9	5	3	2	0.338023
9	5	4	1	0.266846
9	5	4	2	0.327669
9	5	5	1	0.422358
9	5	5	2	0.785344
9	12	1	1	0.510132
9	12	1	2	1.087298
9	12	2	1	0.293733
9	12	2	2	0.394518
9	12	3	1	0.257483
9	12	3	2	0.312044
9	12	4	1	0.246504
9	12	4	2	0.287741
9	12	5	1	0.542629
9	12	5	2	1.203706
9	10	1	1	0.409180
9	10	1	2	0.741915
9	10	2	1	0.297717
9	10	2	2	0.405114
9	10	3	1	0.254672
9	10	3	2	0.307099
9	10	4	1	0.247702
9	10	4	2	0.293050
9	10	5	1	0.534355
9	10	5	2	1.173866
9	1	1	1	0.415716
9	1	1	2	0.763383
9	1	2	1	0.250135
9	1	2	2	0.292905
9	1	3	1	0.257483
9	1	3	2	0.312044
9	1	4	1	0.255055
9	1	4	2	0.302151
9	1	5	1	0.471770
9	1	5	2	0.952865
9	4	1	1	0.372215
9	4	1	2	0.623462
9	4	2	1	0.286163
9	4	2	2	0.374817
9	4	3	1	0.252324
9	4	3	2	0.302739
9	4	4	1	0.279143
9	4	4	2	0.357106
9	4	5	1	0.422358
9	4	5	2	0.785344
9	11	1	1	0.551002
9	11	1	2	1.234039
9	11	2	1	0.266846
9	11	2	2	0.327669
9	11	3	1	0.356456
9	11	3	2	0.428864
9	11	4	1	0.250135
9	11	4	2	0.292905
9	11	5	1	0.534355
9	11	5	2	1.173866
10	4	1	1	0.396426
10	4	1	2	0.700458
10	4	2	1	0.246353
10	4	2	2	0.289331
10	4	3	1	0.280358
10	4	3	2	0.346196
10	4	4	1	0.246353
10	4	4	2	0.289331
10	4	5	1	0.486811
10	4	5	2	1.005161
10	11	1	1	0.559473
10	11	1	2	1.264864
10	11	2	1	0.266846
10	11	2	2	0.327669
10	11	3	1	0.254672
10	11	3	2	0.307099
10	11	4	1	0.247069
10	11	4	2	0.288257
10	11	5	1	0.457136
10	11	5	2	0.902539
10	7	1	1	0.526181
10	7	1	2	1.144518
10	7	2	1	0.247702
10	7	2	2	0.293050
10	7	3	1	0.274382
10	7	3	2	0.338023
10	7	4	1	0.297717
10	7	4	2	0.405114
10	7	5	1	0.559473
10	7	5	2	1.264864
10	15	1	1	0.464402
10	15	1	2	0.927456
10	15	2	1	0.264155
10	15	2	2	0.321560
10	15	3	1	0.314502
10	15	3	2	0.386980
10	15	4	1	0.246353
10	15	4	2	0.289331
10	15	5	1	0.464402
10	15	5	2	0.927456
10	5	1	1	0.471770
10	5	1	2	0.952865
10	5	2	1	0.257070
10	5	2	2	0.306247
10	5	3	1	0.356456
10	5	3	2	0.428864
10	5	4	1	0.306076
10	5	4	2	0.427793
10	5	5	1	0.384103
10	5	5	2	0.660973
10	12	1	1	0.435957
10	12	1	2	0.830744
10	12	2	1	0.269695
10	12	2	2	0.334278
10	12	3	1	0.264683
10	12	3	2	0.323750
10	12	4	1	0.246187
10	12	4	2	0.287745
10	12	5	1	0.479240
10	12	5	2	0.978767
10	2	1	1	0.518107
10	2	1	2	1.115662
10	2	2	1	0.246131
10	2	2	2	0.288274
10	2	3	1	0.269185
10	2	3	2	0.330552
10	2	4	1	0.250135
10	2	4	2	0.292905
10	2	5	1	0.402749
10	2	5	2	0.720940
10	8	1	1	0.457136
10	8	1	2	0.902539
10	8	2	1	0.246131
10	8	2	2	0.288274
10	8	3	1	0.257483
10	8	3	2	0.312044
10	8	4	1	0.297717
10	8	4	2	0.405114
10	8	5	1	0.502258
10	8	5	2	1.059427
10	14	1	1	0.360770
10	14	1	2	0.587924
10	14	2	1	0.248895
10	14	2	2	0.290842
10	14	3	1	0.295088
10	14	3	2	0.364835
10	14	4	1	0.269695
10	14	4	2	0.334278
10	14	5	1	0.360770
10	14	5	2	0.587924
10	9	1	1	0.471770
10	9	1	2	0.952865
10	9	2	1	0.246504
10	9	2	2	0.287741
10	9	3	1	0.264683
10	9	3	2	0.323750
10	9	4	1	0.301833
10	9	4	2	0.416205
10	9	5	1	0.360770
10	9	5	2	0.587924
10	1	1	1	0.464402
10	1	1	2	0.927456
10	1	2	1	0.247702
10	1	2	2	0.293050
10	1	3	1	0.269185
10	1	3	2	0.330552
10	1	4	1	0.255055
10	1	4	2	0.302151
10	1	5	1	0.568043
10	1	5	2	1.296180
10	13	1	1	0.534355
10	13	1	2	1.173866
10	13	2	1	0.247069
10	13	2	2	0.288257
10	13	3	1	0.260803
10	13	3	2	0.317588
10	13	4	1	0.264155
10	13	4	2	0.321560
10	13	5	1	0.471770
10	13	5	2	0.952865
10	6	1	1	0.442913
10	6	1	2	0.854183
10	6	2	1	0.261626
10	6	2	2	0.315953
10	6	3	1	0.257483
10	6	3	2	0.312044
10	6	4	1	0.301833
10	6	4	2	0.416205
10	6	5	1	0.551002
10	6	5	2	1.234039
10	3	1	1	0.576712
10	3	1	2	1.327989
10	3	2	1	0.310446
10	3	2	2	0.439877
10	3	3	1	0.295088
10	3	3	2	0.364835
10	3	4	1	0.255055
10	3	4	2	0.302151
10	3	5	1	0.435957
10	3	5	2	0.830744
11	4	1	1	0.551002
11	4	1	2	1.234039
11	4	2	1	0.310446
11	4	2	2	0.439877
11	4	3	1	0.397708
11	4	3	2	0.465383
11	4	4	1	0.282583
11	4	4	2	0.365713
11	4	5	1	0.486811
11	4	5	2	1.005161
11	10	1	1	0.526181
11	10	1	2	1.144518
11	10	2	1	0.266846
11	10	2	2	0.327669
11	10	3	1	0.252324
11	10	3	2	0.302739
11	10	4	1	0.293733
11	10	4	2	0.394518
11	10	5	1	0.396426
11	10	5	2	0.700458
11	7	1	1	0.479240
11	7	1	2	0.978767
11	7	2	1	0.250135
11	7	2	2	0.292905
11	7	3	1	0.304119
11	7	3	2	0.375426
11	7	4	1	0.301833
11	7	4	2	0.416205
11	7	5	1	0.378104
11	7	5	2	0.641971
11	5	1	1	0.457136
11	5	1	2	0.902539
11	5	2	1	0.259262
11	5	2	2	0.310848
11	5	3	1	0.248870
11	5	3	2	0.295725
11	5	4	1	0.275847
11	5	4	2	0.348998
11	5	5	1	0.534355
11	5	5	2	1.173866
11	15	1	1	0.378104
11	15	1	2	0.641971
11	15	2	1	0.289880
11	15	2	2	0.384419
11	15	3	1	0.397708
11	15	3	2	0.465383
11	15	4	1	0.246187
11	15	4	2	0.287745
11	15	5	1	0.422358
11	15	5	2	0.785344
11	12	1	1	0.510132
11	12	1	2	1.087298
11	12	2	1	0.246504
11	12	2	2	0.287741
11	12	3	1	0.287219
11	12	3	2	0.355115
11	12	4	1	0.289880
11	12	4	2	0.384419
11	12	5	1	0.390210
11	12	5	2	0.680469
11	14	1	1	0.510132
11	14	1	2	1.087298
11	14	2	1	0.255055
11	14	2	2	0.302151
11	14	3	1	0.375359
11	14	3	2	0.446007
11	14	4	1	0.247870
11	14	4	2	0.289292
11	14	5	1	0.464402
11	14	5	2	0.927456
11	2	1	1	0.415716
11	2	1	2	0.763383
11	2	2	1	0.248870
11	2	2	2	0.295725
11	2	3	1	0.254672
11	2	3	2	0.307099
11	2	4	1	0.282583
11	2	4	2	0.365713
11	2	5	1	0.568043
11	2	5	2	1.296180
11	8	1	1	0.384103
11	8	1	2	0.660973
11	8	2	1	0.310446
11	8	2	2	0.439877
11	8	3	1	0.274382
11	8	3	2	0.338023
11	8	4	1	0.266846
11	8	4	2	0.327669
11	8	5	1	0.396426
11	8	5	2	0.700458
11	9	1	1	0.518107
11	9	1	2	1.115662
11	9	2	1	0.246353
11	9	2	2	0.289331
11	9	3	1	0.287219
11	9	3	2	0.355115
11	9	4	1	0.275847
11	9	4	2	0.348998
11	9	5	1	0.486811
11	9	5	2	1.005161
11	1	1	1	0.494484
11	1	1	2	1.032048
11	1	2	1	0.306076
11	1	2	2	0.427793
11	1	3	1	0.260803
11	1	3	2	0.317588
11	1	4	1	0.251580
11	1	4	2	0.295478
11	1	5	1	0.372215
11	1	5	2	0.623462
11	13	1	1	0.526181
11	13	1	2	1.144518
11	13	2	1	0.293733
11	13	2	2	0.394518
11	13	3	1	0.269185
11	13	3	2	0.330552
11	13	4	1	0.306076
11	13	4	2	0.427793
11	13	5	1	0.479240
11	13	5	2	0.978767
11	6	1	1	0.534355
11	6	1	2	1.173866
11	6	2	1	0.269695
11	6	2	2	0.334278
11	6	3	1	0.269185
11	6	3	2	0.330552
11	6	4	1	0.306076
11	6	4	2	0.427793
11	6	5	1	0.510132
11	6	5	2	1.087298
11	3	1	1	0.378104
11	3	1	2	0.641971
11	3	2	1	0.306076
11	3	2	2	0.427793
11	3	3	1	0.397708
11	3	3	2	0.465383
11	3	4	1	0.259262
11	3	4	2	0.310848
11	3	5	1	0.409180
11	3	5	2	0.741915
12	5	1	1	0.372215
12	5	1	2	0.623462
12	5	2	1	0.261626
12	5	2	2	0.315953
12	5	3	1	0.340328
12	5	3	2	0.413505
12	5	4	1	0.293733
12	5	4	2	0.394518
12	5	5	1	0.402749
12	5	5	2	0.720940
12	14	1	1	0.409180
12	14	1	2	0.741915
12	14	2	1	0.253223
12	14	2	2	0.298561
12	14	3	1	0.340328
12	14	3	2	0.413505
12	14	4	1	0.247069
12	14	4	2	0.288257
12	14	5	1	0.568043
12	14	5	2	1.296180
12	11	1	1	0.518107
12	11	1	2	1.115662
12	11	2	1	0.248895
12	11	2	2	0.290842
12	11	3	1	0.250401
12	11	3	2	0.298951
12	11	4	1	0.247702
12	11	4	2	0.293050
12	11	5	1	0.494484
12	11	5	2	1.032048
12	4	1	1	0.559473
12	4	1	2	1.264864
12	4	2	1	0.301833
12	4	2	2	0.416205
12	4	3	1	0.260803
12	4	3	2	0.317588
12	4	4	1	0.255055
12	4	4	2	0.302151
12	4	5	1	0.486811
12	4	5	2	1.005161
12	15	1	1	0.384103
12	15	1	2	0.660973
12	15	2	1	0.251580
12	15	2	2	0.295478
12	15	3	1	0.254672
12	15	3	2	0.307099
12	15	4	1	0.255055
12	15	4	2	0.302151
12	15	5	1	0.360770
12	15	5	2	0.587924
12	10	1	1	0.372215
12	10	1	2	0.623462
12	10	2	1	0.246870
12	10	2	2	0.290921
12	10	3	1	0.340328
12	10	3	2	0.413505
12	10	4	1	0.261626
12	10	4	2	0.315953
12	10	5	1	0.442913
12	10	5	2	0.854183
12	7	1	1	0.409180
12	7	1	2	0.741915
12	7	2	1	0.289880
12	7	2	2	0.384419
12	7	3	1	0.340328
12	7	3	2	0.413505
12	7	4	1	0.279143
12	7	4	2	0.357106
12	7	5	1	0.409180
12	7	5	2	0.741915
12	1	1	1	0.378104
12	1	1	2	0.641971
12	1	2	1	0.286163
12	1	2	2	0.374817
12	1	3	1	0.424417
12	1	3	2	0.487653
12	1	4	1	0.246504
12	1	4	2	0.287741
12	1	5	1	0.435957
12	1	5	2	0.830744
12	2	1	1	0.366437
12	2	1	2	0.605446
12	2	2	1	0.272696
12	2	2	2	0.341388
12	2	3	1	0.424417
12	2	3	2	0.487653
12	2	4	1	0.282583
12	2	4	2	0.365713
12	2	5	1	0.384103
12	2	5	2	0.660973
12	8	1	1	0.464402
12	8	1	2	0.927456
12	8	2	1	0.257070
12	8	2	2	0.306247
12	8	3	1	0.264683
12	8	3	2	0.323750
12	8	4	1	0.261626
12	8	4	2	0.315953
12	8	5	1	0.384103
12	8	5	2	0.660973
12	9	1	1	0.479240
12	9	1	2	0.978767
12	9	2	1	0.261626
12	9	2	2	0.315953
12	9	3	1	0.356456
12	9	3	2	0.428864
12	9	4	1	0.246353
12	9	4	2	0.289331
12	9	5	1	0.576712
12	9	5	2	1.327989
12	13	1	1	0.526181
12	13	1	2	1.144518
12	13	2	1	0.248895
12	13	2	2	0.290842
12	13	3	1	0.314502
12	13	3	2	0.386980
12	13	4	1	0.269695
12	13	4	2	0.334278
12	13	5	1	0.568043
12	13	5	2	1.296180
12	3	1	1	0.526181
12	3	1	2	1.144518
12	3	2	1	0.310446
12	3	2	2	0.439877
12	3	3	1	0.280358
12	3	3	2	0.346196
12	3	4	1	0.261626
12	3	4	2	0.315953
12	3	5	1	0.471770
12	3	5	2	0.952865
12	6	1	1	0.568043
12	6	1	2	1.296180
12	6	2	1	0.301833
12	6	2	2	0.416205
12	6	3	1	0.326472
12	6	3	2	0.399619
12	6	4	1	0.255055
12	6	4	2	0.302151
12	6	5	1	0.542629
12	6	5	2	1.203706
13	3	1	1	0.576712
13	3	1	2	1.327989
13	3	2	1	0.248870
13	3	2	2	0.295725
13	3	3	1	0.287219
13	3	3	2	0.355115
13	3	4	1	0.297717
13	3	4	2	0.405114
13	3	5	1	0.551002
13	3	5	2	1.234039
13	6	1	1	0.551002
13	6	1	2	1.234039
13	6	2	1	0.255055
13	6	2	2	0.302151
13	6	3	1	0.456768
13	6	3	2	0.513825
13	6	4	1	0.264155
13	6	4	2	0.321560
13	6	5	1	0.510132
13	6	5	2	1.087298
13	9	1	1	0.422358
13	9	1	2	0.785344
13	9	2	1	0.310446
13	9	2	2	0.439877
13	9	3	1	0.356456
13	9	3	2	0.428864
13	9	4	1	0.272696
13	9	4	2	0.341388
13	9	5	1	0.409180
13	9	5	2	0.741915
13	14	1	1	0.464402
13	14	1	2	0.927456
13	14	2	1	0.269695
13	14	2	2	0.334278
13	14	3	1	0.295088
13	14	3	2	0.364835
13	14	4	1	0.246504
13	14	4	2	0.287741
13	14	5	1	0.494484
13	14	5	2	1.032048
13	1	1	1	0.402749
13	1	1	2	0.720940
13	1	2	1	0.253223
13	1	2	2	0.298561
13	1	3	1	0.250401
13	1	3	2	0.298951
13	1	4	1	0.247069
13	1	4	2	0.288257
13	1	5	1	0.396426
13	1	5	2	0.700458
13	15	1	1	0.471770
13	15	1	2	0.952865
13	15	2	1	0.310446
13	15	2	2	0.439877
13	15	3	1	0.397708
13	15	3	2	0.465383
13	15	4	1	0.259262
13	15	4	2	0.310848
13	15	5	1	0.415716
13	15	5	2	0.763383
13	2	1	1	0.390210
13	2	1	2	0.680469
13	2	2	1	0.297717
13	2	2	2	0.405114
13	2	3	1	0.326472
13	2	3	2	0.399619
13	2	4	1	0.259262
13	2	4	2	0.310848
13	2	5	1	0.415716
13	2	5	2	0.763383
13	8	1	1	0.464402
13	8	1	2	0.927456
13	8	2	1	0.247870
13	8	2	2	0.289292
13	8	3	1	0.314502
13	8	3	2	0.386980
13	8	4	1	0.293733
13	8	4	2	0.394518
13	8	5	1	0.396426
13	8	5	2	0.700458
13	12	1	1	0.422358
13	12	1	2	0.785344
13	12	2	1	0.246504
13	12	2	2	0.287741
13	12	3	1	0.260803
13	12	3	2	0.317588
13	12	4	1	0.259262
13	12	4	2	0.310848
13	12	5	1	0.402749
13	12	5	2	0.720940
13	5	1	1	0.402749
13	5	1	2	0.720940
13	5	2	1	0.293733
13	5	2	2	0.394518
13	5	3	1	0.287219
13	5	3	2	0.355115
13	5	4	1	0.251580
13	5	4	2	0.295478
13	5	5	1	0.429105
13	5	5	2	0.807797
13	7	1	1	0.442913
13	7	1	2	0.854183
13	7	2	1	0.248870
13	7	2	2	0.295725
13	7	3	1	0.250401
13	7	3	2	0.298951
13	7	4	1	0.248895
13	7	4	2	0.290842
13	7	5	1	0.494484
13	7	5	2	1.032048
13	10	1	1	0.396426
13	10	1	2	0.700458
13	10	2	1	0.301833
13	10	2	2	0.416205
13	10	3	1	0.424417
13	10	3	2	0.487653
13	10	4	1	0.251580
13	10	4	2	0.295478
13	10	5	1	0.576712
13	10	5	2	1.327989
13	4	1	1	0.551002
13	4	1	2	1.234039
13	4	2	1	0.269695
13	4	2	2	0.334278
13	4	3	1	0.424417
13	4	3	2	0.487653
13	4	4	1	0.301833
13	4	4	2	0.416205
13	4	5	1	0.378104
13	4	5	2	0.641971
13	11	1	1	0.576712
13	11	1	2	1.327989
13	11	2	1	0.246353
13	11	2	2	0.289331
13	11	3	1	0.397708
13	11	3	2	0.465383
13	11	4	1	0.248895
13	11	4	2	0.290842
13	11	5	1	0.542629
13	11	5	2	1.203706
14	1	1	1	0.449973
14	1	1	2	0.878115
14	1	2	1	0.293733
14	1	2	2	0.394518
14	1	3	1	0.287219
14	1	3	2	0.355115
14	1	4	1	0.251580
14	1	4	2	0.295478
14	1	5	1	0.494484
14	1	5	2	1.032048
14	12	1	1	0.366437
14	12	1	2	0.605446
14	12	2	1	0.247702
14	12	2	2	0.293050
14	12	3	1	0.314502
14	12	3	2	0.386980
14	12	4	1	0.275847
14	12	4	2	0.348998
14	12	5	1	0.568043
14	12	5	2	1.296180
14	5	1	1	0.457136
14	5	1	2	0.902539
14	5	2	1	0.286163
14	5	2	2	0.374817
14	5	3	1	0.326472
14	5	3	2	0.399619
14	5	4	1	0.286163
14	5	4	2	0.374817
14	5	5	1	0.471770
14	5	5	2	0.952865
14	13	1	1	0.457136
14	13	1	2	0.902539
14	13	2	1	0.248870
14	13	2	2	0.295725
14	13	3	1	0.274382
14	13	3	2	0.338023
14	13	4	1	0.246187
14	13	4	2	0.287745
14	13	5	1	0.471770
14	13	5	2	0.952865
14	15	1	1	0.409180
14	15	1	2	0.741915
14	15	2	1	0.247702
14	15	2	2	0.293050
14	15	3	1	0.280358
14	15	3	2	0.346196
14	15	4	1	0.301833
14	15	4	2	0.416205
14	15	5	1	0.510132
14	15	5	2	1.087298
14	3	1	1	0.457136
14	3	1	2	0.902539
14	3	2	1	0.301833
14	3	2	2	0.416205
14	3	3	1	0.314502
14	3	3	2	0.386980
14	3	4	1	0.255055
14	3	4	2	0.302151
14	3	5	1	0.390210
14	3	5	2	0.680469
14	9	1	1	0.457136
14	9	1	2	0.902539
14	9	2	1	0.259262
14	9	2	2	0.310848
14	9	3	1	0.314502
14	9	3	2	0.386980
14	9	4	1	0.246870
14	9	4	2	0.290921
14	9	5	1	0.449973
14	9	5	2	0.878115
14	7	1	1	0.494484
14	7	1	2	1.032048
14	7	2	1	0.257070
14	7	2	2	0.306247
14	7	3	1	0.257483
14	7	3	2	0.312044
14	7	4	1	0.250135
14	7	4	2	0.292905
14	7	5	1	0.464402
14	7	5	2	0.927456
14	4	1	1	0.559473
14	4	1	2	1.264864
14	4	2	1	0.246131
14	4	2	2	0.288274
14	4	3	1	0.304119
14	4	3	2	0.375426
14	4	4	1	0.246131
14	4	4	2	0.288274
14	4	5	1	0.435957
14	4	5	2	0.830744
14	11	1	1	0.471770
14	11	1	2	0.952865
14	11	2	1	0.269695
14	11	2	2	0.334278
14	11	3	1	0.250401
14	11	3	2	0.298951
14	11	4	1	0.266846
14	11	4	2	0.327669
14	11	5	1	0.559473
14	11	5	2	1.264864
14	10	1	1	0.559473
14	10	1	2	1.264864
14	10	2	1	0.272696
14	10	2	2	0.341388
14	10	3	1	0.280358
14	10	3	2	0.346196
14	10	4	1	0.250135
14	10	4	2	0.292905
14	10	5	1	0.471770
14	10	5	2	0.952865
14	2	1	1	0.378104
14	2	1	2	0.641971
14	2	2	1	0.264155
14	2	2	2	0.321560
14	2	3	1	0.295088
14	2	3	2	0.364835
14	2	4	1	0.246353
14	2	4	2	0.289331
14	2	5	1	0.449973
14	2	5	2	0.878115
14	8	1	1	0.534355
14	8	1	2	1.173866
14	8	2	1	0.246353
14	8	2	2	0.289331
14	8	3	1	0.269185
14	8	3	2	0.330552
14	8	4	1	0.259262
14	8	4	2	0.310848
14	8	5	1	0.402749
14	8	5	2	0.720940
14	6	1	1	0.409180
14	6	1	2	0.741915
14	6	2	1	0.246131
14	6	2	2	0.288274
14	6	3	1	0.287219
14	6	3	2	0.355115
14	6	4	1	0.246187
14	6	4	2	0.287745
14	6	5	1	0.390210
14	6	5	2	0.680469
15	7	1	1	0.542629
15	7	1	2	1.203706
15	7	2	1	0.310446
15	7	2	2	0.439877
15	7	3	1	0.287219
15	7	3	2	0.355115
15	7	4	1	0.286163
15	7	4	2	0.374817
15	7	5	1	0.576712
15	7	5	2	1.327989
15	10	1	1	0.429105
15	10	1	2	0.807797
15	10	2	1	0.286163
15	10	2	2	0.374817
15	10	3	1	0.340328
15	10	3	2	0.413505
15	10	4	1	0.310446
15	10	4	2	0.439877
15	10	5	1	0.449973
15	10	5	2	0.878115
15	5	1	1	0.510132
15	5	1	2	1.087298
15	5	2	1	0.246504
15	5	2	2	0.287741
15	5	3	1	0.274382
15	5	3	2	0.338023
15	5	4	1	0.255055
15	5	4	2	0.302151
15	5	5	1	0.429105
15	5	5	2	0.807797
15	4	1	1	0.479240
15	4	1	2	0.978767
15	4	2	1	0.255055
15	4	2	2	0.302151
15	4	3	1	0.287219
15	4	3	2	0.355115
15	4	4	1	0.247069
15	4	4	2	0.288257
15	4	5	1	0.486811
15	4	5	2	1.005161
15	11	1	1	0.471770
15	11	1	2	0.952865
15	11	2	1	0.310446
15	11	2	2	0.439877
15	11	3	1	0.252324
15	11	3	2	0.302739
15	11	4	1	0.272696
15	11	4	2	0.341388
15	11	5	1	0.479240
15	11	5	2	0.978767
15	2	1	1	0.568043
15	2	1	2	1.296180
15	2	2	1	0.279143
15	2	2	2	0.357106
15	2	3	1	0.248870
15	2	3	2	0.295725
15	2	4	1	0.246504
15	2	4	2	0.287741
15	2	5	1	0.449973
15	2	5	2	0.878115
15	8	1	1	0.576712
15	8	1	2	1.327989
15	8	2	1	0.286163
15	8	2	2	0.374817
15	8	3	1	0.257483
15	8	3	2	0.312044
15	8	4	1	0.310446
15	8	4	2	0.439877
15	8	5	1	0.384103
15	8	5	2	0.660973
15	12	1	1	0.576712
15	12	1	2	1.327989
15	12	2	1	0.306076
15	12	2	2	0.427793
15	12	3	1	0.254672
15	12	3	2	0.307099
15	12	4	1	0.310446
15	12	4	2	0.439877
15	12	5	1	0.494484
15	12	5	2	1.032048
15	14	1	1	0.415716
15	14	1	2	0.763383
15	14	2	1	0.306076
15	14	2	2	0.427793
15	14	3	1	0.375359
15	14	3	2	0.446007
15	14	4	1	0.297717
15	14	4	2	0.405114
15	14	5	1	0.576712
15	14	5	2	1.327989
15	9	1	1	0.559473
15	9	1	2	1.264864
15	9	2	1	0.246187
15	9	2	2	0.287745
15	9	3	1	0.250401
15	9	3	2	0.298951
15	9	4	1	0.293733
15	9	4	2	0.394518
15	9	5	1	0.360770
15	9	5	2	0.587924
15	1	1	1	0.429105
15	1	1	2	0.807797
15	1	2	1	0.301833
15	1	2	2	0.416205
15	1	3	1	0.280358
15	1	3	2	0.346196
15	1	4	1	0.301833
15	1	4	2	0.416205
15	1	5	1	0.449973
15	1	5	2	0.878115
15	13	1	1	0.471770
15	13	1	2	0.952865
15	13	2	1	0.286163
15	13	2	2	0.374817
15	13	3	1	0.295088
15	13	3	2	0.364835
15	13	4	1	0.259262
15	13	4	2	0.310848
15	13	5	1	0.518107
15	13	5	2	1.115662
15	6	1	1	0.494484
15	6	1	2	1.032048
15	6	2	1	0.310446
15	6	2	2	0.439877
15	6	3	1	0.424417
15	6	3	2	0.487653
15	6	4	1	0.257070
15	6	4	2	0.306247
15	6	5	1	0.486811
15	6	5	2	1.005161
15	3	1	1	0.415716
15	3	1	2	0.763383
15	3	2	1	0.246353
15	3	2	2	0.289331
15	3	3	1	0.456768
15	3	3	2	0.513825
15	3	4	1	0.247069
15	3	4	2	0.288257
15	3	5	1	0.576712
15	3	5	2	1.327989
0	9	1	1	0.576712
0	9	1	2	1.327989
0	9	2	1	0.264155
0	9	2	2	0.321560
0	9	3	1	0.295088
0	9	3	2	0.364835
0	9	4	1	0.297717
0	9	4	2	0.405114
0	9	5	1	0.471770
0	9	5	2	0.952865
0	14	1	1	0.534355
0	14	1	2	1.173866
0	14	2	1	0.301833
0	14	2	2	0.416205
0	14	3	1	0.295088
0	14	3	2	0.364835
0	14	4	1	0.247069
0	14	4	2	0.288257
0	14	5	1	0.422358
0	14	5	2	0.785344
0	15	1	1	0.442913
0	15	1	2	0.854183
0	15	2	1	0.259262
0	15	2	2	0.310848
0	15	3	1	0.356456
0	15	3	2	0.428864
0	15	4	1	0.255055
0	15	4	2	0.302151
0	15	5	1	0.471770
0	15	5	2	0.952865
0	13	1	1	0.409180
0	13	1	2	0.741915
0	13	2	1	0.250135
0	13	2	2	0.292905
0	13	3	1	0.424417
0	13	3	2	0.487653
0	13	4	1	0.257070
0	13	4	2	0.306247
0	13	5	1	0.390210
0	13	5	2	0.680469
0	2	1	1	0.471770
0	2	1	2	0.952865
0	2	2	1	0.248870
0	2	2	2	0.295725
0	2	3	1	0.375359
0	2	3	2	0.446007
0	2	4	1	0.282583
0	2	4	2	0.365713
0	2	5	1	0.409180
0	2	5	2	0.741915
0	8	1	1	0.464402
0	8	1	2	0.927456
0	8	2	1	0.275847
0	8	2	2	0.348998
0	8	3	1	0.260803
0	8	3	2	0.317588
0	8	4	1	0.266846
0	8	4	2	0.327669
0	8	5	1	0.366437
0	8	5	2	0.605446
0	5	1	1	0.366437
0	5	1	2	0.605446
0	5	2	1	0.259262
0	5	2	2	0.310848
0	5	3	1	0.304119
0	5	3	2	0.375426
0	5	4	1	0.272696
0	5	4	2	0.341388
0	5	5	1	0.576712
0	5	5	2	1.327989
0	7	1	1	0.526181
0	7	1	2	1.144518
0	7	2	1	0.248895
0	7	2	2	0.290842
0	7	3	1	0.254672
0	7	3	2	0.307099
0	7	4	1	0.269695
0	7	4	2	0.334278
0	7	5	1	0.551002
0	7	5	2	1.234039
0	6	1	1	0.384103
0	6	1	2	0.660973
0	6	2	1	0.310446
0	6	2	2	0.439877
0	6	3	1	0.257483
0	6	3	2	0.312044
0	6	4	1	0.248870
0	6	4	2	0.295725
0	6	5	1	0.568043
0	6	5	2	1.296180
0	12	1	1	0.502258
0	12	1	2	1.059427
0	12	2	1	0.253223
0	12	2	2	0.298561
0	12	3	1	0.269185
0	12	3	2	0.330552
0	12	4	1	0.272696
0	12	4	2	0.341388
0	12	5	1	0.576712
0	12	5	2	1.327989
0	1	1	1	0.360770
0	1	1	2	0.587924
0	1	2	1	0.253223
0	1	2	2	0.298561
0	1	3	1	0.295088
0	1	3	2	0.364835
0	1	4	1	0.289880
0	1	4	2	0.384419
0	1	5	1	0.568043
0	1	5	2	1.296180
0	10	1	1	0.551002
0	10	1	2	1.234039
0	10	2	1	0.306076
0	10	2	2	0.427793
0	10	3	1	0.456768
0	10	3	2	0.513825
0	10	4	1	0.257070
0	10	4	2	0.306247
0	10	5	1	0.471770
0	10	5	2	0.952865
0	3	1	1	0.526181
0	3	1	2	1.144518
0	3	2	1	0.264155
0	3	2	2	0.321560
0	3	3	1	0.252324
0	3	3	2	0.302739
0	3	4	1	0.247069
0	3	4	2	0.288257
0	3	5	1	0.396426
0	3	5	2	0.700458
0	4	1	1	0.551002
0	4	1	2	1.234039
0	4	2	1	0.297717
0	4	2	2	0.405114
0	4	3	1	0.314502
0	4	3	2	0.386980
0	4	4	1	0.251580
0	4	4	2	0.295478
0	4	5	1	0.551002
0	4	5	2	1.234039
0	11	1	1	0.396426
0	11	1	2	0.700458
0	11	2	1	0.269695
0	11	2	2	0.334278
0	11	3	1	0.326472
0	11	3	2	0.399619
0	11	4	1	0.257070
0	11	4	2	0.306247
0	11	5	1	0.435957
0	11	5	2	0.830744
9	0	1	1	0.415716
9	0	1	2	0.763383
9	0	2	1	0.282583
9	0	2	2	0.365713
9	0	3	1	0.295088
9	0	3	2	0.364835
9	0	4	1	0.275847
9	0	4	2	0.348998
9	0	5	1	0.518107
9	0	5	2	1.115662
14	0	1	1	0.502258
14	0	1	2	1.059427
14	0	2	1	0.257070
14	0	2	2	0.306247
14	0	3	1	0.252324
14	0	3	2	0.302739
14	0	4	1	0.248870
14	0	4	2	0.295725
14	0	5	1	0.568043
14	0	5	2	1.296180
15	0	1	1	0.559473
15	0	1	2	1.264864
15	0	2	1	0.259262
15	0	2	2	0.310848
15	0	3	1	0.375359
15	0	3	2	0.446007
15	0	4	1	0.272696
15	0	4	2	0.341388
15	0	5	1	0.502258
15	0	5	2	1.059427
13	0	1	1	0.409180
13	0	1	2	0.741915
13	0	2	1	0.266846
13	0	2	2	0.327669
13	0	3	1	0.248870
13	0	3	2	0.295725
13	0	4	1	0.257070
13	0	4	2	0.306247
13	0	5	1	0.360770
13	0	5	2	0.587924
2	0	1	1	0.534355
2	0	1	2	1.173866
2	0	2	1	0.261626
2	0	2	2	0.315953
2	0	3	1	0.397708
2	0	3	2	0.465383
2	0	4	1	0.246504
2	0	4	2	0.287741
2	0	5	1	0.494484
2	0	5	2	1.032048
8	0	1	1	0.372215
8	0	1	2	0.623462
8	0	2	1	0.266846
8	0	2	2	0.327669
8	0	3	1	0.254672
8	0	3	2	0.307099
8	0	4	1	0.297717
8	0	4	2	0.405114
8	0	5	1	0.479240
8	0	5	2	0.978767
5	0	1	1	0.457136
5	0	1	2	0.902539
5	0	2	1	0.246353
5	0	2	2	0.289331
5	0	3	1	0.260803
5	0	3	2	0.317588
5	0	4	1	0.247702
5	0	4	2	0.293050
5	0	5	1	0.534355
5	0	5	2	1.173866
7	0	1	1	0.409180
7	0	1	2	0.741915
7	0	2	1	0.247069
7	0	2	2	0.288257
7	0	3	1	0.269185
7	0	3	2	0.330552
7	0	4	1	0.246187
7	0	4	2	0.287745
7	0	5	1	0.551002
7	0	5	2	1.234039
6	0	1	1	0.559473
6	0	1	2	1.264864
6	0	2	1	0.247702
6	0	2	2	0.293050
6	0	3	1	0.252324
6	0	3	2	0.302739
6	0	4	1	0.275847
6	0	4	2	0.348998
6	0	5	1	0.429105
6	0	5	2	0.807797
12	0	1	1	0.471770
12	0	1	2	0.952865
12	0	2	1	0.269695
12	0	2	2	0.334278
12	0	3	1	0.260803
12	0	3	2	0.317588
12	0	4	1	0.248895
12	0	4	2	0.290842
12	0	5	1	0.366437
12	0	5	2	0.605446
1	0	1	1	0.442913
1	0	1	2	0.854183
1	0	2	1	0.247870
1	0	2	2	0.289292
1	0	3	1	0.314502
1	0	3	2	0.386980
1	0	4	1	0.264155
1	0	4	2	0.321560
1	0	5	1	0.442913
1	0	5	2	0.854183
10	0	1	1	0.360770
10	0	1	2	0.587924
10	0	2	1	0.257070
10	0	2	2	0.306247
10	0	3	1	0.295088
10	0	3	2	0.364835
10	0	4	1	0.275847
10	0	4	2	0.348998
10	0	5	1	0.486811
10	0	5	2	1.005161
3	0	1	1	0.449973
3	0	1	2	0.878115
3	0	2	1	0.247702
3	0	2	2	0.293050
3	0	3	1	0.257483
3	0	3	2	0.312044
3	0	4	1	0.255055
3	0	4	2	0.302151
3	0	5	1	0.372215
3	0	5	2	0.623462
4	0	1	1	0.442913
4	0	1	2	0.854183
4	0	2	1	0.246870
4	0	2	2	0.290921
4	0	3	1	0.356456
4	0	3	2	0.428864
4	0	4	1	0.264155
4	0	4	2	0.321560
4	0	5	1	0.568043
4	0	5	2	1.296180
11	0	1	1	0.542629
11	0	1	2	1.203706
11	0	2	1	0.269695
11	0	2	2	0.334278
11	0	3	1	0.304119
11	0	3	2	0.375426
11	0	4	1	0.257070
11	0	4	2	0.306247
11	0	5	1	0.422358
11	0	5	2	0.785344
;
